id,BluAPP201006250
info,visteam,DanAPP
info,hometeam,BluAPP
info,date,2010/06/25
start,575508,Ramon Flores,0,1,9
start,594935,Jason Mowry,0,2,8
start,594886,Barrett Kleinknecht,0,3,6
start,519345,Joseph Terdoslavich,0,4,5
start,594828,Evan Gattis,0,5,10
start,572258,Jace Whitmer,0,6,2
start,571599,Jakob Dalfonso,0,7,3
start,573640,Jim Linger,0,8,4
start,594819,Kenny Fleming,0,9,7
start,571873,Lucas La Point,0,0,1
start,500161,Javier Santana,1,1,6
start,525988,Moises Ciriaco,1,2,4
start,572245,Brenden Webb,1,3,10
start,573220,Joseph Velleggia,1,4,3
start,594934,Michael Mosby,1,5,5
start,594785,Christopher Clinton,1,6,9
start,489314,Jeremy Shelby,1,7,8
start,516653,Dashenko Ricardo,1,8,2
start,543024,Edwin Cintron,1,9,7
start,501465,Daurin Tavarez,1,0,1
play,1,0,575508,,,D8/F,75.30,76.31
play,1,0,594935,,,7/F.2-3,71.29,119.48
play,1,0,594886,,,63/G.3-H,111.45,165.66
play,1,0,519345,,,53/G,109.44,176.71
play,1,1,500161,,,3/G,152.61,181.73
play,1,1,525988,,,43/G,139.56,160.64
play,1,1,572245,,,K
play,2,0,594828,,,K
play,2,0,572258,,,E6,114.46,165.66
play,2,0,571599,,,3/G.1-3(E3)(E3/TH),147.59,183.73
play,2,0,573640,,,W
play,2,0,594819,,,7/L,80.32,109.44
play,2,1,573220,,,W
play,2,1,594934,,,64(1)3/GDP/G6,112.45,166.67
play,2,1,594785,,,D7/F,49.20,108.43
play,2,1,489314,,,8/L,125.50,82.33
play,3,0,575508,,,K
play,3,0,594935,,,S7/G,67.27,126.51
play,3,0,594886,,,7/F,75.30,120.48
play,3,0,519345,,,4/P,133.53,160.64
play,3,1,516653,,,9/F,181.73,107.43
play,3,1,543024,,,S5/G,108.43,181.73
play,3,1,500161,,,FC5/G.1X2(54);B-1,104.42,178.71
play,3,1,525988,,,CS2
play,4,0,594828,,,8/F,123.49,82.33
play,4,0,572258,,,7/F,67.27,115.46
play,4,0,571599,,,6/P,112.45,161.65
play,4,1,525988,,,W
play,4,1,572245,,,K
play,4,1,573220,,,K
play,4,1,594934,,,D7/L.1-H,36.14,109.44
play,4,1,594785,,,K
play,5,0,573640,,,E6,112.45,169.68
play,5,0,594819,,,63/G.1-2,113.45,169.68
play,5,0,575508,,,S9/F.2-3,177.71,130.52
play,5,0,594935,,,64(1)3/GDP/G6,112.45,164.66
play,5,1,489314,,,K
play,5,1,516653,,,63/G,113.45,167.67
play,5,1,543024,,,K
play,6,0,594886,,,53/G,106.43,177.71
play,6,0,519345,,,D7/F,50.20,102.41
play,6,0,594828,,,D7/L.2-H,39.16,109.44
play,6,0,572258,,,53/G,104.42,179.72
play,6,0,571599,,,8/F,126.51,89.36
play,6,1,500161,,,NP
sub,572911,Jamie Hayes,0,0,1
play,6,1,500161,,,8/F,138.55,67.27
play,6,1,525988,,,W
play,6,1,572245,,,CS2
play,6,1,572245,,,W
play,6,1,573220,,,7/F,62.25,109.44
play,7,0,573640,,,NP
sub,516763,Eiris Ramirez,1,0,1
play,7,0,573640,,,S6/G,117.47,155.62
play,7,0,placeholder,,,NP
sub,595212,Jarred Frierson,0,8,12
play,7,0,placeholder,,,PO1(E?).1-2
play,7,0,594819,,,T8/L.2-H,131.53,63.25
play,7,0,575508,,,9/F,175.70,124.50
play,7,0,594935,,,S8/F.3-H,125.50,111.45
play,7,0,594886,,,D7/L.1-H,68.27,90.36
play,7,0,519345,,,PO2(E?).2-3
play,7,0,519345,,,E4.3-H,106.43,181.73
play,7,0,594828,,,D7/F.1-H,89.36,75.30
play,7,0,572258,,,63/G.2-3,115.46,167.67
play,7,0,571599,,,43/G,142.57,156.63
play,7,1,594934,,,NP
sub,595212,Jarred Frierson,0,8,4
play,7,1,594934,,,9/F,192.77,106.43
play,7,1,594785,,,63/G,107.43,161.65
play,7,1,489314,,,43/G,140.56,161.65
play,8,0,595212,,,NP
sub,595429,Travis Strong,1,0,1
play,8,0,595212,,,E6/TH,114.46,158.63
play,8,0,594819,,,7/F,63.25,115.46
play,8,0,575508,,,4/P,137.55,160.64
play,8,0,594935,,,43/G,135.54,159.64
play,8,1,516653,,,NP
sub,501592,Daniel Falcon,0,1,9
play,8,1,543024,,,NP
sub,592501,Matthew Lewis,0,0,1
play,8,1,516653,,,W
play,8,1,543024,,,3/G.1-2,152.61,177.71
play,8,1,500161,,,W
play,8,1,525988,,,FC6/G.1X2(64);2-3;B-1,117.47,167.67
play,8,1,572245,,,W.1-2
play,8,1,573220,,,PB.1-2;2-3;3-H
play,8,1,573220,,,K
play,9,0,594886,,,NP
sub,504322,Sam Taveras,1,0,1
play,9,0,594886,,,9/F,187.75,107.43
play,9,0,519345,,,S7/G,74.30,119.48
play,9,0,594828,,,HP.1-2
play,9,0,572258,,,NP
sub,595176,Ryan Delgado,0,6,11
play,9,0,595176,,,S8/L.1-2;2-H,117.47,105.42
play,9,0,571599,,,S7/L.1-2;2-H,68.27,130.52
play,9,0,595212,,,K
play,9,0,594819,,,S7/F.1-2;2-3,79.32,122.49
play,9,0,501592,,,FC6/G.1X2(64),115.46,166.67
play,9,1,594934,,,NP
sub,595176,Ryan Delgado,0,6,2
play,9,1,594934,,,D9/F,193.78,106.43
play,9,1,594785,,,WP.2-3
play,9,1,594785,,,W
play,9,1,489314,,,PO1(113)
play,9,1,489314,,,E5.3-H,101.41,175.70
play,9,1,516653,,,NP
sub,542562,Edigson Mora,0,0,1
play,9,1,516653,,,NP
sub,595611,Riley Hornback,1,8,11
play,9,1,595611,,,SB2
play,9,1,595611,,,W
play,9,1,543024,,,9/F.1-3(E9/TH);2-H,170.68,116.47
play,9,1,500161,,,K
id,BluAPP201006260
info,visteam,DanAPP
info,hometeam,BluAPP
info,date,2010/06/26
start,575508,Ramon Flores,0,1,8
start,542975,Robert Brooks,0,2,4
start,594886,Barrett Kleinknecht,0,3,6
start,594828,Evan Gattis,0,4,2
start,519345,Joseph Terdoslavich,0,5,5
start,572258,Jace Whitmer,0,6,10
start,517424,Alberto Odreman,0,7,3
start,501592,Daniel Falcon,0,8,9
start,506916,Bobby Rauh,0,9,7
start,592303,David Filak,0,0,1
start,572932,Kyle Hoppy,1,1,7
start,525988,Moises Ciriaco,1,2,4
start,501531,Luis Ramirez,1,3,9
start,594934,Michael Mosby,1,4,5
start,543848,Corey Thomas,1,5,3
start,572000,Michael Ohlman,1,6,2
start,595611,Riley Hornback,1,7,10
start,489314,Jeremy Shelby,1,8,8
start,595041,Vincent Zazueta,1,9,6
start,594984,Cameron Roth,1,0,1
play,1,0,575508,,,K
play,1,0,542975,,,3/G,151.61,181.73
play,1,0,594886,,,63/G,109.44,165.66
play,1,1,572932,,,W
play,1,1,525988,,,43/G.1-2,137.55,160.64
play,1,1,501531,,,53/G,108.43,182.73
play,1,1,594934,,,W
play,1,1,543848,,,W.1-2;2-3
play,1,1,572000,,,K
play,2,0,594828,,,S9/F,178.71,133.53
play,2,0,519345,,,7/F,73.29,123.49
play,2,0,572258,,,S8/G.1-2,115.46,108.43
play,2,0,517424,,,S9/G.1-2;2-3,176.71,129.52
play,2,0,501592,,,FC6/G.1X2(64);2-3;3-H;B-1,113.45,175.70
play,2,0,506916,,,W.1-2
play,2,0,575508,,,S8/G.1-3;2-H;3-H,121.49,116.47
play,2,0,542975,,,NP
sub,575769,Billy Gross,1,0,1
play,2,0,542975,,,T8/F.1-H;3-H,87.35,68.27
play,2,0,594886,,,63/G,113.45,166.67
play,2,1,595611,,,43/G,134.54,161.65
play,2,1,489314,,,8/F,111.45,75.30
play,2,1,595041,,,K
play,3,0,594828,,,53/G,103.41,179.72
play,3,0,519345,,,S8/G,116.47,104.42
play,3,0,572258,,,SB2
play,3,0,572258,,,4/L,132.53,160.64
play,3,0,517424,,,W
play,3,0,501592,,,9/F,174.70,105.42
play,3,1,572932,,,K23
play,3,1,525988,,,8/F,124.50,74.30
play,3,1,501531,,,E5,106.43,167.67
play,3,1,594934,,,9/F,198.80,104.42
play,4,0,506916,,,7/F,67.27,101.41
play,4,0,575508,,,9/F,193.78,109.44
play,4,0,542975,,,4/P,144.58,160.64
play,4,1,543848,,,NP
sub,592741,Chasen Shreve,0,0,1
play,4,1,543848,,,53/G,98.39,175.70
play,4,1,572000,,,HP
play,4,1,595611,,,K
play,4,1,489314,,,3/G,143.57,182.73
play,5,0,594886,,,HR/F,34.14,57.23
play,5,0,594828,,,K
play,5,0,519345,,,8/F,110.44,84.34
play,5,0,572258,,,6/P,112.45,167.67
play,5,1,595041,,,S1/BG,123.49,190.76
play,5,1,572932,,,S1/BG.1-2,124.50,188.76
play,5,1,525988,,,64(1)3/GDP/G6.2-3,110.44,170.68
play,5,1,501531,,,7/FF,61.24,154.62
play,6,0,517424,,,S7/G,70.28,116.47
play,6,0,501592,,,D8/F.1-3,132.53,107.43
play,6,0,506916,,,5/PF,102.41,200.80
play,6,0,575508,,,S7/F.2-3;3-H,75.30,127.51
play,6,0,542975,,,46(1)3/GDP/G4,138.55,171.69
play,6,1,594934,,,NP
sub,595176,Ryan Delgado,0,4,2
play,6,1,543848,,,NP
sub,595212,Jarred Frierson,0,1,7
play,6,1,572000,,,NP
sub,594819,Kenny Fleming,0,8,9
play,6,1,595611,,,NP
sub,506916,Bobby Rauh,0,9,8
play,6,1,594934,,,D9/F,200.80,89.36
play,6,1,543848,,,E6/TH.2-3;B-2,112.45,162.65
play,6,1,572000,,,S8/F.2-3;3-H,124.50,113.45
play,6,1,595611,,,S9/F.1-2;3-H,169.68,137.55
play,6,1,489314,,,K
play,6,1,595041,,,46(1)3/GDP/G4,141.57,169.68
play,7,0,594886,,,NP
sub,457724,Pat McCrory,1,0,1
play,7,0,594886,,,43/G,137.55,158.63
play,7,0,595176,,,S9/G,168.67,124.50
play,7,0,519345,,,S9/G.1-2,169.68,127.51
play,7,0,572258,,,W.1-2;2-3
play,7,0,517424,,,K
play,7,0,594819,,,7/F,68.27,105.42
play,7,1,572932,,,NP
sub,543826,Tyler Stovall,0,0,1
play,7,1,572932,,,7/F,69.28,120.48
play,7,1,525988,,,K
play,7,1,501531,,,K23
play,8,0,506916,,,D7/F,42.17,107.43
play,8,0,595212,,,D7/L.2-H,46.18,109.44
play,8,0,542975,,,K23
play,8,0,594886,,,K
play,8,0,595176,,,9/F,185.74,114.46
play,8,1,594934,,,NP
sub,592396,Tyler Hess,0,0,1
play,8,1,594934,,,W
play,8,1,543848,,,S7/G.1-2,69.28,130.52
play,8,1,572000,,,8/F,131.53,94.38
play,8,1,595611,,,K
play,8,1,489314,,,NP
sub,572245,Brenden Webb,1,8,11
play,8,1,572245,,,K23
play,9,0,519345,,,NP
sub,572245,Brenden Webb,1,8,8
play,9,0,572258,,,NP
sub,595315,Steven Mazur,1,0,1
play,9,0,519345,,,E5,91.37,124.50
play,9,0,572258,,,PB.1-2
play,9,0,572258,,,2/PF,131.53,216.87
play,9,0,517424,,,S7/L.2-H;BX2(74),83.33,120.48
play,9,0,594819,,,7/F,58.23,118.47
play,9,1,595041,,,NP
sub,572803,Brad Decater,1,9,11
play,9,1,572803,,,K
play,9,1,572932,,,K
play,9,1,525988,,,S8/G,127.51,123.49
play,9,1,501531,,,K23
id,BluAPP201006270
info,visteam,DanAPP
info,hometeam,BluAPP
info,date,2010/06/27
start,575508,Ramon Flores,0,1,8
start,592743,Andrelton Simmons,0,2,6
start,519345,Joseph Terdoslavich,0,3,5
start,594828,Evan Gattis,0,4,10
start,572258,Jace Whitmer,0,5,2
start,517424,Alberto Odreman,0,6,3
start,501592,Daniel Falcon,0,7,9
start,542975,Robert Brooks,0,8,4
start,506916,Bobby Rauh,0,9,7
start,573673,Carlos Perez,0,0,1
start,572932,Kyle Hoppy,1,1,7
start,525988,Moises Ciriaco,1,2,4
start,572245,Brenden Webb,1,3,8
start,572803,Brad Decater,1,4,5
start,543848,Corey Thomas,1,5,3
start,572000,Michael Ohlman,1,6,10
start,501531,Luis Ramirez,1,7,9
start,516653,Dashenko Ricardo,1,8,2
start,500161,Javier Santana,1,9,6
start,595360,Jacob Petitt,1,0,1
play,1,0,575508,,,8/F,136.55,87.35
play,1,0,592743,,,63/G,105.42,174.70
play,1,0,519345,,,53/G,110.44,183.73
play,1,1,572932,,,13/G,125.50,197.79
play,1,1,525988,,,K
play,1,1,572245,,,W
play,1,1,572803,,,K
play,2,0,594828,,,S7/F,75.30,128.51
play,2,0,572258,,,6/L,114.46,165.66
play,2,0,517424,,,FC4/G.1X2(46);B-1,134.54,166.67
play,2,0,501592,,,D9/F.1-3,166.67,117.47
play,2,0,542975,,,43/G,142.57,177.71
play,2,1,543848,,,9/F,138.55,124.50
play,2,1,572000,,,63/G,113.45,174.70
play,2,1,501531,,,S6/G,108.43,168.67
play,2,1,516653,,,BK.1-2
play,2,1,516653,,,43/G,129.52,168.67
play,3,0,506916,,,2/PF,57.23,179.72
play,3,0,575508,,,53/G,101.41,178.71
play,3,0,592743,,,9/F,154.62,127.51
play,3,1,500161,,,W
play,3,1,572932,,,PO1(13)
play,3,1,572932,,,K
play,3,1,525988,,,6/L,115.46,167.67
play,4,0,519345,,,NP
sub,504376,Jairo De La Cruz,1,0,1
play,4,0,519345,,,9/F,147.59,119.48
play,4,0,594828,,,63/G,115.46,174.70
play,4,0,572258,,,W
play,4,0,517424,,,53/G,116.47,180.72
play,4,1,572245,,,E4/TH,141.57,172.69
play,4,1,572803,,,53/G.1-2,100.40,179.72
play,4,1,543848,,,S6/G,108.43,170.68
play,4,1,572000,,,W.1-2;2-3
play,4,1,501531,,,3/G.1-2;2-3;3-H,144.58,187.75
play,4,1,516653,,,K23
play,5,0,501592,,,7/F,58.23,103.41
play,5,0,542975,,,43/G,138.55,177.71
play,5,0,506916,,,E5,104.42,180.72
play,5,0,575508,,,S9/G.1-3,160.64,149.60
play,5,0,592743,,,S8/G.1-2;3-H,113.45,114.46
play,5,0,519345,,,S7/L.1-2;2-H,91.37,153.61
play,5,0,594828,,,53/G,107.43,185.74
play,5,1,500161,,,W
play,5,1,572932,,,46(1)3/GDP/G4,141.57,166.67
play,5,1,525988,,,S8/G,116.47,120.48
play,5,1,572245,,,HP.1-2
play,5,1,572803,,,K
play,6,0,572258,,,NP
sub,575248,Andrew Huebner,1,0,1
play,6,0,572258,,,9/F,181.73,125.50
play,6,0,517424,,,S7/G,86.35,144.58
play,6,0,501592,,,9/F,187.75,126.51
play,6,0,542975,,,8/F,105.42,88.35
play,6,1,543848,,,NP
sub,595206,Matt Fouch,0,0,1
play,6,1,543848,,,3/G,153.61,179.72
play,6,1,572000,,,53/G,106.43,181.73
play,6,1,501531,,,K
play,7,0,506916,,,4/P,155.62,163.65
play,7,0,575508,,,S8/G,100.40,125.50
play,7,0,592743,,,PO1(13)
play,7,0,592743,,,S8/G,101.41,111.45
play,7,0,519345,,,SB2
play,7,0,519345,,,31/G,138.55,186.75
play,7,1,516653,,,NP
sub,595212,Jarred Frierson,0,8,4
play,7,1,516653,,,63/G,109.44,167.67
play,7,1,500161,,,K
play,7,1,572932,,,W
play,7,1,525988,,,PO1(E?).1-3
play,7,1,525988,,,43/G,143.57,173.69
play,8,0,594828,,,NP
sub,571540,Dustin Carder,1,0,1
play,8,0,594828,,,K
play,8,0,572258,,,S9/F,161.65,133.53
play,8,0,517424,,,OA.1X2(24)
play,8,0,517424,,,9/F,143.57,134.54
play,8,1,572245,,,NP
sub,542201,Ronan Pacheco,0,0,1
play,8,1,572245,,,K
play,8,1,572803,,,S8/G,100.40,122.49
play,8,1,543848,,,S7/G.1-2,85.34,141.57
play,8,1,572000,,,D8/F.1-H;2-H,161.65,101.41
play,8,1,501531,,,S8/G.2-3,126.51,126.51
play,8,1,516653,,,SB2
play,8,1,516653,,,T8/F.2-H;3-H,91.37,78.31
play,8,1,500161,,,K
play,8,1,572932,,,WP.3-H
play,8,1,572932,,,K
play,9,0,501592,,,NP
sub,594819,Kenny Fleming,0,7,11
play,9,0,594819,,,13/G,130.52,193.78
play,9,0,595212,,,S7/L,71.29,127.51
play,9,0,506916,,,NP
sub,594935,Jason Mowry,0,9,11
play,9,0,594935,,,K
play,9,0,575508,,,FC6/G.1X2(64),111.45,165.66
id,BluAPP201007010
info,visteam,BurAPP
info,hometeam,BluAPP
info,date,2010/07/01
start,543454,Alex Llanos,0,1,8
start,542371,Luis Piterson,0,2,4
start,573183,Ryan Stovall,0,3,3
start,573001,Gabe MacDougall,0,4,7
start,596306,Ryan Jenkins,0,5,2
start,594918,Alex McClure,0,6,6
start,524188,Yunior Figueroa,0,7,5
start,542502,Adrian Martinez,0,8,10
start,519214,Derek Rodriguez,0,9,9
start,594856,Daniel Hernandez,0,0,1
start,572932,Kyle Hoppy,1,1,7
start,525988,Moises Ciriaco,1,2,4
start,501531,Luis Ramirez,1,3,9
start,572803,Brad Decater,1,4,5
start,543848,Corey Thomas,1,5,3
start,572000,Michael Ohlman,1,6,10
start,489314,Jeremy Shelby,1,7,8
start,516653,Dashenko Ricardo,1,8,2
start,500161,Javier Santana,1,9,6
start,501465,Daurin Tavarez,1,0,1
play,1,0,543454,,,S8/G,140.56,97.39
play,1,0,542371,,,S7/F.1-2,76.31,128.51
play,1,0,573183,,,CS3;.1-2
play,1,0,573183,,,K
play,1,0,573001,,,K
play,1,1,572932,,,53/G,111.45,174.70
play,1,1,525988,,,K
play,1,1,501531,,,7/F,50.20,122.49
play,2,0,596306,,,W
play,2,0,594918,,,9(B)93(1)/LDP,165.66,137.55
play,2,0,524188,,,8/F,136.55,78.31
play,2,1,572803,,,43/G,132.53,172.69
play,2,1,543848,,,7/F,88.35,107.43
play,2,1,572000,,,K
play,3,0,542502,,,S7/F,101.41,130.52
play,3,0,519214,,,SB2;1-3(E4)(E4)
play,3,0,519214,,,K+PB.B-1
play,3,0,543454,,,CS2
play,3,0,543454,,,W
play,3,0,542371,,,E6/TH.1-3;3-H,114.46,168.67
play,3,0,573183,,,53/G.1-2;3-H,94.38,176.71
play,3,0,573001,,,K
play,3,1,489314,,,13/G,126.51,195.78
play,3,1,516653,,,63/G,110.44,172.69
play,3,1,500161,,,K
play,4,0,596306,,,S5/G,106.43,183.73
play,4,0,594918,,,FC6/G.1X2(64);B-1,111.45,170.68
play,4,0,524188,,,46(1)3/GDP/G4,136.55,171.69
play,4,1,572932,,,S8/G,110.44,141.57
play,4,1,525988,,,S1/BG.1-2,129.52,193.78
play,4,1,501531,,,E3/TH.1-3;2-H,141.57,183.73
play,4,1,572803,,,SB2
play,4,1,572803,,,FC6.2X3(65);3-H,123.49,173.69
play,4,1,543848,,,WP.1-2
play,4,1,543848,,,K
play,4,1,572000,,,63/G,111.45,169.68
play,5,0,542502,,,63/G,108.43,173.69
play,5,0,519214,,,HP
play,5,0,543454,,,SB2
play,5,0,543454,,,S7/G.2-3,67.27,138.55
play,5,0,542371,,,HR/F.1-H;3-H,20.08,65.26
play,5,0,573183,,,S8/G,104.42,117.47
play,5,0,573001,,,5(B)53(1)/LDP,107.43,183.73
play,5,1,489314,,,S1/BG,128.51,194.78
play,5,1,516653,,,53/G.1-2,105.42,182.73
play,5,1,500161,,,9/F,184.74,103.41
play,5,1,572932,,,43/G,139.56,178.71
play,6,0,596306,,,NP
sub,543637,Zachary Petersime,1,0,1
play,6,0,596306,,,D9/G,178.71,139.56
play,6,0,594918,,,13/SH.2-3,132.53,194.78
play,6,0,524188,,,D8/F.3-H,130.52,107.43
play,6,0,542502,,,63/G.2-3,127.51,176.71
play,6,0,519214,,,HP
play,6,0,543454,,,K
play,6,1,525988,,,NP
sub,594801,Jonathan Dooley,0,0,1
play,6,1,525988,,,W
play,6,1,501531,,,16(1)3/GDP/G1,123.49,192.77
play,6,1,572803,,,K
play,7,0,542371,,,K
play,7,0,573183,,,63/G,116.47,173.69
play,7,0,573001,,,43/G,136.55,175.70
play,7,1,543848,,,E6,113.45,171.69
play,7,1,572000,,,31/G.1-2,123.49,192.77
play,7,1,489314,,,9/F,191.77,120.48
play,7,1,516653,,,S7/G.2-3,81.33,141.57
play,7,1,500161,,,13/G,122.49,192.77
play,8,0,596306,,,NP
sub,571540,Dustin Carder,1,0,1
play,8,0,596306,,,K
play,8,0,594918,,,K
play,8,0,524188,,,43/G,131.53,176.71
play,8,1,572932,,,NP
sub,572026,Robert Penny,0,0,1
play,8,1,572932,,,K
play,8,1,525988,,,13/G,126.51,192.77
play,8,1,501531,,,T8/F,117.47,81.33
play,8,1,572803,,,NP
sub,572245,Brenden Webb,1,4,11
play,8,1,572245,,,8/F,144.58,80.32
play,9,0,542502,,,NP
sub,594934,Michael Mosby,1,4,5
play,9,0,519214,,,NP
sub,595429,Travis Strong,1,0,1
play,9,0,542502,,,63/G,116.47,169.68
play,9,0,519214,,,W
play,9,0,543454,,,SB2
play,9,0,543454,,,WP.2-3
play,9,0,543454,,,W
play,9,0,542371,,,WP.1-2;3-H
play,9,0,542371,,,W
play,9,0,573183,,,K
play,9,0,573001,,,S7/G.1-2;2-3,70.28,115.46
play,9,0,596306,,,W.1-2;2-3;3-H
play,9,0,594918,,,NP
sub,516763,Eiris Ramirez,1,0,1
play,9,0,594918,,,W.1-2;2-3;3-H
play,9,0,524188,,,HR/F.1-H;2-H;3-H,204.82,51.20
play,9,0,542502,,,S8/F,115.46,109.44
play,9,0,519214,,,S7/G.1-2,58.23,123.49
play,9,0,543454,,,D7/G.1-3;2-H,60.24,113.45
play,9,0,542371,,,NP
sub,571461,Geoffrey Baldwin,0,2,11
play,9,0,571461,,,8/F,121.49,99.40
play,9,1,placeholder,,,NP
sub,571461,Geoffrey Baldwin,0,2,3
play,9,1,placeholder,,,NP
sub,573183,Ryan Stovall,0,3,4
play,9,1,543848,,,63/G,110.44,171.69
play,9,1,572000,,,W
play,9,1,489314,,,S7/G.1-2,84.34,132.53
play,9,1,516653,,,8/F.?X?(84),110.44,101.41
id,BluAPP201007020
info,visteam,BurAPP
info,hometeam,BluAPP
info,date,2010/07/02
start,543454,Alex Llanos,0,1,8
start,542371,Luis Piterson,0,2,4
start,573183,Ryan Stovall,0,3,5
start,573001,Gabe MacDougall,0,4,7
start,571461,Geoffrey Baldwin,0,5,3
start,524188,Yunior Figueroa,0,6,10
start,542502,Adrian Martinez,0,7,6
start,542503,Edul Escobar,0,8,2
start,579009,Reggie Taylor,0,9,9
start,572137,Crawford Simmons,0,0,1
start,572932,Kyle Hoppy,1,1,7
start,525988,Moises Ciriaco,1,2,4
start,572245,Brenden Webb,1,3,8
start,594934,Michael Mosby,1,4,5
start,543848,Corey Thomas,1,5,3
start,572000,Michael Ohlman,1,6,2
start,501531,Luis Ramirez,1,7,10
start,489314,Jeremy Shelby,1,8,9
start,595041,Vincent Zazueta,1,9,6
start,594984,Cameron Roth,1,0,1
play,1,0,543454,,,K
play,1,0,542371,,,K
play,1,0,573183,,,D9/F,176.71,136.55
play,1,0,573001,,,W
play,1,0,571461,,,SB3
play,1,0,571461,,,43/G,109.44,185.74
play,1,1,572932,,,K
play,1,1,525988,,,W
play,1,1,572245,,,D7/G.1-H,120.48,128.51
play,1,1,594934,,,K
play,1,1,543848,,,K
play,2,0,524188,,,63/G,109.44,159.64
play,2,0,542502,,,K
play,2,0,542503,,,K
play,2,1,572000,,,D7/F,92.37,134.54
play,2,1,501531,,,E3.2-3,106.43,184.74
play,2,1,489314,,,CS2
play,2,1,489314,,,K
play,2,1,595041,,,K
play,3,0,579009,,,W
play,3,0,543454,,,PB.1-2
play,3,0,543454,,,63/G.2-3,132.53,176.71
play,3,0,542371,,,S8/G.3-H,120.48,111.45
play,3,0,573183,,,SB2
play,3,0,573183,,,K
play,3,0,573001,,,SB3
play,3,0,573001,,,WP.3-H
play,3,0,573001,,,W
play,3,0,571461,,,POCS2.1-2(E6)
play,3,0,571461,,,43/G,127.51,181.73
play,3,1,572932,,,6/P,104.42,181.73
play,3,1,525988,,,43/G,156.63,177.71
play,3,1,572245,,,K23
play,4,0,524188,,,NP
sub,575769,Billy Gross,1,0,1
play,4,0,524188,,,K
play,4,0,542502,,,53/G,106.43,180.72
play,4,0,542503,,,K
play,4,1,594934,,,K
play,4,1,543848,,,K
play,4,1,572000,,,K
play,5,0,579009,,,K
play,5,0,543454,,,7/F,81.33,135.54
play,5,0,542371,,,K
play,5,1,501531,,,S8/G,114.46,120.48
play,5,1,489314,,,D7/L.1-3,82.33,140.56
play,5,1,595041,,,3/G,112.45,180.72
play,5,1,572932,,,43/G.3-H,134.54,170.68
play,5,1,525988,,,3/P,125.50,192.77
play,6,0,573183,,,K
play,6,0,573001,,,FLE5/PF
play,6,0,573001,,,K
play,6,0,571461,,,S9/G,160.64,140.56
play,6,0,524188,,,HR/F.1-H,156.63,135.54
play,6,0,542502,,,K
play,6,1,572245,,,NP
sub,592540,Justin Mazur,0,0,1
play,6,1,572245,,,K
play,6,1,594934,,,63/G,99.40,177.71
play,6,1,543848,,,8/F,123.49,126.51
play,7,0,542503,,,43/G,153.61,172.69
play,7,0,579009,,,K
play,7,0,543454,,,9/F,183.73,128.51
play,7,1,572000,,,31/G,135.54,175.70
play,7,1,501531,,,7/F,83.33,132.53
play,7,1,489314,,,S6/G.B-2(E6/TH),95.38,177.71
play,7,1,595041,,,NP
sub,572803,Brad Decater,1,9,11
play,7,1,572803,,,K
play,8,0,542371,,,NP
sub,500161,Javier Santana,1,9,6
play,8,0,573183,,,NP
sub,504322,Sam Taveras,1,0,1
play,8,0,542371,,,S7/G,83.33,137.55
play,8,0,573183,,,S7/G.1-2,86.35,129.52
play,8,0,573001,,,14/SH.1-2;2-3,107.43,196.79
play,8,0,571461,,,43/G,143.57,166.67
play,8,0,524188,,,W
play,8,0,542502,,,63/G,115.46,181.73
play,8,1,placeholder,,,NP
sub,595300,Cole Lohden,0,0,1
play,8,1,572932,,,W
play,8,1,525988,,,5/P,115.46,184.74
play,8,1,572245,,,PB.1-2
play,8,1,572245,,,W
play,8,1,594934,,,K
play,8,1,543848,,,FC5/G.2X3(5),122.49,189.76
play,9,0,542503,,,63/G,112.45,179.72
play,9,0,579009,,,53/G,90.36,178.71
play,9,0,543454,,,S7/G,77.31,131.53
play,9,0,542371,,,E6.1-3;B-2,103.41,171.69
play,9,0,573183,,,E1.2-H;3-H,122.49,135.54
play,9,0,573001,,,T8/F.1-H,123.49,128.51
play,9,0,571461,,,7/F,70.28,134.54
play,9,1,572000,,,K
play,9,1,501531,,,43/G,128.51,167.67
play,9,1,489314,,,K
id,BluAPP201007030
info,visteam,BurAPP
info,hometeam,BluAPP
info,date,2010/07/03
start,519214,Derek Rodriguez,0,1,8
start,594918,Alex McClure,0,2,6
start,573183,Ryan Stovall,0,3,10
start,573001,Gabe MacDougall,0,4,7
start,571461,Geoffrey Baldwin,0,5,3
start,524188,Yunior Figueroa,0,6,5
start,542502,Adrian Martinez,0,7,4
start,542503,Edul Escobar,0,8,2
start,579009,Reggie Taylor,0,9,9
start,521835,Leonel Santiago,0,0,1
start,572932,Kyle Hoppy,1,1,7
start,571559,Anderson Childers,1,2,4
start,572245,Brenden Webb,1,3,8
start,543848,Corey Thomas,1,4,3
start,572803,Brad Decater,1,5,5
start,501531,Luis Ramirez,1,6,10
start,516653,Dashenko Ricardo,1,7,2
start,594785,Christopher Clinton,1,8,9
start,500161,Javier Santana,1,9,6
start,595360,Jacob Petitt,1,0,1
play,1,0,519214,,,D9/F.BX3(965),164.66,136.55
play,1,0,594918,,,S7/L,70.28,123.49
play,1,0,573183,,,4631/GDP/G4.BX2,136.55,167.67
play,1,1,572932,,,E6,106.43,166.67
play,1,1,571559,,,E5.1-2,114.46,193.78
play,1,1,572245,,,K
play,1,1,543848,,,K
play,1,1,572803,,,31/G,144.58,182.73
play,2,0,573001,,,HR/F,27.11,77.31
play,2,0,571461,,,43/G,134.54,170.68
play,2,0,524188,,,K
play,2,0,542502,,,9/F,161.65,119.48
play,2,1,501531,,,6/P,113.45,169.68
play,2,1,516653,,,S7/F,66.27,100.40
play,2,1,594785,,,9/F,182.73,125.50
play,2,1,500161,,,3/G,144.58,183.73
play,3,0,542503,,,E5,110.44,180.72
play,3,0,579009,,,4/P,139.56,159.64
play,3,0,519214,,,FC5/G.1X2(54);B-1,109.44,193.78
play,3,0,594918,,,SB2
play,3,0,594918,,,SB3
play,3,0,594918,,,K
play,3,1,572932,,,K
play,3,1,571559,,,7/F,85.34,124.50
play,3,1,572245,,,7/F,63.25,123.49
play,4,0,573183,,,S7/G,77.31,130.52
play,4,0,573001,,,543/G5.1-2,109.44,188.76
play,4,0,571461,,,K
play,4,0,524188,,,8/L,100.40,113.45
play,4,1,543848,,,K
play,4,1,572803,,,K
play,4,1,501531,,,K23
play,5,0,542502,,,K
play,5,0,542503,,,53/G,108.43,186.75
play,5,0,579009,,,S7/L,87.35,112.45
play,5,0,519214,,,POCS2(134)
play,5,1,516653,,,43/G,132.53,175.70
play,5,1,594785,,,W
play,5,1,500161,,,43/G.1-2,141.57,171.69
play,5,1,572932,,,31/G,146.59,187.75
play,6,0,594918,,,NP
sub,504376,Jairo De La Cruz,1,0,1
play,6,0,519214,,,S9/F,172.69,132.53
play,6,0,594918,,,46(1)3/GDP/G4,133.53,172.69
play,6,0,573183,,,HR/F,32.13,74.30
play,6,0,573001,,,63/G,109.44,168.67
play,6,1,571559,,,K
play,6,1,572245,,,K
play,6,1,543848,,,D8/F,127.51,90.36
play,6,1,572803,,,8/F,102.41,85.34
play,7,0,571461,,,K
play,7,0,524188,,,E4,171.69,131.53
play,7,0,542502,,,53/G.1-2,104.42,189.76
play,7,0,542503,,,9/F,165.66,118.47
play,7,1,501531,,,NP
sub,572965,Jonathon Keck,0,0,1
play,7,1,501531,,,K
play,7,1,516653,,,53/G,107.43,181.73
play,7,1,594785,,,W
play,7,1,500161,,,S7/G.1-2,82.33,124.50
play,7,1,572932,,,K
play,8,0,579009,,,7/F,85.34,127.51
play,8,0,519214,,,23/BG,124.50,208.84
play,8,0,594918,,,K23
play,8,1,571559,,,43/G,130.52,176.71
play,8,1,572245,,,K
play,8,1,543848,,,53/G,108.43,182.73
play,9,0,573183,,,NP
sub,595315,Steven Mazur,1,0,1
play,9,0,573183,,,3/G,147.59,190.76
play,9,0,573001,,,K
play,9,0,571461,,,13/G,121.49,195.78
play,9,1,572803,,,NP
sub,594776,Chas Byrne,0,0,1
play,9,1,572803,,,K23
play,9,1,501531,,,63/G,122.49,177.71
play,9,1,516653,,,NP
sub,572000,Michael Ohlman,1,7,11
play,9,1,572000,,,K
id,BluAPP201007070
info,visteam,JohAPP
info,hometeam,BluAPP
info,date,2010/07/07
start,594824,Greg Garcia,0,1,4
start,570805,Oscar Taveras,0,2,8
start,592774,Cody Stanley,0,3,10
start,500675,Kleininger Teran,0,4,3
start,521091,Romulo Ruiz,0,5,5
start,571641,Christopher Edmondson,0,6,7
start,551750,Cesar Valera,0,7,6
start,516650,Juan Castillo,0,8,2
start,542465,Roberto Reyes,0,9,9
start,571772,Hector Hernandez,0,0,1
start,572932,Kyle Hoppy,1,1,7
start,525988,Moises Ciriaco,1,2,4
start,572245,Brenden Webb,1,3,8
start,572803,Brad Decater,1,4,5
start,543848,Corey Thomas,1,5,3
start,572000,Michael Ohlman,1,6,10
start,516653,Dashenko Ricardo,1,7,2
start,595472,Cody Young,1,8,9
start,500161,Javier Santana,1,9,6
start,501465,Daurin Tavarez,1,0,1
play,1,0,594824,,,43/G,141.57,169.68
play,1,0,570805,,,D8/F,102.41,86.35
play,1,0,592774,,,31/G.2-3,134.54,190.76
play,1,0,500675,,,63/G,110.44,179.72
play,1,1,572932,,,3/G,150.60,182.73
play,1,1,525988,,,K
play,1,1,572245,,,8/F,123.49,74.30
play,2,0,521091,,,63/G,111.45,169.68
play,2,0,571641,,,K
play,2,0,551750,,,K
play,2,1,572803,,,K
play,2,1,543848,,,K
play,2,1,572000,,,K
play,3,0,516650,,,63/G,119.48,177.71
play,3,0,542465,,,D8/F,82.33,89.36
play,3,0,594824,,,31/G.2-3,144.58,184.74
play,3,0,570805,,,W
play,3,0,592774,,,3/G,141.57,191.77
play,3,1,516653,,,7/F,73.29,111.45
play,3,1,595472,,,8/F,124.50,93.37
play,3,1,500161,,,HR/F,32.13,69.28
play,3,1,572932,,,8/F,132.53,89.36
play,4,0,500675,,,S9/G,153.61,146.59
play,4,0,521091,,,D7/F.1-3,77.31,110.44
play,4,0,571641,,,K
play,4,0,551750,,,E6/TH.2-3;3-H,115.46,169.68
play,4,0,516650,,,64(1)3/GDP/G6,110.44,172.69
play,4,1,525988,,,5/P,105.42,175.70
play,4,1,572245,,,K
play,4,1,572803,,,S9/G,141.57,130.52
play,4,1,543848,,,BK.1-2
play,4,1,543848,,,W
play,4,1,572000,,,WP.1-2;2-3
play,4,1,572000,,,S9/F.2-H;3-H,173.69,131.53
play,4,1,516653,,,NP
sub,519072,Iden Nazario,0,0,1
play,4,1,516653,,,WP.1-2
play,4,1,516653,,,S4/G.2-3,133.53,175.70
play,4,1,595472,,,K
play,5,0,542465,,,W
play,5,0,594824,,,FC3/G.1X2(36);B-2(E6/TH),121.49,169.68
play,5,0,570805,,,W
play,5,0,592774,,,S9/F.1X3;2-3,163.65,145.58
play,5,0,500675,,,W.1-2
play,5,0,521091,,,D7/F.1-H;2-H;3-H;B-3,58.23,120.48
play,5,0,571641,,,NP
sub,575769,Billy Gross,1,0,1
play,5,0,571641,,,D7/L.3-H,73.29,127.51
play,5,0,551750,,,WP.2-3
play,5,0,551750,,,K
play,5,1,500161,,,W
play,5,1,572932,,,NP
sub,595166,Ryan Copeland,0,0,1
play,5,1,572932,,,FC1/B.1X2(16);B-1,122.49,197.79
play,5,1,525988,,,FC6/G.1X2(64);B-1,108.43,174.70
play,5,1,572245,,,POCS2(136)
play,6,0,516650,,,63/G,106.43,167.67
play,6,0,542465,,,K
play,6,0,594824,,,4/P,144.58,168.67
play,6,1,572245,,,6/P,105.42,163.65
play,6,1,572803,,,K
play,6,1,543848,,,K
play,7,0,570805,,,NP
sub,595429,Travis Strong,1,0,1
play,7,0,570805,,,63/G,104.42,174.70
play,7,0,592774,,,3/G,153.61,187.75
play,7,0,500675,,,DGR/F78,83.33,80.32
play,7,0,521091,,,4/P,144.58,173.69
play,7,1,572000,,,D8/F,89.36,91.37
play,7,1,516653,,,63/G,109.44,173.69
play,7,1,595472,,,K23
play,7,1,500161,,,K
play,8,0,571641,,,NP
sub,457724,Pat McCrory,1,0,1
play,8,0,571641,,,43/G,140.56,174.70
play,8,0,551750,,,K
play,8,0,516650,,,D8/F,71.29,96.39
play,8,0,542465,,,2/PF,47.19,189.76
play,8,1,572932,,,NP
sub,592286,Patrick Elkins,0,1,4
play,8,1,572932,,,7/F,45.18,109.44
play,8,1,525988,,,NP
sub,595611,Riley Hornback,1,2,11
play,8,1,595611,,,K
play,8,1,572245,,,D7/L,88.35,138.55
play,8,1,572803,,,43/G,143.57,175.70
play,9,0,592286,,,NP
sub,571559,Anderson Childers,1,2,4
play,9,0,570805,,,NP
sub,595315,Steven Mazur,1,0,1
play,9,0,592286,,,63/G,114.46,166.67
play,9,0,570805,,,63/G,119.48,164.66
play,9,0,592774,,,K
play,9,1,543848,,,NP
sub,592515,Aidan Lucas,0,0,1
play,9,1,543848,,,HR/F,131.53,31.12
play,9,1,572000,,,K
play,9,1,516653,,,NP
sub,594785,Christopher Clinton,1,7,11
play,9,1,594785,,,E6,114.46,176.71
play,9,1,595472,,,NP
sub,501531,Luis Ramirez,1,8,11
play,9,1,501531,,,K
play,9,1,500161,,,NP
sub,573220,Joseph Velleggia,1,9,11
play,9,1,573220,,,WP.1-2
play,9,1,573220,,,K
id,BluAPP201007080
info,visteam,JohAPP
info,hometeam,BluAPP
info,date,2010/07/08
start,592286,Patrick Elkins,0,1,4
start,570805,Oscar Taveras,0,2,8
start,592774,Cody Stanley,0,3,2
start,595158,Philip Cerreto,0,4,9
start,521091,Romulo Ruiz,0,5,5
start,500675,Kleininger Teran,0,6,3
start,551750,Cesar Valera,0,7,6
start,502023,Travis Tartamella,0,8,10
start,518802,Virgil Hill,0,9,7
start,572797,Patrick Daugherty,0,0,1
start,543024,Edwin Cintron,1,1,7
start,525988,Moises Ciriaco,1,2,4
start,572245,Brenden Webb,1,3,8
start,572803,Brad Decater,1,4,10
start,543848,Corey Thomas,1,5,3
start,516653,Dashenko Ricardo,1,6,10
start,501531,Luis Ramirez,1,7,9
start,594934,Michael Mosby,1,8,5
start,595041,Vincent Zazueta,1,9,6
start,594984,Cameron Roth,1,0,1
play,1,0,592286,,,K
play,1,0,570805,,,S1/G,115.46,195.78
play,1,0,placeholder,,,POCS2(136)
play,1,0,592774,,,63/G,116.47,169.68
play,1,1,543024,,,13/BG,126.51,195.78
play,1,1,525988,,,63/G,114.46,168.67
play,1,1,572245,,,K
play,2,0,595158,,,6/P,111.45,164.66
play,2,0,521091,,,K
play,2,0,500675,,,43/G,139.56,164.66
play,2,1,572803,,,K
play,2,1,543848,,,S6/G,107.43,167.67
play,2,1,516653,,,54(1)3/GDP/G5,105.42,177.71
play,3,0,551750,,,K
play,3,0,502023,,,K
play,3,0,518802,,,E5,104.42,178.71
play,3,0,592286,,,HP.1-2
play,3,0,570805,,,S4/G.1-2;2-H,130.52,158.63
play,3,0,592774,,,S5/G.1-2;2-3,112.45,193.78
play,3,0,595158,,,K
play,3,1,501531,,,HP
play,3,1,594934,,,5/PF,89.36,184.74
play,3,1,595041,,,S8/F.1-H;B-2,124.50,90.36
play,3,1,543024,,,HP
play,3,1,525988,,,S6/G.1-2;2-3,105.42,169.68
play,3,1,572245,,,S9/G.1-3;2-H;3-H;B-2,178.71,117.47
play,3,1,572803,,,K
play,3,1,543848,,,FC5.2X3(5),103.41,175.70
play,4,0,521091,,,W
play,4,0,500675,,,43/G.1-2,144.58,170.68
play,4,0,551750,,,K
play,4,0,502023,,,5/L,103.41,178.71
play,4,1,516653,,,S7/G,79.32,122.49
play,4,1,501531,,,K
play,4,1,594934,,,CS2
play,4,1,594934,,,W
play,4,1,595041,,,S5/G.1-2,110.44,189.76
play,4,1,543024,,,NP
sub,518447,Andrew Benes,0,0,1
play,4,1,543024,,,31/G,149.60,181.73
play,5,0,518802,,,NP
sub,504376,Jairo De La Cruz,1,0,1
play,5,0,518802,,,53/G,103.41,178.71
play,5,0,592286,,,W
play,5,0,570805,,,E4.1-2,139.56,163.65
play,5,0,592774,,,T9/F.1-H;2-H,183.73,82.33
play,5,0,595158,,,T8/F.3-H,81.33,67.27
play,5,0,521091,,,W
play,5,0,500675,,,16(1)3/GDP/G1,127.51,191.77
play,5,1,525988,,,43/G,135.54,165.66
play,5,1,572245,,,W
play,5,1,572803,,,K
play,5,1,543848,,,FC5/G.1X2(54),100.40,178.71
play,6,0,551750,,,W
play,6,0,502023,,,HR/F.1-H,21.08,103.41
play,6,0,518802,,,NP
sub,575248,Andrew Huebner,1,0,1
play,6,0,518802,,,K
play,6,0,592286,,,8/F,125.50,97.39
play,6,0,570805,,,31/G,151.61,179.72
play,6,1,516653,,,NP
sub,542203,Angel De Jesus,0,0,1
play,6,1,516653,,,NP
sub,543632,Dennis Perez,1,6,11
play,6,1,543632,,,7/F,81.33,116.47
play,6,1,501531,,,S8/L,123.49,106.43
play,6,1,594934,,,8/F,125.50,105.42
play,6,1,595041,,,K
play,7,0,592774,,,NP
sub,543632,Dennis Perez,1,6,2
play,7,0,592774,,,8/F,128.51,102.41
play,7,0,595158,,,8/F,119.48,101.41
play,7,0,521091,,,9/F,176.71,114.46
play,7,1,543024,,,NP
sub,542465,Roberto Reyes,0,4,9
play,7,1,543024,,,63/G,113.45,167.67
play,7,1,525988,,,23/G,122.49,205.82
play,7,1,572245,,,7/FF,49.20,142.57
play,8,0,500675,,,8/F,120.48,90.36
play,8,0,551750,,,W
play,8,0,502023,,,SB2
play,8,0,502023,,,9/F,175.70,113.45
play,8,0,518802,,,53/G,104.42,175.70
play,8,1,572803,,,K
play,8,1,543848,,,S7/G,82.33,135.54
play,8,1,543632,,,E1/TH.1-3,123.49,190.76
play,8,1,501531,,,8/SF.3-H,124.50,75.30
play,8,1,594934,,,K
play,9,0,592286,,,NP
sub,504322,Sam Taveras,1,0,1
play,9,0,592286,,,31/G,149.60,179.72
play,9,0,570805,,,S6/G,106.43,167.67
play,9,0,592774,,,S4/G.1-3(E4)(E4/TH),141.57,167.67
play,9,0,542465,,,IW.1-2
play,9,0,521091,,,S7/F.1-2;2-3;3-H,77.31,135.54
play,9,0,500675,,,W.1-2;2-3;3-H
play,9,0,551750,,,FC5/G.1X2(54);2-3;3-H;B-1,106.43,183.73
play,9,0,502023,,,FC5/G.1X2(54),104.42,178.71
play,9,1,595041,,,NP
sub,517228,Francisco Guzman,0,0,1
play,9,1,595041,,,S8/G,121.49,99.40
play,9,1,543024,,,T8/F.1-H,171.69,66.27
play,9,1,525988,,,8/F,125.50,113.45
play,9,1,572245,,,W
play,9,1,572803,,,NP
sub,594955,Christopher Patterson,0,0,1
play,9,1,572803,,,D8/F.1-3;3-H,125.50,71.29
play,9,1,543848,,,K
play,9,1,543632,,,43/G,136.55,170.68
id,BluAPP201007090
info,visteam,JohAPP
info,hometeam,BluAPP
info,date,2010/07/09
start,594824,Greg Garcia,0,1,6
start,518802,Virgil Hill,0,2,7
start,500675,Kleininger Teran,0,3,3
start,595158,Philip Cerreto,0,4,9
start,521091,Romulo Ruiz,0,5,5
start,502023,Travis Tartamella,0,6,2
start,516650,Juan Castillo,0,7,10
start,592286,Patrick Elkins,0,8,4
start,572265,Reggie Williams,0,9,8
start,572953,Cale Johnson,0,0,1
start,489314,Jeremy Shelby,1,1,7
start,571559,Anderson Childers,1,2,4
start,572245,Brenden Webb,1,3,8
start,572803,Brad Decater,1,4,5
start,543848,Corey Thomas,1,5,3
start,501531,Luis Ramirez,1,6,9
start,595611,Riley Hornback,1,7,2
start,573220,Joseph Velleggia,1,8,10
start,595041,Vincent Zazueta,1,9,6
start,595360,Jacob Petitt,1,0,1
play,1,0,594824,,,43/G,143.57,151.61
play,1,0,518802,,,8/F,111.45,95.38
play,1,0,500675,,,K
play,1,1,489314,,,S7/G,81.33,129.52
play,1,1,571559,,,CS2
play,1,1,571559,,,W
play,1,1,572245,,,13/G.1-2,131.53,197.79
play,1,1,572803,,,FC5.2X3(5),111.45,180.72
play,2,0,595158,,,S4/G,136.55,181.73
play,2,0,521091,,,S7/G.1-2,68.27,137.55
play,2,0,502023,,,S9/F.1-H;2-H;B-2,162.65,142.57
play,2,0,516650,,,8/F,131.53,125.50
play,2,0,592286,,,K
play,2,0,572265,,,HP
play,2,0,594824,,,W.1-2;2-3
play,2,0,518802,,,E6.1-2;2-3;3-H,116.47,169.68
play,2,0,500675,,,3/G,149.60,184.74
play,2,1,543848,,,K
play,2,1,501531,,,D8/F,172.69,106.43
play,2,1,595611,,,S9/G.2-3,149.60,135.54
play,2,1,573220,,,43/G.1-2;3-H,134.54,173.69
play,2,1,595041,,,53/G,107.43,183.73
play,3,0,595158,,,K
play,3,0,521091,,,E6,119.48,172.69
play,3,0,502023,,,K
play,3,0,516650,,,S9/F.1-2,176.71,139.56
play,3,0,592286,,,43/G,128.51,174.70
play,3,1,489314,,,8/F,109.44,90.36
play,3,1,571559,,,8/F,123.49,96.39
play,3,1,572245,,,K23
play,4,0,572265,,,NP
sub,543637,Zachary Petersime,1,0,1
play,4,0,572265,,,53/G,106.43,183.73
play,4,0,594824,,,HP
play,4,0,518802,,,D8/F.1-H,123.49,70.28
play,4,0,500675,,,PB.2-3
play,4,0,500675,,,S9/F.3-H,159.64,132.53
play,4,0,595158,,,8/F,127.51,83.33
play,4,0,521091,,,8/F,107.43,86.35
play,4,1,572803,,,9/F,201.81,125.50
play,4,1,543848,,,E6,115.46,171.69
play,4,1,501531,,,WP.1-2
play,4,1,501531,,,K
play,4,1,595611,,,5/L,106.43,179.72
play,5,0,502023,,,E6/TH,103.41,173.69
play,5,0,516650,,,64(1)3/GDP/G6,117.47,173.69
play,5,0,592286,,,S8/G,139.56,118.47
play,5,0,572265,,,T9/L.1-H,161.65,116.47
play,5,0,594824,,,W
play,5,0,518802,,,S9/F.1-2;3-H,161.65,137.55
play,5,0,500675,,,FC6/G.1X2(64),117.47,169.68
play,5,1,573220,,,K
play,5,1,595041,,,53/G,107.43,179.72
play,5,1,489314,,,S5/G,102.41,185.74
play,5,1,571559,,,5/L,98.39,178.71
play,6,0,595158,,,NP
sub,595429,Travis Strong,1,0,1
play,6,0,595158,,,S9/G,164.66,131.53
play,6,0,521091,,,K
play,6,0,502023,,,BK.1-2
play,6,0,502023,,,4/P,136.55,165.66
play,6,0,516650,,,W
play,6,0,592286,,,PB.2-3
play,6,0,592286,,,WP.1-2
play,6,0,592286,,,W
id,BluAPP201007100
info,visteam,GreAPP
info,hometeam,BluAPP
info,date,2010/07/10
start,500767,Ricardo Garcia,0,1,10
start,595831,Jonathan Merritt,0,2,6
start,455390,Jhonny Medrano,0,3,5
start,548300,Chris Wallace,0,4,2
start,595832,Marcus Nidiffer,0,5,3
start,571981,Telvin Nash,0,6,7
start,516430,Emilio King,0,7,8
start,516429,Ricardo Heredia,0,8,9
start,542165,Pedro Feliz,0,9,4
start,595798,Ruben Alaniz,0,0,1
start,489314,Jeremy Shelby,1,1,8
start,572932,Kyle Hoppy,1,2,10
start,572245,Brenden Webb,1,3,8
start,572803,Brad Decater,1,4,5
start,543848,Corey Thomas,1,5,3
start,501531,Luis Ramirez,1,6,9
start,595611,Riley Hornback,1,7,2
start,525988,Moises Ciriaco,1,8,4
start,500161,Javier Santana,1,9,6
start,543496,Jarret Martin,1,0,1
play,1,0,500767,,,K
play,1,0,595831,,,K+WP.B-1
play,1,0,placeholder,,,POCS2(136)
play,1,0,455390,,,W
play,1,0,548300,,,K
play,1,1,489314,,,S5/BG,102.41,182.73
play,1,1,572932,,,5(B)53(1)/LDP,98.39,179.72
play,1,1,572245,,,K
play,2,0,595832,,,HR/F,53.21,59.24
play,2,0,571981,,,S7/G,73.29,119.48
play,2,0,516430,,,46(1)3/GDP/G4,135.54,164.66
play,2,0,516429,,,W
play,2,0,542165,,,K
play,2,1,572803,,,63/G,106.43,171.69
play,2,1,543848,,,S7/L,74.30,116.47
play,2,1,501531,,,S7/L.1-2,73.29,121.49
play,2,1,595611,,,S9/L.1-3;2-H;B-2,185.74,128.51
play,2,1,525988,,,HR/F.2-H;3-H,37.15,56.22
play,2,1,500161,,,S7/L,75.30,130.52
play,2,1,489314,,,7/F,71.29,119.48
play,2,1,572932,,,S7/L.1-2,80.32,123.49
play,2,1,572245,,,W.1-2;2-3
play,2,1,572803,,,K
play,3,0,500767,,,E6,114.46,166.67
play,3,0,595831,,,PO1(E?).1-2
play,3,0,595831,,,S7/G.2-H,76.31,127.51
play,3,0,455390,,,POCS2.1-2(E6)
play,3,0,455390,,,W
play,3,0,548300,,,46(1)3/GDP/G4.2-3,142.57,169.68
play,3,0,595832,,,K
play,3,1,543848,,,S7/G,67.27,115.46
play,3,1,501531,,,S9/F.1-2,163.65,126.51
play,3,1,595611,,,3/PF,161.65,192.77
play,3,1,525988,,,31/G.1-2;2-3,151.61,180.72
play,3,1,500161,,,T7/L.2-H;3-H,71.29,119.48
play,3,1,489314,,,HR/F.3-H,57.23,60.24
play,3,1,572932,,,W
play,3,1,572245,,,WP.1-2
play,3,1,572245,,,S3/G.2-3,148.59,184.74
play,3,1,572803,,,NP
sub,595800,B. J. Hagen,0,0,1
play,3,1,572803,,,S9/L.1-3;3-H,158.63,124.50
play,3,1,543848,,,WP.1-2
play,3,1,543848,,,S7/L.2-H;3-H;B-2,83.33,113.45
play,3,1,501531,,,31/G,145.58,181.73
play,4,0,571981,,,K
play,4,0,516430,,,43/G,136.55,169.68
play,4,0,516429,,,63/G,111.45,166.67
play,4,1,595611,,,S7/L,76.31,123.49
play,4,1,525988,,,S8/L.1-2,136.55,99.40
play,4,1,500161,,,8/F.2-3,120.48,105.42
play,4,1,489314,,,T8/L.1-H;3-H,118.47,92.37
play,4,1,572932,,,S7/L.3-H,76.31,131.53
play,4,1,572245,,,K
play,4,1,572803,,,E6.1-3,110.44,171.69
play,4,1,543848,,,K
play,5,0,542165,,,43/G,152.61,165.66
play,5,0,500767,,,W
play,5,0,595831,,,NP
sub,542605,Hector Rodriguez,0,2,11
play,5,0,542605,,,W.1-2
play,5,0,455390,,,NP
sub,575769,Billy Gross,1,0,1
play,5,0,455390,,,S7/L.1-2;2-3,85.34,120.48
play,5,0,548300,,,K
play,5,0,595832,,,WP.1-2;2-3;3-H
play,5,0,595832,,,FC5.2X3(5),104.42,178.71
play,5,1,501531,,,NP
sub,542605,Hector Rodriguez,0,2,6
play,5,1,595611,,,NP
sub,518767,Justin Harper,0,0,1
play,5,1,501531,,,43/G,142.57,172.69
play,5,1,595611,,,W
play,5,1,525988,,,64(1)3/GDP/G6,102.41,168.67
play,6,0,571981,,,DGR/F8,110.44,78.31
play,6,0,516430,,,S9/L.2-H;BX2(926),179.72,117.47
play,6,0,516429,,,S6/G,107.43,164.66
play,6,0,542165,,,S7/L.1-2,76.31,131.53
play,6,0,500767,,,9/F,173.69,127.51
play,6,0,542605,,,K
play,6,1,500161,,,NP
sub,504333,Carlos Mojica,0,4,2
play,6,1,489314,,,NP
sub,595291,Bryce Lane,0,6,8
play,6,1,572932,,,NP
sub,516430,Emilio King,0,7,9
play,6,1,572245,,,NP
sub,516429,Ricardo Heredia,0,8,7
play,6,1,500161,,,63/G,109.44,171.69
play,6,1,489314,,,W
play,6,1,572932,,,W.1-2
play,6,1,572245,,,NP
sub,594785,Christopher Clinton,1,3,11
play,6,1,594785,,,FC5/G.1X2(54);2-3;B-1,102.41,175.70
play,6,1,572803,,,K
play,7,0,455390,,,NP
sub,489314,Jeremy Shelby,1,1,8
play,7,0,504333,,,NP
sub,594785,Christopher Clinton,1,3,7
play,7,0,595832,,,NP
sub,594934,Michael Mosby,1,4,5
play,7,0,595291,,,NP
sub,595472,Cody Young,1,6,9
play,7,0,455390,,,D7/L,63.25,111.45
play,7,0,504333,,,K
play,7,0,595832,,,S7/G.2-3,65.26,126.51
play,7,0,595291,,,9/SF.3-H,167.67,118.47
play,7,0,516430,,,SB2
play,7,0,516430,,,13/G,123.49,191.77
play,7,1,543848,,,53/G,104.42,178.71
play,7,1,595472,,,6/P,105.42,170.68
play,7,1,595611,,,S9/L,175.70,125.50
play,7,1,525988,,,4/L,136.55,165.66
play,8,0,516429,,,NP
sub,571540,Dustin Carder,1,0,1
play,8,0,516429,,,S8/G,215.86,242.97
play,8,0,542165,,,7/FF,57.23,151.61
play,8,0,500767,,,W.1-2
play,8,0,542605,,,9/F,174.70,129.52
play,8,0,455390,,,63/G,106.43,172.69
play,8,1,500161,,,NP
sub,571585,Jamaine Cotton,0,0,1
play,8,1,500161,,,K
play,8,1,489314,,,HR/F,39.16,63.25
play,8,1,572932,,,NP
sub,543024,Edwin Cintron,1,2,11
play,8,1,543024,,,K
play,8,1,594785,,,K
play,9,0,504333,,,NP
sub,543024,Edwin Cintron,1,2,10
play,9,0,595832,,,NP
sub,595315,Steven Mazur,1,0,1
play,9,0,504333,,,K
play,9,0,595832,,,K
play,9,0,595291,,,S9/L,182.73,120.48
play,9,0,516430,,,DI.1-2
play,9,0,516430,,,DI.2-3
play,9,0,516430,,,K
id,BluAPP201007110
info,visteam,GreAPP
info,hometeam,BluAPP
info,date,2010/07/11
start,500767,Ricardo Garcia,0,1,4
start,572938,Ryan Humphrey,0,2,8
start,455390,Jhonny Medrano,0,3,5
start,548300,Chris Wallace,0,4,10
start,595832,Marcus Nidiffer,0,5,3
start,573245,Bubby Williams,0,6,2
start,516430,Emilio King,0,7,9
start,516429,Ricardo Heredia,0,8,7
start,542605,Hector Rodriguez,0,9,6
start,542170,Ricardo Batista,0,0,1
start,489314,Jeremy Shelby,1,1,8
start,572932,Kyle Hoppy,1,2,7
start,501531,Luis Ramirez,1,3,9
start,543848,Corey Thomas,1,4,3
start,573220,Joseph Velleggia,1,5,10
start,594934,Michael Mosby,1,6,5
start,525988,Moises Ciriaco,1,7,4
start,543632,Dennis Perez,1,8,2
start,595041,Vincent Zazueta,1,9,6
start,516671,Angel Cespedes,1,0,1
play,1,0,500767,,,53/G,108.43,186.75
play,1,0,572938,,,S7/F,75.30,141.57
play,1,0,455390,,,K
play,1,0,548300,,,SB2;1X3(85)
play,1,1,489314,,,S1/BG,129.52,199.80
play,1,1,572932,,,64(1)3/GDP/G6,118.47,171.69
play,1,1,501531,,,S9/F,164.66,140.56
play,1,1,543848,,,9/F,179.72,128.51
play,2,0,548300,,,S8/G,123.49,139.56
play,2,0,595832,,,S8/G.1-2,116.47,136.55
play,2,0,573245,,,K
play,2,0,516430,,,2/PF,121.49,224.90
play,2,0,516429,,,E1.1-2;2-3,128.51,197.79
play,2,0,542605,,,D9/F.1-H;2-H;3-H;B-3(E9/TH),158.63,85.34
play,2,0,500767,,,9/F,166.67,137.55
play,2,1,573220,,,K
play,2,1,594934,,,HR/F,32.13,75.30
play,2,1,525988,,,D8/F,88.35,89.36
play,2,1,543632,,,63/G.2-3,115.46,174.70
play,2,1,595041,,,7/F,77.31,128.51
play,3,0,572938,,,2/PF,122.49,227.91
play,3,0,455390,,,8/F,125.50,108.43
play,3,0,548300,,,S8/L,118.47,135.54
play,3,0,595832,,,HR/F.1-H,35.14,77.31
play,3,0,573245,,,S7/G,77.31,138.55
play,3,0,516430,,,FC6/G.1X2(64),115.46,169.68
play,3,1,489314,,,K23
play,3,1,572932,,,W
play,3,1,501531,,,13/LDP/BP1.1X1,130.52,202.81
play,4,0,516429,,,43/G,133.53,169.68
play,4,0,542605,,,13/G,124.50,199.80
play,4,0,500767,,,9/FF,178.71,167.67
play,4,1,543848,,,W
play,4,1,573220,,,HP.1-2
play,4,1,594934,,,W.1-2;2-3
play,4,1,525988,,,FC6/G.1X2(64);2-3;3-H;B-1,116.47,169.68
play,4,1,543632,,,S8/F.1-2;3-H,122.49,129.52
play,4,1,595041,,,NP
sub,500764,Jeiler Castillo,0,0,1
play,4,1,595041,,,K
play,4,1,489314,,,WP.1-2;2-3
play,4,1,489314,,,K
play,5,0,572938,,,53/G,107.43,188.76
play,5,0,455390,,,43/G,133.53,169.68
play,5,0,548300,,,HP
play,5,0,595832,,,S7/G.1-2,88.35,145.58
play,5,0,573245,,,S7/G.1-3;2-H;B-2,83.33,146.59
play,5,0,516430,,,7/F,72.29,126.51
play,5,1,572932,,,S7/G,81.33,142.57
play,5,1,501531,,,8/F,136.55,110.44
play,5,1,543848,,,K
play,5,1,573220,,,K
play,6,0,516429,,,NP
sub,575248,Andrew Huebner,1,0,1
play,6,0,516429,,,63/G,114.46,169.68
play,6,0,542605,,,K
play,6,0,500767,,,63/G,115.46,169.68
play,6,1,594934,,,63/G,115.46,170.68
play,6,1,525988,,,43/G,134.54,170.68
play,6,1,543632,,,43/G,135.54,170.68
play,7,0,572938,,,S8/L,124.50,136.55
play,7,0,455390,,,13/G.1-2,129.52,201.81
play,7,0,548300,,,W
play,7,0,595832,,,SB3;SB2
play,7,0,595832,,,K
play,7,0,573245,,,53/G,108.43,188.76
play,7,1,595041,,,9/F,168.67,137.55
play,7,1,489314,,,K
play,7,1,572932,,,9/F,186.75,135.54
play,8,0,516430,,,NP
sub,504322,Sam Taveras,1,0,1
play,8,0,516430,,,W
play,8,0,516429,,,64(1)3/GDP/G6,115.46,172.69
play,8,0,542605,,,D8/F,96.39,77.31
play,8,0,500767,,,K
play,8,1,501531,,,T9/F,197.79,137.55
play,8,1,543848,,,8/SF.3-H,122.49,110.44
play,8,1,573220,,,NP
sub,572245,Brenden Webb,1,5,11
play,8,1,572245,,,E2.B-1,107.30,135.56
play,8,1,594934,,,8/F.?X?(843),124.50,96.39
play,9,0,572938,,,NP
sub,572245,Brenden Webb,1,5,10
play,9,0,572938,,,63/G,116.47,169.68
play,9,0,455390,,,K
play,9,0,548300,,,63/G,118.47,171.69
play,9,1,525988,,,NP
sub,572142,Travis Smink,0,0,1
play,9,1,525988,,,NP
sub,572803,Brad Decater,1,7,11
play,9,1,572803,,,S9/F,160.64,139.56
play,9,1,543632,,,NP
sub,595611,Riley Hornback,1,8,11
play,9,1,595611,,,S9/F.1-2,154.62,148.59
play,9,1,595041,,,K
play,9,1,489314,,,S9/F.1-2;2-H,159.64,148.59
play,9,1,572932,,,43/G.1-2;2-3,133.53,175.70
play,9,1,501531,,,K
id,BluAPP201007140
info,visteam,KinAPP
info,hometeam,BluAPP
info,date,2010/07/14
start,572897,ZeErika McQueen,0,1,8
start,592725,Justin Schafer,0,2,6
start,502095,Lucas Stewart,0,3,3
start,573669,Aderlin Rodriguez,0,4,5
start,543710,Javier Rodriguez,0,5,9
start,544938,Albert Cordero,0,6,2
start,572284,Nelfi Zapata,0,7,10
start,514914,Ray Van Gurp,0,8,4
start,573153,John Semel,0,9,7
start,594798,Jacob DeGrom,0,0,1
start,489314,Jeremy Shelby,1,1,7
start,572932,Kyle Hoppy,1,2,10
start,572245,Brenden Webb,1,3,8
start,543848,Corey Thomas,1,4,3
start,572803,Brad Decater,1,5,5
start,501531,Luis Ramirez,1,6,9
start,595611,Riley Hornback,1,7,2
start,525988,Moises Ciriaco,1,8,4
start,500161,Javier Santana,1,9,6
start,571458,David Baker,1,0,1
play,1,0,572897,,,43/G,134.54,168.67
play,1,0,592725,,,53/G,103.41,182.73
play,1,0,502095,,,K
play,1,1,489314,,,K
play,1,1,572932,,,S9/G,143.57,133.53
play,1,1,572245,,,64(1)3/GDP/G6,115.46,167.67
play,2,0,573669,,,S6/G,114.46,174.70
play,2,0,543710,,,D9/L.1-3,200.80,135.54
play,2,0,544938,,,3/P,147.59,181.73
play,2,0,572284,,,D7/G.2-H;3-H,54.22,129.52
play,2,0,514914,,,PB.2-3
play,2,0,514914,,,W
play,2,0,573153,,,SB2
play,2,0,573153,,,W
play,2,0,572897,,,E6.1-3;2-H;3-H;B-2,114.46,158.63
play,2,0,592725,,,W
play,2,0,502095,,,NP
sub,543637,Zachary Petersime,1,0,1
play,2,0,502095,,,7/F,73.29,136.55
play,2,0,573669,,,7/F,63.25,133.53
play,2,1,543848,,,K
play,2,1,572803,,,9/F,166.67,139.56
play,2,1,501531,,,K
play,3,0,543710,,,S6/G,107.43,174.70
play,3,0,544938,,,FC4/G.1X2(46);B-2(E6/TH),115.46,171.69
play,3,0,572284,,,W+WP.2-3
play,3,0,514914,,,64(1)3/GDP/G6,107.43,174.70
play,3,1,595611,,,13/BG,128.51,193.78
play,3,1,525988,,,3/PF,185.74,197.79
play,3,1,500161,,,63/G,113.45,171.69
play,4,0,573153,,,3/P,142.57,179.72
play,4,0,572897,,,6/L,108.43,174.70
play,4,0,592725,,,S6/G,128.51,168.67
play,4,0,502095,,,W.1-2
play,4,0,573669,,,7/F,61.24,120.48
play,4,1,489314,,,8/L,112.45,91.37
play,4,1,572932,,,K
play,4,1,572245,,,63/G,111.45,178.71
play,5,0,543710,,,9/F,151.61,139.56
play,5,0,544938,,,53/G,104.42,184.74
play,5,0,572284,,,63/G,117.47,174.70
play,5,1,543848,,,53/G,96.39,182.73
play,5,1,572803,,,4/L,140.56,173.69
play,5,1,501531,,,NP
sub,594785,Christopher Clinton,1,6,11
play,5,1,594785,,,K23
play,6,0,514914,,,NP
sub,594785,Christopher Clinton,1,6,9
play,6,0,514914,,,9/F,169.68,127.51
play,6,0,573153,,,K
play,6,0,572897,,,53/G,110.44,187.75
play,6,1,595611,,,S8/G,109.44,120.48
play,6,1,525988,,,FC1/G.1X2(16);B-1,127.51,190.76
play,6,1,500161,,,S7/F.1-3;B-2(E7/TH),86.35,134.54
play,6,1,489314,,,S8/F.2-H;3-H,122.49,99.40
play,6,1,572932,,,NP
sub,572831,Josh Edgin,0,0,1
play,6,1,572932,,,SB2
play,6,1,572932,,,K
play,6,1,572245,,,S8/G.2-H,117.47,125.50
play,6,1,543848,,,K
play,7,0,592725,,,S7/F,51.20,120.48
play,7,0,502095,,,HR/F.1-H,224.90,56.22
play,7,0,573669,,,S5/G,112.45,179.72
play,7,0,543710,,,NP
sub,571540,Dustin Carder,1,0,1
play,7,0,543710,,,K
play,7,0,544938,,,WP.1-2
play,7,0,544938,,,D7/L.2-H,62.25,126.51
play,7,0,572284,,,63/G,117.47,163.65
play,7,0,514914,,,K
play,7,1,572803,,,NP
sub,542939,Peter Birdwell,0,0,1
play,7,1,572803,,,W
play,7,1,594785,,,K
play,7,1,595611,,,D9/F.1XH;B-3,176.71,125.50
play,7,1,525988,,,W
play,7,1,500161,,,CS2
play,8,0,573153,,,NP
sub,595429,Travis Strong,1,0,1
play,8,0,573153,,,S9/G,176.71,151.61
play,8,0,572897,,,FC6/G.1X2(64);B-1,120.48,168.67
play,8,0,592725,,,SB2
play,8,0,592725,,,W
play,8,0,502095,,,PB.2-3
play,8,0,502095,,,9/SF.1-2;3-H,155.62,139.56
play,8,0,573669,,,2/PF,35.14,194.78
play,8,1,489314,,,NP
sub,451699,Richard Pena,0,0,1
play,8,1,500161,,,S7/F,73.29,125.50
play,8,1,489314,,,64(1)3/GDP/G6,126.51,170.68
play,8,1,572932,,,13/G,133.53,191.77
play,9,0,543710,,,NP
sub,595315,Steven Mazur,1,0,1
play,9,0,543710,,,E5,108.43,179.72
play,9,0,544938,,,K
play,9,0,572284,,,K
play,9,0,514914,,,43/G,142.57,173.69
play,9,1,572245,,,S9/G,145.58,157.63
play,9,1,543848,,,W.1-2
play,9,1,572803,,,46(1)3/GDP/G4.2-3,143.57,170.68
play,9,1,594785,,,1/G,140.56,194.78
id,BluAPP201007150
info,visteam,KinAPP
info,hometeam,BluAPP
info,date,2010/07/15
start,572897,ZeErika McQueen,0,1,8
start,592725,Justin Schafer,0,2,4
start,502095,Lucas Stewart,0,3,3
start,573669,Aderlin Rodriguez,0,4,5
start,543710,Javier Rodriguez,0,5,9
start,572284,Nelfi Zapata,0,6,2
start,516941,Eddie Lora,0,7,10
start,543317,Charles Hinojosa,0,8,7
start,502402,Brandon Brown,0,9,6
start,542674,Gonzalez Germen,0,0,1
start,489314,Jeremy Shelby,1,1,9
start,572932,Kyle Hoppy,1,2,7
start,572245,Brenden Webb,1,3,8
start,543848,Corey Thomas,1,4,3
start,572803,Brad Decater,1,5,5
start,573220,Joseph Velleggia,1,6,10
start,543632,Dennis Perez,1,7,2
start,525988,Moises Ciriaco,1,8,4
start,500161,Javier Santana,1,9,6
start,501465,Daurin Tavarez,1,0,1
play,1,0,572897,,,S1/G,129.52,195.78
play,1,0,592725,,,S7/L.1-2,67.27,129.52
play,1,0,502095,,,S7/G.1-2;2-3,75.30,122.49
play,1,0,573669,,,E6.1-2;2-3;3-H,113.45,165.66
play,1,0,543710,,,FC6/G.1X2(64);2-3;3-H;B-1,113.45,167.67
play,1,0,572284,,,64(1)3/GDP/G6,112.45,165.66
play,1,1,489314,,,W
play,1,1,572932,,,HP.1-2
play,1,1,572245,,,WP.1-2;2-3
play,1,1,572245,,,9/F,171.69,125.50
play,1,1,543848,,,53/G.3-H,107.43,179.72
play,1,1,572803,,,9/F,171.69,111.45
play,2,0,516941,,,7/F,82.33,108.43
play,2,0,543317,,,S8/G,124.50,101.41
play,2,0,502402,,,K
play,2,0,572897,,,13/G,125.50,191.77
play,2,1,573220,,,K
play,2,1,543632,,,S1/G,123.49,198.80
play,2,1,525988,,,1(B)13()/LDP.1X1,125.50,191.77
play,3,0,592725,,,W
play,3,0,502095,,,HR/F.1-H,212.85,82.33
play,3,0,573669,,,K
play,3,0,543710,,,S7/G,70.28,125.50
play,3,0,572284,,,S7/G.1-2,78.31,127.51
play,3,0,516941,,,K
play,3,0,543317,,,S9/G.1-2;2-3,168.67,128.51
play,3,0,502402,,,43/G,138.55,167.67
play,3,1,500161,,,63/G,104.42,179.72
play,3,1,489314,,,K
play,3,1,572932,,,43/G,134.54,169.68
play,4,0,572897,,,W
play,4,0,592725,,,SB2
play,4,0,592725,,,K
play,4,0,502095,,,HP
play,4,0,573669,,,6(1)3/G6/GDP,116.47,162.65
play,4,1,572245,,,53/G,106.43,180.72
play,4,1,543848,,,63/G,110.44,168.67
play,4,1,572803,,,K
play,5,0,543710,,,NP
sub,575769,Billy Gross,1,0,1
play,5,0,543710,,,7/F,74.30,118.47
play,5,0,572284,,,K
play,5,0,516941,,,D8/F,94.38,93.37
play,5,0,543317,,,E5/TH.2-3,105.42,179.72
play,5,0,502402,,,8/F,126.51,95.38
play,5,1,573220,,,W
play,5,1,543632,,,S8/G.1-2,126.51,101.41
play,5,1,525988,,,6(1)3/G6/GDP.2-3,119.48,163.65
play,5,1,500161,,,T7/L.3-H,35.14,114.46
play,5,1,489314,,,K
play,6,0,572897,,,K23
play,6,0,592725,,,K
play,6,0,502095,,,K
play,6,1,572932,,,13/G,125.50,191.77
play,6,1,572245,,,63/G,113.45,167.67
play,6,1,543848,,,S7/G,76.31,123.49
play,6,1,572803,,,S9/L.1-3,181.73,123.49
play,6,1,573220,,,K
play,7,0,573669,,,HR/F,189.76,63.25
play,7,0,543710,,,63/G,114.46,172.69
play,7,0,572284,,,K
play,7,0,516941,,,43/G,136.55,168.67
play,7,1,543632,,,K23
play,7,1,525988,,,S9/G,175.70,122.49
play,7,1,500161,,,W.1-2
play,7,1,489314,,,NP
sub,595466,Steve Winnick,0,0,1
play,7,1,489314,,,W.1-2;2-3
play,7,1,572932,,,NP
sub,571560,T. J. Chism,0,0,1
play,7,1,572932,,,PB.1-2;2-3;3-H
play,7,1,572932,,,W
play,7,1,572245,,,8/F,120.48,115.46
play,7,1,543848,,,NP
sub,595152,Hunter Carnevale,0,0,1
play,7,1,543848,,,K
play,8,0,543317,,,NP
sub,457724,Pat McCrory,1,0,1
play,8,0,543317,,,W
play,8,0,502402,,,S9/G.1-3,179.72,122.49
play,8,0,572897,,,NP
sub,504322,Sam Taveras,1,0,1
play,8,0,572897,,,PB.1-2;3-H
play,8,0,572897,,,13/SH.2-3,126.51,191.77
play,8,0,592725,,,WP.3-H
play,8,0,592725,,,63/G,116.47,163.65
play,8,0,502095,,,W
play,8,0,573669,,,3/P,149.60,178.71
play,8,1,572803,,,K
play,8,1,573220,,,NP
sub,571559,Anderson Childers,1,6,11
play,8,1,571559,,,W
play,8,1,543632,,,8/F,123.49,97.39
play,8,1,525988,,,K23
play,9,0,543710,,,NP
sub,571559,Anderson Childers,1,6,10
play,9,0,543710,,,S5/G.B-2(E5/TH),103.41,176.71
play,9,0,572284,,,53/G,105.42,179.72
play,9,0,516941,,,K
play,9,0,543317,,,43/G,139.56,171.69
play,9,1,500161,,,23/G,124.50,207.83
play,9,1,489314,,,K
play,9,1,572932,,,E4/TH,144.58,169.68
play,9,1,572245,,,53/G,106.43,178.71
id,BluAPP201007160
info,visteam,KinAPP
info,hometeam,BluAPP
info,date,2010/07/16
start,572897,ZeErika McQueen,0,1,8
start,541603,Ismael Tijerina,0,2,6
start,502095,Lucas Stewart,0,3,3
start,573669,Aderlin Rodriguez,0,4,5
start,543710,Javier Rodriguez,0,5,9
start,544938,Albert Cordero,0,6,2
start,543317,Charles Hinojosa,0,7,10
start,573153,John Semel,0,8,7
start,514914,Ray Van Gurp,0,9,4
start,543290,Michael Hebert,0,0,1
start,489314,Jeremy Shelby,1,1,10
start,572932,Kyle Hoppy,1,2,7
start,572245,Brenden Webb,1,3,8
start,543848,Corey Thomas,1,4,3
start,572803,Brad Decater,1,5,5
start,595611,Riley Hornback,1,6,2
start,525988,Moises Ciriaco,1,7,4
start,543024,Edwin Cintron,1,8,9
start,500161,Javier Santana,1,9,6
start,594984,Cameron Roth,1,0,1
play,1,0,572897,,,K
play,1,0,541603,,,W
play,1,0,502095,,,SB2
play,1,0,502095,,,D9/F.2-H,176.71,111.45
play,1,0,573669,,,D9/F.2-H,157.63,112.45
play,1,0,543710,,,K
play,1,0,544938,,,63/G,114.46,174.70
play,1,1,489314,,,2/BP,125.50,197.79
play,1,1,572932,,,E6/TH,103.41,174.70
play,1,1,572245,,,S7/G.1-3;B-2,100.40,121.49
play,1,1,543848,,,S8/L.2-3;3-H,100.40,102.41
play,1,1,572803,,,8/F,98.39,93.37
play,1,1,595611,,,SB2.2-3(E2/TH);3-H
play,1,1,595611,,,W
play,1,1,525988,,,8/L,124.50,96.39
play,2,0,543317,,,4/L,135.54,175.70
play,2,0,573153,,,8/L,141.57,82.33
play,2,0,514914,,,53/G,104.42,177.71
play,2,1,543024,,,63/G,110.44,174.70
play,2,1,500161,,,K
play,2,1,489314,,,E5.BX2(74),82.33,127.51
play,3,0,572897,,,63/G,112.45,176.71
play,3,0,541603,,,43/G,138.55,175.70
play,3,0,502095,,,3/G,142.57,182.73
play,3,1,572932,,,K
play,3,1,572245,,,K
play,3,1,543848,,,K
play,4,0,573669,,,D8/F,136.55,90.36
play,4,0,543710,,,S8/G.2-3,136.55,102.41
play,4,0,544938,,,HR/F.1-H;3-H,64.26,46.18
play,4,0,543317,,,9/F,165.66,107.43
play,4,0,573153,,,53/G,113.45,177.71
play,4,0,514914,,,K
play,4,1,572803,,,43/G,147.59,178.71
play,4,1,595611,,,13/G,125.50,193.78
play,4,1,525988,,,43/G,135.54,175.70
play,5,0,572897,,,W
play,5,0,541603,,,SB2
play,5,0,541603,,,3/PF,153.61,198.80
play,5,0,502095,,,PO2(E?).2-3
play,5,0,502095,,,W
play,5,0,573669,,,NP
sub,575248,Andrew Huebner,1,0,1
play,5,0,573669,,,FC5/G.1X2(54);3-H;B-1,117.47,188.76
play,5,0,543710,,,8/F,111.45,104.42
play,5,1,543024,,,K
play,5,1,500161,,,K
play,5,1,489314,,,W
play,5,1,572932,,,7/F,75.30,110.44
play,6,0,544938,,,S4/G,144.58,171.69
play,6,0,543317,,,53/G.1-2,109.44,182.73
play,6,0,573153,,,S7/G.2-3,65.26,118.47
play,6,0,514914,,,S5/G.1-3;3-H,108.43,179.72
play,6,0,572897,,,8/SF.3-H,123.49,91.37
play,6,0,541603,,,S8/G.1-2,132.53,97.39
play,6,0,502095,,,S9/F.1-3;2-H,196.79,119.48
play,6,0,573669,,,S6/G.1-2;3-H,98.39,184.74
play,6,0,543710,,,9/F,169.68,110.44
play,6,1,572245,,,DGR/F89,147.59,92.37
play,6,1,543848,,,T9/F.2-H,183.73,113.45
play,6,1,572803,,,D9/F.3-H,212.85,110.44
play,6,1,595611,,,NP
sub,542939,Peter Birdwell,0,0,1
play,6,1,595611,,,W
play,6,1,525988,,,NP
sub,571559,Anderson Childers,1,7,11
play,6,1,571559,,,K
play,6,1,543024,,,K
play,6,1,500161,,,HP.1-2;2-3
play,6,1,489314,,,WP.1-2;2-3;3-H
play,6,1,489314,,,K
play,7,0,544938,,,NP
sub,571559,Anderson Childers,1,7,4
play,7,0,544938,,,53/G,109.44,183.73
play,7,0,543317,,,HP
play,7,0,573153,,,SB2
play,7,0,573153,,,W
play,7,0,514914,,,E6.1-2;2-H,110.44,180.72
play,7,0,572897,,,8/L,130.52,93.37
play,7,0,541603,,,53/G,108.43,184.74
play,7,1,572932,,,NP
sub,458720,John Holdzkom,0,0,1
play,7,1,572932,,,W
play,7,1,572245,,,PB.1-2
play,7,1,572245,,,BK.2-3
play,7,1,572245,,,WP.3-H
play,7,1,572245,,,K
play,7,1,543848,,,W
play,7,1,572803,,,K
play,7,1,595611,,,PB.1-2
play,7,1,595611,,,K
play,8,0,502095,,,NP
sub,595429,Travis Strong,1,0,1
play,8,0,502095,,,HP
play,8,0,573669,,,S9/L.1-3,165.66,122.49
play,8,0,543710,,,4(1)3/G4/GDP.3-H,128.51,179.72
play,8,0,544938,,,9/F,137.55,110.44
play,8,1,571559,,,NP
sub,541596,Jhonathan Torres,0,0,1
play,8,1,571559,,,K
play,8,1,543024,,,S8/L,158.63,92.37
play,8,1,500161,,,K
play,8,1,489314,,,FC6/G.1X2(64),115.46,173.69
play,9,0,543317,,,9/F,163.65,120.48
play,9,0,573153,,,S7/L,106.43,107.43
play,9,0,514914,,,PB.1-2
play,9,0,514914,,,53/G.2-3,104.42,185.74
play,9,0,572897,,,K
play,9,1,572932,,,NP
sub,595027,Michael Weldon,0,0,1
play,9,1,572932,,,NP
sub,594785,Christopher Clinton,1,2,11
play,9,1,594785,,,53/G,108.43,183.73
play,9,1,572245,,,NP
sub,595472,Cody Young,1,3,11
play,9,1,595472,,,K
play,9,1,543848,,,NP
sub,573220,Joseph Velleggia,1,4,11
play,9,1,573220,,,W
play,9,1,572803,,,3/G,142.57,182.73
id,BluAPP201007230
info,visteam,PriAPP
info,hometeam,BluAPP
info,date,2010/07/23
start,517028,Cesar Guillen,0,1,10
start,571711,Todd Glaesmann,0,2,8
start,501675,Ruben Contreras,0,3,9
start,572853,Bryan Fogle,0,4,7
start,541660,Alejandro Segovia,0,5,2
start,553889,Hector Guevara,0,6,4
start,541653,Felix Gonzalez,0,7,6
start,545349,Jeff Malm,0,8,3
start,596335,Brian Harris,0,9,5
start,544836,Enny Romero,0,0,1
start,489314,Jeremy Shelby,1,1,7
start,570727,Dudley Leonora,1,2,4
start,572245,Brenden Webb,1,3,8
start,543848,Corey Thomas,1,4,3
start,572000,Michael Ohlman,1,5,2
start,572803,Brad Decater,1,6,5
start,573220,Joseph Velleggia,1,7,10
start,595472,Cody Young,1,8,9
start,570731,Jonathan Schoop,1,9,6
start,543496,Jarret Martin,1,0,1
play,1,0,517028,,,43/G,137.55,171.69
play,1,0,571711,,,K
play,1,0,501675,,,53/G,108.43,183.73
play,1,1,489314,,,K
play,1,1,570727,,,63/G,117.47,163.65
play,1,1,572245,,,8/L,121.49,97.39
play,2,0,572853,,,D8/F,163.65,74.30
play,2,0,541660,,,S8/G.2-3,116.47,130.52
play,2,0,553889,,,9/F.3XH(92),171.69,120.48
play,2,0,541653,,,7/F,76.31,117.47
play,2,1,543848,,,HP
play,2,1,572000,,,9/F,171.69,123.49
play,2,1,572803,,,CS2
play,2,1,572803,,,K
play,3,0,545349,,,S3/G,136.55,193.78
play,3,0,596335,,,8/F,117.47,102.41
play,3,0,517028,,,4/P,136.55,170.68
play,3,0,571711,,,13/G,127.51,190.76
play,3,1,573220,,,K
play,3,1,595472,,,K
play,3,1,placeholder,,,NP
sub,517021,Gerardo Olivares,0,5,2
play,3,1,570731,,,S7/F,77.31,141.57
play,3,1,489314,,,PO1(E?).1-2
play,3,1,489314,,,13/G,133.53,192.77
play,4,0,501675,,,31/G,150.60,185.74
play,4,0,572853,,,K
play,4,0,517021,,,W
play,4,0,553889,,,PO1(13)
play,4,1,570727,,,K
play,4,1,572245,,,5/PF,100.40,200.80
play,4,1,543848,,,3/P,146.59,182.73
play,5,0,553889,,,K
play,5,0,541653,,,S3/BG,135.54,199.80
play,5,0,545349,,,3/G.1-2,142.57,183.73
play,5,0,596335,,,CS3
play,5,1,572000,,,S8/G,122.49,135.54
play,5,1,572803,,,9/F,170.68,130.52
play,5,1,573220,,,43/G.1-2,132.53,169.68
play,5,1,595472,,,W
play,5,1,570731,,,S9/L.1-2;2-3,150.60,151.61
play,5,1,489314,,,S4/G.1-2;2-3;3-H,145.58,174.70
play,5,1,570727,,,43/G,137.55,168.67
play,6,0,596335,,,W
play,6,0,517028,,,W.1-2
play,6,0,571711,,,WP.1-2;2-3
play,6,0,571711,,,E6.2-3;3-H,114.46,171.69
play,6,0,501675,,,FC1.1-2;3XH(12),123.49,198.80
play,6,0,572853,,,64(1)5/GDP/G6,112.45,166.67
play,6,1,572245,,,NP
sub,595371,Chris Rearick,0,0,1
play,6,1,572245,,,63/G,117.47,168.67
play,6,1,543848,,,S8/F,122.49,134.54
play,6,1,572000,,,K
play,6,1,572803,,,CS2(243).1-2(E3)
play,6,1,572803,,,9/L,169.68,126.51
play,7,0,517021,,,NP
sub,575769,Billy Gross,1,0,1
play,7,0,517021,,,S7/F,82.33,150.60
play,7,0,553889,,,K+SB2
play,7,0,541653,,,WP.2XH(72)
play,7,0,541653,,,K+WP.B-1
play,7,0,545349,,,BK.1-2
play,7,0,545349,,,6/P,112.45,157.63
play,7,1,573220,,,9/F,168.67,105.42
play,7,1,595472,,,13/G,124.50,194.78
play,7,1,570731,,,K
play,8,0,596335,,,S7/F,88.35,155.62
play,8,0,517028,,,13/SH.1-2,123.49,197.79
play,8,0,571711,,,HR/F.2-H,67.27,55.22
play,8,0,501675,,,NP
sub,571540,Dustin Carder,1,0,1
play,8,0,501675,,,9/F,168.67,122.49
play,8,0,572853,,,K
play,8,1,489314,,,23/BG,124.50,201.81
play,8,1,570727,,,E4,138.55,172.69
play,8,1,572245,,,WP.1-2
play,8,1,572245,,,W
play,8,1,543848,,,S8/F.1-2;2-3,122.49,144.58
play,8,1,572000,,,K
play,8,1,572803,,,K
play,9,0,517021,,,NP
sub,504322,Sam Taveras,1,0,1
play,9,0,517021,,,5/PF,104.42,197.79
play,9,0,553889,,,43/G,134.54,169.68
play,9,0,541653,,,43/G,139.56,172.69
play,9,1,573220,,,NP
sub,501675,Ruben Contreras,0,3,7
play,9,1,595472,,,NP
sub,595281,Kevin Kiermaier,0,4,9
play,9,1,573220,,,NP
sub,595611,Riley Hornback,1,7,11
play,9,1,595611,,,S6/G,112.45,165.66
play,9,1,595472,,,NP
sub,598415,Greyson Schram,1,8,11
play,9,1,598415,,,WP.1-2
play,9,1,598415,,,K
play,9,1,570731,,,S8/F.2-3,123.49,142.57
play,9,1,489314,,,NP
sub,592677,C. J. Riefenhauser,0,0,1
play,9,1,489314,,,FC5/G.1X2(54);3-H;B-1,104.42,180.72
play,9,1,570727,,,FC6/G.1X2(6),119.48,164.66
id,BluAPP201007240
info,visteam,PriAPP
info,hometeam,BluAPP
info,date,2010/07/24
start,595281,Kevin Kiermaier,0,1,8
start,571711,Todd Glaesmann,0,2,10
start,581660,Scott Lawson,0,3,5
start,572853,Bryan Fogle,0,4,7
start,501675,Ruben Contreras,0,5,9
start,553889,Hector Guevara,0,6,4
start,517021,Gerardo Olivares,0,7,2
start,545349,Jeff Malm,0,8,3
start,541653,Felix Gonzalez,0,9,6
start,517014,Victor Mateo,0,0,1
start,489314,Jeremy Shelby,1,1,7
start,570727,Dudley Leonora,1,2,4
start,572245,Brenden Webb,1,3,8
start,543848,Corey Thomas,1,4,3
start,572803,Brad Decater,1,5,5
start,572000,Michael Ohlman,1,6,10
start,501531,Luis Ramirez,1,7,9
start,516653,Dashenko Ricardo,1,8,2
start,570731,Jonathan Schoop,1,9,6
start,516671,Angel Cespedes,1,0,1
play,1,0,595281,,,T8/F,119.48,72.29
play,1,0,571711,,,8/F.3-H(E8/TH),122.49,98.39
play,1,0,581660,,,13/G,126.51,199.80
play,1,0,572853,,,W
play,1,0,501675,,,9/F,175.70,137.55
play,1,1,489314,,,43/G,133.53,175.70
play,1,1,570727,,,S9/G,159.64,148.59
play,1,1,572245,,,K
play,1,1,543848,,,S8/F.1X3,142.57,128.51
play,2,0,553889,,,S9/G,157.63,143.57
play,2,0,517021,,,8/F,122.49,114.46
play,2,0,545349,,,SB2
play,2,0,545349,,,K
play,2,0,541653,,,W
play,2,0,595281,,,8/F,127.51,105.42
play,2,1,572803,,,S8/G,128.51,137.55
play,2,1,572000,,,K
play,2,1,501531,,,S7/F.1-2,79.32,147.59
play,2,1,516653,,,K
play,2,1,570731,,,31/G,137.55,183.73
play,3,0,571711,,,63/G,115.46,169.68
play,3,0,581660,,,S8/G,127.51,138.55
play,3,0,572853,,,E1/TH.1-2,128.51,196.79
play,3,0,501675,,,S9/G.1-2;2-3,157.63,149.60
play,3,0,553889,,,PB.1-2;2-3;3-H
play,3,0,553889,,,HP
play,3,0,517021,,,K
play,3,0,545349,,,K
play,3,1,489314,,,6/P,112.45,156.63
play,3,1,570727,,,HP
play,3,1,572245,,,W.1-2
play,3,1,543848,,,S7/G.1-3(E7)(E7);2-H;B-2,80.32,143.57
play,3,1,572803,,,8/SF.2-3;3-H,130.52,102.41
play,3,1,572000,,,K
play,4,0,541653,,,NP
sub,543637,Zachary Petersime,1,0,1
play,4,0,541653,,,K
play,4,0,595281,,,S5/BG,114.46,195.78
play,4,0,571711,,,SB2
play,4,0,571711,,,8/F.2-3,135.54,100.40
play,4,0,581660,,,8/F,125.50,108.43
play,4,1,501531,,,S6/G,119.48,167.67
play,4,1,516653,,,PB.1-2
play,4,1,516653,,,9/FF,186.75,161.65
play,4,1,570731,,,3/PF,155.62,198.80
play,4,1,489314,,,4/P,146.59,156.63
play,5,0,572853,,,13/G,121.49,200.80
play,5,0,501675,,,3/L,140.56,188.76
play,5,0,553889,,,5/L,103.41,181.73
play,5,1,570727,,,NP
sub,595263,Mickey Jannis,0,0,1
play,5,1,570727,,,63/G,115.46,171.69
play,5,1,572245,,,K
play,5,1,543848,,,S8/F,128.51,129.52
play,5,1,572803,,,D8/L.1-H,95.38,77.31
play,5,1,572000,,,63/G,117.47,171.69
play,6,0,517021,,,3/L,143.57,183.73
play,6,0,545349,,,23/G,129.52,202.81
play,6,0,541653,,,63/G,119.48,169.68
play,6,1,501531,,,3/G,140.56,191.77
play,6,1,516653,,,E5.B-2,108.43,187.75
play,6,1,570731,,,S5/G.2-3,104.42,182.73
play,6,1,489314,,,W.1-2
play,6,1,570727,,,E4.1-3;2-H;3-H,131.53,167.67
play,6,1,572245,,,D9/F.1-3;3-H,192.77,138.55
play,6,1,543848,,,D8/F.2-H;3-H,165.66,74.30
play,6,1,572803,,,NP
sub,542933,J. R. Betts-Robinson,0,0,1
play,6,1,572803,,,63/G.2-3,119.48,167.67
play,6,1,572000,,,W
play,6,1,501531,,,4/P,136.55,160.64
play,7,0,595281,,,NP
sub,596745,Chris Petrini,1,0,1
play,7,0,595281,,,HP
play,7,0,571711,,,64(1)3/GDP/G6,115.46,170.68
play,7,0,581660,,,9/F,171.69,142.57
play,7,1,516653,,,S7/G,93.37,144.58
play,7,1,570731,,,2/PF,115.46,222.89
play,7,1,489314,,,S8/G.1-2,125.50,136.55
play,7,1,570727,,,K
play,7,1,572245,,,S7/F.1-2;2-3,82.33,135.54
play,7,1,543848,,,9/F,169.68,142.57
play,8,0,572853,,,K
play,8,0,501675,,,W
play,8,0,553889,,,FC5/G.1X2(54);B-1,110.44,188.76
play,8,0,517021,,,S7/F.1-2,88.35,147.59
play,8,0,545349,,,K23
play,8,1,572803,,,NP
sub,596334,Zane Williams,0,7,2
play,8,1,572000,,,NP
sub,596332,Garret Carruth,0,0,1
play,8,1,572803,,,63/G,117.47,169.68
play,8,1,572000,,,K
play,8,1,501531,,,31/G,138.55,182.73
play,9,0,541653,,,NP
sub,595429,Travis Strong,1,0,1
play,9,0,541653,,,S8/L,123.49,131.53
play,9,0,595281,,,43/G.1-2,135.54,169.68
play,9,0,571711,,,D7/F.2-H,92.37,96.39
play,9,0,581660,,,31/G.2-3,140.56,182.73
play,9,0,572853,,,K
id,BluAPP201007250
info,visteam,PriAPP
info,hometeam,BluAPP
info,date,2010/07/25
start,595281,Kevin Kiermaier,0,1,8
start,501675,Ruben Contreras,0,2,9
start,581660,Scott Lawson,0,3,5
start,572853,Bryan Fogle,0,4,10
start,541660,Alejandro Segovia,0,5,2
start,553889,Hector Guevara,0,6,4
start,517028,Cesar Guillen,0,7,7
start,545349,Jeff Malm,0,8,3
start,596335,Brian Harris,0,9,6
start,571479,Andrew Bellatti,0,0,1
start,572932,Kyle Hoppy,1,1,7
start,525988,Moises Ciriaco,1,2,4
start,572245,Brenden Webb,1,3,8
start,543848,Corey Thomas,1,4,3
start,572803,Brad Decater,1,5,5
start,572000,Michael Ohlman,1,6,2
start,501531,Luis Ramirez,1,7,10
start,594785,Christopher Clinton,1,8,9
start,500161,Javier Santana,1,9,6
start,501465,Daurin Tavarez,1,0,1
play,1,0,595281,,,T8/L,125.50,86.35
play,1,0,501675,,,D9/G.3-H,182.73,123.49
play,1,0,581660,,,43/G.2-3,141.57,168.67
play,1,0,572853,,,K
play,1,0,541660,,,9/F,165.66,132.53
play,1,1,572932,,,K23
play,1,1,525988,,,S9/F,164.66,118.47
play,1,1,572245,,,5/P,104.42,178.71
play,1,1,543848,,,13/G,125.50,188.76
play,2,0,553889,,,E5/TH.B-2,103.41,182.73
play,2,0,517028,,,S7/L.2-H;B-3(E7),67.27,125.50
play,2,0,545349,,,43/G.3-H,140.56,169.68
play,2,0,596335,,,63/G,118.47,172.69
play,2,0,595281,,,S1/BG,125.50,196.79
play,2,0,501675,,,S9/G.1-2,170.68,133.53
play,2,0,581660,,,S8/L.1-2;2-H,113.45,95.38
play,2,0,572853,,,S8/L.1-3;2-H,115.46,109.44
play,2,0,541660,,,53/G,102.41,180.72
play,2,1,572803,,,K
play,2,1,572000,,,K
play,2,1,501531,,,K23
play,3,0,553889,,,T8/L,116.47,81.33
play,3,0,517028,,,W
play,3,0,545349,,,D8/F.1-H;3-H,109.44,86.35
play,3,0,596335,,,S8/L.2-H,116.47,124.50
play,3,0,595281,,,S9/G.1-2,170.68,127.51
play,3,0,501675,,,NP
sub,596741,Andy Deain,1,0,1
play,3,0,501675,,,S6/G.1-2;2-3,107.43,170.68
play,3,0,581660,,,46(1)3/GDP/G4.2-3;3-H,146.59,166.67
play,3,0,572853,,,K
play,3,1,594785,,,S7/L,64.26,124.50
play,3,1,500161,,,8/F,103.41,106.43
play,3,1,572932,,,S7/G.1-2,69.28,127.51
play,3,1,525988,,,D8/L.1-H;2-H;B-3,123.49,110.44
play,3,1,572245,,,6/P,112.45,163.65
play,3,1,543848,,,K.3-H;B-1(E2/TH)
play,3,1,572803,,,FC5/G.1X2(54),100.40,181.73
play,4,0,541660,,,NP
sub,543024,Edwin Cintron,1,3,8
play,4,0,541660,,,K
play,4,0,553889,,,K
play,4,0,517028,,,S9/F,179.72,132.53
play,4,0,545349,,,8/F,118.47,117.47
play,4,1,572000,,,NP
sub,596334,Zane Williams,0,5,2
play,4,1,572000,,,K
play,4,1,501531,,,63/G,108.43,176.71
play,4,1,594785,,,8/F,112.45,122.49
play,5,0,596335,,,HP
play,5,0,595281,,,S1/L.1-2,130.52,189.76
play,5,0,501675,,,K
play,5,0,581660,,,3/G.1-2;2-3,147.59,186.75
play,5,0,572853,,,S7/G.2-H(E7);3-H,76.31,126.51
play,5,0,596334,,,FC5/G.1X2(54),100.40,179.72
play,5,1,500161,,,5/P,99.40,173.69
play,5,1,572932,,,43/G,133.53,164.66
play,5,1,525988,,,K
play,6,0,553889,,,NP
sub,573220,Joseph Velleggia,1,4,3
play,6,0,517028,,,NP
sub,504322,Sam Taveras,1,0,1
play,6,0,553889,,,S8/L,105.42,109.44
play,6,0,517028,,,T8/F.1-H,106.43,92.37
play,6,0,545349,,,43/G,145.58,165.66
play,6,0,596335,,,W
play,6,0,595281,,,W.1-2
play,6,0,501675,,,W.1-2;2-3;3-H
play,6,0,581660,,,NP
sub,595429,Travis Strong,1,0,1
play,6,0,581660,,,8/SF.2-3;3-H,109.44,91.37
play,6,0,572853,,,D7/L.1-H;3-H,59.24,119.48
play,6,0,596334,,,63/G,106.43,171.69
play,6,1,543024,,,8/F,108.43,107.43
play,6,1,573220,,,9/F,160.64,109.44
play,6,1,572803,,,43/G,138.55,179.72
play,7,0,553889,,,NP
sub,598415,Greyson Schram,1,6,2
play,7,0,553889,,,8/F,117.47,118.47
play,7,0,517028,,,9/F,175.70,125.50
play,7,0,545349,,,7/F,78.31,138.55
play,7,1,598415,,,NP
sub,543190,Bradley Furdal,0,0,1
play,7,1,598415,,,D9/L,179.72,120.48
play,7,1,501531,,,E1.2-3,127.51,190.76
play,7,1,594785,,,K
play,7,1,500161,,,W.1-2
play,7,1,572932,,,WP.1-2;2-3;3-H
play,7,1,572932,,,S4/G.2-3;3-H,136.55,180.72
play,7,1,525988,,,3/P.?X?(3),144.58,180.72
play,8,0,596335,,,NP
sub,543024,Edwin Cintron,1,3,1
play,8,0,595281,,,NP
sub,501531,Luis Ramirez,1,7,9
play,8,0,501675,,,NP
sub,594785,Christopher Clinton,1,8,8
play,8,0,596335,,,W
play,8,0,595281,,,W.1-2
play,8,0,501675,,,W.1-2;2-3
play,8,0,581660,,,3/G.1-2;2-3;3-H,144.58,179.72
play,8,0,572853,,,S8/L.2-3;3-H,113.45,101.41
play,8,0,596334,,,NP
sub,595472,Cody Young,1,3,1
play,8,0,596334,,,W.1-2
play,8,0,553889,,,5(2)3/G5/GDP,98.39,181.73
play,8,1,595472,,,D8/F,128.51,91.37
play,8,1,573220,,,PB.2-3
play,8,1,573220,,,8/SF.3-H,113.45,85.34
play,8,1,572803,,,S8/L,121.49,106.43
play,8,1,598415,,,HR/F.1-H,63.25,53.21
play,8,1,501531,,,9/F,173.69,105.42
play,8,1,594785,,,K
play,9,0,517028,,,NP
sub,595472,Cody Young,1,3,9
play,9,0,545349,,,NP
sub,501531,Luis Ramirez,1,7,1
play,9,0,517028,,,S7/G,69.28,118.47
play,9,0,545349,,,K
play,9,0,596335,,,K
play,9,0,595281,,,2/PF,129.52,223.90
play,9,1,500161,,,NP
sub,592677,C. J. Riefenhauser,0,0,1
play,9,1,500161,,,D7/L,53.21,125.50
play,9,1,572932,,,S8/L.2-3,127.51,119.48
play,9,1,525988,,,FC6/G.1X2(64);3-H;B-1,114.46,172.69
play,9,1,595472,,,4/L,142.57,168.67
play,9,1,573220,,,6/P,109.44,171.69
id,BluAPP201007260
info,visteam,PulAPP
info,hometeam,BluAPP
info,date,2010/07/26
start,573095,Derek Poppert,0,1,10
start,462088,Jetsy Extrano,0,2,4
start,517539,Ramon Morla,0,3,5
start,515055,Jose Rivero,0,4,8
start,500716,Jorge Agudelo,0,5,7
start,518466,Jabari Blash,0,6,9
start,571708,Andrew Giobbi,0,7,2
start,595351,Ethan Paquette,0,8,3
start,595400,Jake Schlander,0,9,6
start,500722,Yovanny Olivero,0,0,1
start,572932,Kyle Hoppy,1,1,8
start,570727,Dudley Leonora,1,2,5
start,501531,Luis Ramirez,1,3,9
start,543848,Corey Thomas,1,4,3
start,595611,Riley Hornback,1,5,10
start,525988,Moises Ciriaco,1,6,4
start,516653,Dashenko Ricardo,1,7,2
start,594785,Christopher Clinton,1,8,7
start,570731,Jonathan Schoop,1,9,6
start,594984,Cameron Roth,1,0,1
play,1,0,573095,,,63/G,108.43,166.67
play,1,0,462088,,,E6/TH,98.39,167.67
play,1,0,517539,,,K+SB2
play,1,0,515055,,,SB3
play,1,0,515055,,,W
play,1,0,500716,,,SB2(E2/TH);3-H(E2/TH)
play,1,0,500716,,,K
play,1,1,572932,,,W
play,1,1,570727,,,6(1)3/G6/GDP,108.43,168.67
play,1,1,501531,,,D7/L,61.24,141.57
play,1,1,543848,,,K
play,2,0,518466,,,K
play,2,0,571708,,,63/G,107.43,170.68
play,2,0,595351,,,K
play,2,1,595611,,,53/G,103.41,177.71
play,2,1,525988,,,63/G,113.45,166.67
play,2,1,516653,,,S9/L,176.71,144.58
play,2,1,594785,,,E6.1-3,102.41,171.69
play,2,1,570731,,,S7/L.1-2;3-H,67.27,120.48
play,2,1,572932,,,S7/L.1-2;2-3,82.33,134.54
play,2,1,570727,,,9/L,155.62,131.53
play,3,0,595400,,,K
play,3,0,573095,,,9/F,133.53,119.48
play,3,0,462088,,,43/G,149.60,166.67
play,3,1,501531,,,13/G(BATINT),126.51,190.76
play,3,1,543848,,,W
play,3,1,595611,,,43/G.1-2,141.57,168.67
play,3,1,525988,,,S7/L.2-H;B-2,96.39,135.54
play,3,1,516653,,,S8/L.2XH,105.42,124.50
play,4,0,517539,,,K
play,4,0,515055,,,K
play,4,0,500716,,,W
play,4,0,518466,,,SB2
play,4,0,518466,,,SB3
play,4,0,518466,,,W
play,4,0,571708,,,53/G,102.41,177.71
play,4,1,594785,,,7/F,77.31,122.49
play,4,1,570731,,,8/F,124.50,115.46
play,4,1,572932,,,S8/G,127.51,126.51
play,4,1,570727,,,9/F,184.74,135.54
play,5,0,595351,,,K
play,5,0,595400,,,4/P,151.61,173.69
play,5,0,573095,,,63/G,106.43,170.68
play,5,1,501531,,,T8/F,155.62,69.28
play,5,1,543848,,,K
play,5,1,595611,,,S7/L.3-H,82.33,136.55
play,5,1,525988,,,SB2
play,5,1,525988,,,WP.2-3
play,5,1,525988,,,E1.3-H,120.48,191.77
play,5,1,516653,,,43/G.1-2,139.56,172.69
play,5,1,594785,,,53/G,106.43,181.73
play,6,0,462088,,,NP
sub,575248,Andrew Huebner,1,0,1
play,6,0,462088,,,D9/L,199.80,128.51
play,6,0,517539,,,7/L,63.25,131.53
play,6,0,515055,,,K
play,6,0,500716,,,SB3
play,6,0,500716,,,7/F,65.26,108.43
play,6,1,570731,,,NP
sub,543920,Bennett Whitmore,0,0,1
play,6,1,570731,,,43/G,138.55,168.67
play,6,1,572932,,,K
play,6,1,570727,,,S8/L,113.45,130.52
play,6,1,501531,,,43/G,140.56,169.68
play,7,0,518466,,,K
play,7,0,571708,,,S8/F,134.54,113.45
play,7,0,595351,,,8/F,102.41,114.46
play,7,0,595400,,,FC4/G.1X2(46),136.55,168.67
play,7,1,543848,,,K
play,7,1,595611,,,K
play,7,1,525988,,,S8/G,110.44,123.49
play,7,1,516653,,,K
play,8,0,573095,,,K
play,8,0,462088,,,K
play,8,0,517539,,,6/L,113.45,166.67
play,8,1,594785,,,13/G,122.49,194.78
play,8,1,570731,,,63/G,119.48,165.66
play,8,1,572932,,,W
play,8,1,570727,,,D7/L.1-3,57.23,129.52
play,8,1,501531,,,D7/F.2-H;3-H,61.24,132.53
play,8,1,543848,,,S8/L.2-H;B-2,99.40,114.46
play,8,1,595611,,,S8/L.2-H,103.41,116.47
play,8,1,525988,,,S7/L.1-2,78.31,134.54
play,8,1,516653,,,E5.1-3(E7)(E7);2-H;B-2,106.43,182.73
play,8,1,594785,,,NP
sub,597054,Lance Abbott,0,0,1
play,8,1,594785,,,D7/L.2-H;3-H,65.26,124.50
play,8,1,570731,,,K
play,9,0,515055,,,NP
sub,571540,Dustin Carder,1,0,1
play,9,0,515055,,,S9/L,146.59,142.57
play,9,0,500716,,,FC6/G.1X2(64);B-1,101.41,166.67
play,9,0,518466,,,64(1)3/GDP/G6,116.47,160.64
id,BluAPP201007270
info,visteam,PulAPP
info,hometeam,BluAPP
info,date,2010/07/27
start,500726,Mario Yepez,0,1,8
start,462088,Jetsy Extrano,0,2,10
start,517539,Ramon Morla,0,3,5
start,515055,Jose Rivero,0,4,7
start,500716,Jorge Agudelo,0,5,4
start,595143,Matt Browning,0,6,3
start,518466,Jabari Blash,0,7,9
start,500719,Larry Gonzalez,0,8,2
start,595400,Jake Schlander,0,9,6
start,595138,Timothy Boyce,0,0,1
start,525988,Moises Ciriaco,1,1,4
start,570727,Dudley Leonora,1,2,5
start,572245,Brenden Webb,1,3,8
start,543848,Corey Thomas,1,4,3
start,595611,Riley Hornback,1,5,10
start,572000,Michael Ohlman,1,6,2
start,501531,Luis Ramirez,1,7,9
start,594785,Christopher Clinton,1,8,7
start,570731,Jonathan Schoop,1,9,6
start,595360,Jacob Petitt,1,0,1
play,1,0,500726,,,8/F,121.49,93.37
play,1,0,462088,,,K
play,1,0,517539,,,S8/F,122.49,143.57
play,1,0,515055,,,K
play,1,1,525988,,,K
play,1,1,570727,,,9/F,167.67,114.46
play,1,1,572245,,,W
play,1,1,543848,,,K
play,2,0,500716,,,K
play,2,0,595143,,,HP
play,2,0,518466,,,K+CS2
play,2,1,595611,,,W
play,2,1,placeholder,,,PO1(??)
play,2,1,572000,,,8/F,113.45,84.34
play,2,1,501531,,,8/F,131.53,114.46
play,3,0,500719,,,K
play,3,0,595400,,,S9/F,156.63,150.60
play,3,0,500726,,,S9/F.1-2,156.63,150.60
play,3,0,462088,,,K
play,3,0,517539,,,K
play,3,1,594785,,,K
play,3,1,570731,,,8/F,129.52,78.31
play,3,1,525988,,,E5,107.43,182.73
play,3,1,570727,,,S9/F.1-2,156.63,147.59
play,3,1,572245,,,K
play,4,0,515055,,,S7/F,85.34,151.61
play,4,0,500716,,,1/SH.1-2,136.55,196.79
play,4,0,595143,,,D7/L.2-H,42.17,117.47
play,4,0,518466,,,E5,109.44,182.73
play,4,0,500719,,,K
play,4,0,595400,,,D7/F.1-H;2-H,35.14,117.47
play,4,0,500726,,,S7/F.2-H;BX2(634),86.35,150.60
play,4,1,543848,,,63/G,117.47,164.66
play,4,1,595611,,,43/G,136.55,170.68
play,4,1,572000,,,S7/F,89.36,147.59
play,4,1,501531,,,PO1(?3)
play,5,0,462088,,,K
play,5,0,517539,,,K
play,5,0,515055,,,K
play,5,1,501531,,,9/F,182.73,128.51
play,5,1,594785,,,S6/G,111.45,170.68
play,5,1,570731,,,4(1)3/G4/GDP,133.53,170.68
play,6,0,500716,,,D9/F,204.82,114.46
play,6,0,595143,,,S8/F.2-3,126.51,140.56
play,6,0,518466,,,NP
sub,543637,Zachary Petersime,1,0,1
play,6,0,518466,,,W.1-2
play,6,0,500719,,,S8/F.1-2;2-3;3-H,123.49,129.52
play,6,0,595400,,,84/SF.1X2;2-3;3-H;B-1,119.48,130.52
play,6,0,500726,,,S8/F.1-2;3-H,123.49,139.56
play,6,0,462088,,,54(1)3/GDP/G5,103.41,183.73
play,6,1,525988,,,53/G,106.43,184.74
play,6,1,570727,,,53/G,105.42,177.71
play,6,1,572245,,,43/G,137.55,168.67
play,7,0,517539,,,2/PF,134.54,219.88
play,7,0,515055,,,S5/G,109.44,185.74
play,7,0,500716,,,T8/F.1-H,104.42,58.23
play,7,0,595143,,,4/L,139.56,172.69
play,7,0,518466,,,W
play,7,0,500719,,,NP
sub,596745,Chris Petrini,1,0,1
play,7,0,500719,,,S7/F.1-2;3-H,85.34,147.59
play,7,0,595400,,,FC6/G.1X2(64),114.46,167.67
play,7,1,543848,,,K
play,7,1,595611,,,K
play,7,1,572000,,,E6,115.46,170.68
play,7,1,501531,,,NP
sub,518898,Stephen Kohlscheen,0,0,1
play,7,1,501531,,,FC5/G.1X2(54),110.44,181.73
play,8,0,500726,,,NP
sub,543024,Edwin Cintron,1,3,8
play,8,0,462088,,,NP
sub,573220,Joseph Velleggia,1,4,3
play,8,0,517539,,,NP
sub,595472,Cody Young,1,7,9
play,8,0,500726,,,53/G,109.44,181.73
play,8,0,462088,,,K23
play,8,0,517539,,,E6,107.43,175.70
play,8,0,515055,,,9/F,170.68,122.49
play,8,1,594785,,,9/F,180.72,116.47
play,8,1,570731,,,D9/L,186.75,142.57
play,8,1,525988,,,S9/F.2-3,160.64,151.61
play,8,1,570727,,,46(1)3/GDP/G4,136.55,171.69
play,9,0,500716,,,NP
sub,598415,Greyson Schram,1,6,2
play,9,0,595143,,,NP
sub,500161,Javier Santana,1,0,1
play,9,0,500716,,,4/P,144.58,170.68
play,9,0,595143,,,W
play,9,0,518466,,,K
play,9,0,500719,,,6/P,115.46,146.59
play,9,1,543024,,,NP
sub,544731,Yao Wen Chang,0,0,1
play,9,1,543024,,,9/F,183.73,122.49
play,9,1,573220,,,HR/F,125.50,34.14
play,9,1,595611,,,7/L,65.26,124.50
play,9,1,598415,,,K23
id,BluAPP201007280
info,visteam,PulAPP
info,hometeam,BluAPP
info,date,2010/07/28
start,500726,Mario Yepez,0,1,8
start,595400,Jake Schlander,0,2,6
start,517539,Ramon Morla,0,3,5
start,515055,Jose Rivero,0,4,7
start,500716,Jorge Agudelo,0,5,4
start,595143,Matt Browning,0,6,3
start,518466,Jabari Blash,0,7,9
start,595351,Ethan Paquette,0,8,10
start,542546,Hassiel Jimenez,0,9,2
start,526911,Nolan Diaz,0,0,1
start,572932,Kyle Hoppy,1,1,7
start,525988,Moises Ciriaco,1,2,4
start,572245,Brenden Webb,1,3,8
start,572803,Brad Decater,1,4,5
start,572000,Michael Ohlman,1,5,2
start,573220,Joseph Velleggia,1,6,3
start,501531,Luis Ramirez,1,7,9
start,598415,Greyson Schram,1,8,10
start,570731,Jonathan Schoop,1,9,6
start,543496,Jarret Martin,1,0,1
play,1,0,500726,,,W
play,1,0,595400,,,S9/L.1-3,206.83,135.54
play,1,0,placeholder,,,PO?(E?).3-H
play,1,0,517539,,,W.1-2
play,1,0,515055,,,W.1-2;2-3
play,1,0,500716,,,W.1-2;2-3;3-H
play,1,0,595143,,,4(1)3/G4/GDP.2-3;3-H,147.59,173.69
play,1,0,518466,,,K
play,1,1,572932,,,S6/G,116.47,168.67
play,1,1,525988,,,BK.1-2
play,1,1,525988,,,HR/F.2-H,18.07,62.25
play,1,1,572245,,,63/G,103.41,171.69
play,1,1,572803,,,K
play,1,1,572000,,,53/G,106.43,180.72
play,2,0,595351,,,D9/F,162.65,132.53
play,2,0,542546,,,S9/F.2-3,170.68,144.58
play,2,0,500726,,,K
play,2,0,595400,,,CSH;.1-2
play,2,0,595400,,,W
play,2,0,517539,,,FC6/G.1X2(64),116.47,177.71
play,2,1,573220,,,53/G,100.40,182.73
play,2,1,501531,,,9/L,184.74,137.55
play,2,1,598415,,,53/G,101.41,178.71
play,3,0,515055,,,K
play,3,0,500716,,,K
play,3,0,595143,,,9/F,174.70,121.49
play,3,1,570731,,,2/PF,50.20,189.76
play,3,1,572932,,,7/F,94.38,122.49
play,3,1,525988,,,43/G,132.53,164.66
play,4,0,518466,,,W
play,4,0,595351,,,WP.1-2
play,4,0,595351,,,K
play,4,0,542546,,,K
play,4,0,500726,,,S9/F.2-H,170.68,121.49
play,4,0,595400,,,SB2
play,4,0,595400,,,5/PF,28.11,175.70
play,4,1,572245,,,W
play,4,1,572803,,,HP.1-2
play,4,1,572000,,,PB.1-2;2-3
play,4,1,572000,,,K
play,4,1,573220,,,6/P,109.44,162.65
play,4,1,501531,,,S8/F.2-H;3-H,114.46,108.43
play,4,1,598415,,,S9/F.1-3,179.72,142.57
play,4,1,570731,,,W.1-2
play,4,1,572932,,,NP
sub,594842,Tim Griffin,0,0,1
play,4,1,572932,,,K
play,5,0,517539,,,NP
sub,596741,Andy Deain,1,0,1
play,5,0,517539,,,6/P,108.43,164.66
play,5,0,515055,,,S7/F,72.29,121.49
play,5,0,500716,,,8/F,122.49,84.34
play,5,0,595143,,,W.1-2
play,5,0,518466,,,43/G,139.56,168.67
play,5,1,525988,,,K
play,5,1,572245,,,13/G,127.51,192.77
play,5,1,572803,,,K
play,6,0,595351,,,43/G,140.56,179.72
play,6,0,542546,,,2/PF,55.22,197.79
play,6,0,500726,,,K
play,6,1,572000,,,K
play,6,1,573220,,,K
play,6,1,501531,,,31/G,141.57,185.74
play,7,0,595400,,,K
play,7,0,517539,,,S9/F,178.71,134.54
play,7,0,515055,,,FC5/G.1X2(54);B-1,109.44,177.71
play,7,0,500716,,,6/P,112.45,159.64
play,7,1,598415,,,53/G,111.45,174.70
play,7,1,570731,,,53/G,102.41,177.71
play,7,1,572932,,,W
play,7,1,525988,,,K
play,8,0,595143,,,NP
sub,504322,Sam Taveras,1,0,1
play,8,0,595143,,,S1/G,117.47,190.76
play,8,0,518466,,,46(1)3/GDP/G4,137.55,171.69
play,8,0,595351,,,7/F,45.18,115.46
play,8,1,572245,,,NP
sub,585391,Preston Vancil,0,0,1
play,8,1,572245,,,T8/F,136.55,73.29
play,8,1,572803,,,SBH
play,8,1,572803,,,63/G,116.47,165.66
play,8,1,572000,,,63/G,112.45,167.67
play,8,1,573220,,,53/G,107.43,179.72
play,9,0,542546,,,NP
sub,543848,Corey Thomas,1,6,3
play,9,0,542546,,,NP
sub,462088,Jetsy Extrano,0,9,11
play,9,0,462088,,,K
play,9,0,500726,,,9/L,175.70,133.53
play,9,0,595400,,,K+WP.B-1
play,9,0,517539,,,NP
sub,573095,Derek Poppert,0,2,12
play,9,0,517539,,,S9/L.1X3,163.65,138.55
id,BluAPP201008090
info,visteam,PulAPP
info,hometeam,BluAPP
info,date,2010/08/09
start,500726,Mario Yepez,0,1,8
start,462088,Jetsy Extrano,0,2,4
start,500716,Jorge Agudelo,0,3,5
start,517539,Ramon Morla,0,4,10
start,595143,Matt Browning,0,5,3
start,595400,Jake Schlander,0,6,6
start,518466,Jabari Blash,0,7,9
start,542546,Hassiel Jimenez,0,8,2
start,573095,Derek Poppert,0,9,7
start,598217,Michael Vitale,0,0,1
start,572932,Kyle Hoppy,1,1,8
start,570727,Dudley Leonora,1,2,5
start,501531,Luis Ramirez,1,3,9
start,572803,Brad Decater,1,4,10
start,543848,Corey Thomas,1,5,3
start,525988,Moises Ciriaco,1,6,4
start,570731,Jonathan Schoop,1,7,6
start,594785,Chris Clinton,1,8,7
start,516670,Janensis Guerrero,1,9,2
start,516671,Angel Cespedes,1,0,1
play,1,0,500726,,,8/F,125.50,84.34
play,1,0,462088,,,53/G,103.41,184.74
play,1,0,500716,,,HR/F,39.16,80.32
play,1,0,517539,,,9/L,188.76,114.46
play,1,1,572932,,,E6/TH,112.45,168.67
play,1,1,570727,,,9/F,180.72,121.49
play,1,1,501531,,,8/F,132.53,76.31
play,1,1,572803,,,W.1-2
play,1,1,543848,,,S7/L.1-3(E7)(E7);2-H;B-2,76.31,116.47
play,1,1,525988,,,9/L,183.73,126.51
play,2,0,595143,,,S9/L,193.78,127.51
play,2,0,595400,,,FC4/G.1X2(46);B-1,140.56,172.69
play,2,0,518466,,,S1/G.1-2,140.56,193.78
play,2,0,542546,,,54(1)3/GDP/G5,105.42,179.72
play,2,1,570731,,,D7/L,64.26,117.47
play,2,1,594785,,,E1.2-H;B-2,124.50,191.77
play,2,1,placeholder,,,PO2(E?).2-3
play,2,1,516670,,,D8/L.3-H,110.44,54.22
play,2,1,572932,,,FC1.2X3(15);B-2,127.51,191.77
play,2,1,570727,,,E6/TH.2-3;B-2,109.44,162.65
play,2,1,501531,,,E3.2-H;3-H,147.59,180.72
play,2,1,572803,,,K
play,2,1,543848,,,63/G,110.44,172.69
play,3,0,573095,,,5/P,99.40,174.70
play,3,0,500726,,,6/L,113.45,171.69
play,3,0,462088,,,563/G5,110.44,172.69
play,3,1,525988,,,NP
sub,585391,Preston Vancil,0,0,1
play,3,1,525988,,,S8/G,111.45,98.39
play,3,1,570731,,,SB2;1-3(E2)(E2/TH)
play,3,1,570731,,,43/G,84.12,177.01
play,3,1,594785,,,D8/F.3-H,138.55,101.41
play,3,1,516670,,,K
play,3,1,572932,,,9/L,188.76,118.47
play,4,0,500716,,,63/G,112.45,173.69
play,4,0,517539,,,K
play,4,0,595143,,,5/L,104.42,183.73
play,4,1,570727,,,8/F,115.46,83.33
play,4,1,501531,,,7/F,69.28,106.43
play,4,1,572803,,,8/F,128.51,81.33
play,5,0,595400,,,53/G,105.42,185.74
play,5,0,518466,,,8/L,113.45,94.38
play,5,0,542546,,,53/G,102.41,186.75
play,5,1,543848,,,S7/L,67.27,118.47
play,5,1,525988,,,13/SH.1-2,123.49,200.80
play,5,1,570731,,,53/G.2-H(E3/TH),105.42,177.71
play,5,1,594785,,,K
play,6,0,573095,,,S8/G,123.49,98.39
play,6,0,500726,,,E6.1-2,109.44,167.67
play,6,0,462088,,,K
play,6,0,500716,,,54(1)3/GDP/G5,107.43,179.72
play,6,1,516670,,,7/F,66.27,114.46
play,6,1,572932,,,3/G,145.58,183.73
play,6,1,570727,,,3/PF,151.61,199.80
play,7,0,517539,,,8/F,114.46,88.35
play,7,0,595143,,,S7/L,66.27,121.49
play,7,0,595400,,,4/PF,175.70,169.68
play,7,0,518466,,,S7/L.1-2,73.29,121.49
play,7,0,542546,,,K
play,7,1,501531,,,7/F,71.29,119.48
play,7,1,572803,,,9/L,172.69,106.43
play,7,1,543848,,,9/F,170.68,108.43
play,8,0,573095,,,NP
sub,504322,Sam Taveras,1,0,1
play,8,0,573095,,,9/F,199.80,115.46
play,8,0,500726,,,43/G,137.55,171.69
play,8,0,462088,,,53/G,98.39,172.69
play,8,1,525988,,,NP
sub,544731,Yao Wen Chang,0,0,1
play,8,1,525988,,,3/P,148.59,188.76
play,8,1,570731,,,8/F,125.50,84.34
play,8,1,594785,,,7/F,61.24,113.45
play,9,0,500716,,,HP
play,9,0,517539,,,S8/L.1-H;B-3,120.48,62.25
play,9,0,595143,,,3/L,140.56,183.73
play,9,0,595400,,,K
play,9,0,518466,,,W
play,9,0,542546,,,HP.1-2
play,9,0,573095,,,K
id,BluAPP201008100
info,visteam,PulAPP
info,hometeam,BluAPP
info,date,2010/08/10
start,500726,Mario Yepez,0,1,8
start,462088,Jetsy Extrano,0,2,6
start,515055,Jose Rivero,0,3,7
start,517539,Ramon Morla,0,4,5
start,500716,Jorge Agudelo,0,5,4
start,595143,Matt Browning,0,6,3
start,518466,Jabari Blash,0,7,9
start,571708,Andrew Giobbi,0,8,2
start,595351,Ethan Paquette,0,9,10
start,570884,George Mieses,0,0,1
start,572932,Kyle Hoppy,1,1,7
start,570727,Dudley Leonora,1,2,5
start,572245,Brenden Webb,1,3,8
start,543848,Corey Thomas,1,4,3
start,572000,Michael Ohlman,1,5,10
start,501531,Luis Ramirez,1,6,9
start,570731,Jonathan Schoop,1,7,6
start,598415,Greyson Schram,1,8,2
start,500161,Javier Santana,1,9,4
start,543637,Zach Petersime,1,0,1
play,1,0,500726,,,S9/G,167.67,137.55
play,1,0,462088,,,6(B)63(1)/LDP,104.42,164.66
play,1,0,515055,,,13/G,127.51,192.77
play,1,1,572932,,,K
play,1,1,570727,,,31/G,138.55,173.69
play,1,1,572245,,,9/F,184.74,125.50
play,2,0,517539,,,S7/G,75.30,141.57
play,2,0,500716,,,S9/L.1-2,168.67,153.61
play,2,0,595143,,,W.1-2;2-3
play,2,0,518466,,,9/L,178.71,134.54
play,2,0,571708,,,K
play,2,0,595351,,,S8/F.1-3;2-H;3-H,125.50,100.40
play,2,0,500726,,,K
play,2,1,543848,,,S6/G,107.43,165.66
play,2,1,572000,,,64(1)3/GDP/G6,109.44,162.65
play,2,1,501531,,,5/PF,97.39,201.81
play,3,0,462088,,,W
play,3,0,515055,,,S7/G.1-2,77.31,132.53
play,3,0,517539,,,D9/L.1-H;2-H,199.80,122.49
play,3,0,500716,,,53/G,110.44,180.72
play,3,0,595143,,,CS3
play,3,0,595143,,,9/F,194.78,125.50
play,3,1,570731,,,T7/F,45.18,113.45
play,3,1,598415,,,K
play,3,1,500161,,,13/G,125.50,191.77
play,3,1,572932,,,6/P,113.45,164.66
play,4,0,518466,,,53/G,106.43,176.71
play,4,0,571708,,,8/F,120.48,89.36
play,4,0,595351,,,63/G,110.44,156.63
play,4,1,570727,,,8/F,155.62,87.35
play,4,1,572245,,,9/F,186.75,126.51
play,4,1,543848,,,K
play,5,0,500726,,,K
play,5,0,462088,,,13/G,119.48,191.77
play,5,0,515055,,,9/F,181.73,118.47
play,5,1,572000,,,S6/G,108.43,165.66
play,5,1,501531,,,D9/L.1-3,186.75,134.54
play,5,1,570731,,,2/PF,115.46,222.89
play,5,1,598415,,,E5.2-3;3-H,110.44,186.75
play,5,1,500161,,,5/LF,95.38,194.78
play,5,1,572932,,,FC6/G.1X2(64),106.43,163.65
play,6,0,517539,,,NP
sub,596741,Andy Deain,1,0,1
play,6,0,517539,,,E6,97.39,161.65
play,6,0,500716,,,D8/F.1-H,123.49,93.37
play,6,0,595143,,,S9/G.2-3,179.72,130.52
play,6,0,518466,,,K
play,6,0,571708,,,S9/G.1-3;3-H,168.67,137.55
play,6,0,595351,,,S9/G.1-3;3-H,179.72,142.57
play,6,0,500726,,,HP.1-2
play,6,0,462088,,,S1/G.1-2;2-3;3-H,127.51,191.77
play,6,0,515055,,,NP
sub,516763,Eiris Ramirez,1,0,1
play,6,0,515055,,,6/P,106.43,164.66
play,6,0,517539,,,W.1-2;2-3;3-H
play,6,0,500716,,,9/F,186.75,133.53
play,6,1,570727,,,9/F,184.74,119.48
play,6,1,572245,,,7/F,75.30,101.41
play,6,1,543848,,,S7/G,80.32,137.55
play,6,1,572000,,,53/G,108.43,182.73
play,7,0,595143,,,43/G,133.53,165.66
play,7,0,518466,,,9/F,202.81,113.45
play,7,0,571708,,,D9/L,187.75,119.48
play,7,0,595351,,,PB.2-3
play,7,0,500726,,,OA.3XH(21)
play,7,1,501531,,,NP
sub,595280,Ryan Kiel,0,0,1
play,7,1,501531,,,K
play,7,1,570731,,,K
play,7,1,598415,,,K
play,8,0,462088,,,NP
sub,543024,Edwin Cintron,1,3,8
play,8,0,515055,,,NP
sub,573220,Joe Velleggia,1,4,3
play,8,0,517539,,,NP
sub,595472,Cody Young,1,6,9
play,8,0,500716,,,NP
sub,504376,Jairo De La Cruz,1,0,1
play,8,0,595351,,,E4/TH.B-2,136.55,162.65
play,8,0,500726,,,PB.2-3
play,8,0,500726,,,3/G,145.58,171.69
play,8,0,462088,,,S7/G.3-H,70.28,137.55
play,8,0,515055,,,S7/L.1-2,82.33,139.56
play,8,0,517539,,,7/F,86.35,98.39
play,8,0,500716,,,NP
sub,573095,Derek Poppert,0,5,11
play,8,0,573095,,,K
play,8,1,500161,,,NP
sub,573095,Derek Poppert,0,5,4
play,8,1,500161,,,S7/G,85.34,133.53
play,8,1,572932,,,9/F,186.75,120.48
play,8,1,570727,,,1(B)13()/LDP.1X1,125.50,189.76
play,9,0,595143,,,W
play,9,0,518466,,,HR/F.1-H,223.90,80.32
play,9,0,571708,,,53/G,113.45,184.74
play,9,0,595351,,,6/P,114.46,166.67
play,9,0,500726,,,E8,127.51,113.45
play,9,0,462088,,,S6/G.1-2,111.45,163.65
play,9,0,515055,,,FC6/G.1X2(64),116.47,160.64
play,9,1,543024,,,9/F,188.76,115.46
play,9,1,573220,,,9/F,196.79,122.49
play,9,1,572000,,,9/F,165.66,112.45
id,BluAPP201008110
info,visteam,PulAPP
info,hometeam,BluAPP
info,date,2010/08/11
start,573095,Derek Poppert,0,1,7
start,462088,Jetsy Extrano,0,2,6
start,515055,Jose Rivero,0,3,8
start,517539,Ramon Morla,0,4,5
start,500716,Jorge Agudelo,0,5,10
start,518466,Jabari Blash,0,6,9
start,595400,Jake Schlander,0,7,4
start,500719,Larry Gonzalez,0,8,2
start,595351,Ethan Paquette,0,9,3
start,500033,Jessie Nava,0,0,1
start,525988,Moises Ciriaco,1,1,4
start,501531,Luis Ramirez,1,2,9
start,572245,Brenden Webb,1,3,8
start,543848,Corey Thomas,1,4,3
start,572803,Brad Decater,1,5,5
start,572000,Michael Ohlman,1,6,2
start,570731,Jonathan Schoop,1,7,6
start,489314,Jeremy Shelby,1,8,7
start,594785,Chris Clinton,1,9,10
start,594984,Cameron Roth,1,0,1
play,1,0,573095,,,53/G,103.41,177.71
play,1,0,462088,,,9/F,157.63,127.51
play,1,0,515055,,,3/P,145.58,179.72
play,1,1,525988,,,S9/G,175.70,119.48
play,1,1,501531,,,3/G.1-2,141.57,184.74
play,1,1,572245,,,K
play,1,1,543848,,,63/G,115.46,171.69
play,2,0,517539,,,3/G,157.63,179.72
play,2,0,500716,,,K+WP.B-1
play,2,0,518466,,,FC4/G.1X2(46);B-1,144.58,168.67
play,2,0,595400,,,3/L,148.59,176.71
play,2,1,572803,,,63/G,117.47,169.68
play,2,1,572000,,,43/G,134.54,171.69
play,2,1,570731,,,43/G,141.57,173.69
play,3,0,500719,,,D8/F,127.51,87.35
play,3,0,595351,,,K
play,3,0,573095,,,63/G,112.45,168.67
play,3,0,462088,,,63/G,113.45,166.67
play,3,1,489314,,,K
play,3,1,594785,,,1/G,139.56,189.76
play,3,1,525988,,,S8/G,115.46,83.33
play,3,1,501531,,,K
play,4,0,515055,,,9/F,173.69,111.45
play,4,0,517539,,,43/G,133.53,171.69
play,4,0,500716,,,43/G,129.52,172.69
play,4,1,572245,,,43/G,131.53,176.71
play,4,1,543848,,,K23
play,4,1,572803,,,K
play,5,0,518466,,,S9/G,174.70,122.49
play,5,0,595400,,,W.1-2
play,5,0,500719,,,64(1)3/GDP/G6.2-3,116.47,169.68
play,5,0,595351,,,K
play,5,1,572000,,,K
play,5,1,570731,,,63/G,116.47,170.68
play,5,1,489314,,,6/PF,81.33,176.71
play,6,0,573095,,,9/F,178.71,112.45
play,6,0,462088,,,7/F,72.29,121.49
play,6,0,515055,,,S8/G,123.49,89.36
play,6,0,517539,,,9/F,157.63,117.47
play,6,1,594785,,,9/F,170.68,111.45
play,6,1,525988,,,13/G,124.50,197.79
play,6,1,501531,,,K
play,7,0,500716,,,K
play,7,0,518466,,,63/G,110.44,166.67
play,7,0,595400,,,31/G,140.56,177.71
play,7,1,572245,,,9/F,182.73,115.46
play,7,1,543848,,,53/G,104.42,173.69
play,7,1,572803,,,K
play,8,0,500719,,,NP
sub,596745,Chris Petrini,1,0,1
play,8,0,500719,,,S9/G,168.67,118.47
play,8,0,595351,,,FC3/B.1X2(36);B-1,135.54,190.76
play,8,0,573095,,,NP
sub,595143,Matt Browning,0,9,12
play,8,0,573095,,,W.1-2
play,8,0,462088,,,K
play,8,0,515055,,,13/G,122.49,198.80
play,8,1,572000,,,NP
sub,595143,Matt Browning,0,9,3
play,8,1,572000,,,K
play,8,1,570731,,,W
play,8,1,489314,,,NP
sub,542940,Matthew Bischoff,0,0,1
play,8,1,489314,,,7/F,73.29,119.48
play,8,1,594785,,,K
play,9,0,517539,,,W
play,9,0,500716,,,34/SH.1-2,127.51,202.81
play,9,0,518466,,,43/G.2-3,140.56,163.65
play,9,0,595400,,,W
play,9,0,500719,,,K
play,9,1,525988,,,K
play,9,1,501531,,,S9/G,169.68,118.47
play,9,1,572245,,,HR/F.1-H,202.81,74.30
id,BluAPP201008120
info,visteam,DanAPP
info,hometeam,BluAPP
info,date,2010/08/12
start,592743,Andrelton Simmons,0,1,6
start,554239,Elmer Reyes,0,2,4
start,594886,Barrett Kleinknecht,0,3,5
start,594828,Evan Gattis,0,4,2
start,519345,Joseph Terdoslavich,0,5,3
start,517424,Alberto Odreman,0,6,10
start,598878,Keenan Wiley,0,7,9
start,594935,Jason Mowry,0,8,8
start,595212,Jarred Frierson,0,9,7
start,592303,David Filak,0,0,1
start,572932,Kyle Hoppy,1,1,7
start,570727,Dudley Leonora,1,2,4
start,572245,Brenden Webb,1,3,8
start,572803,Brad Decater,1,4,5
start,543848,Corey Thomas,1,5,3
start,501531,Luis Ramirez,1,6,10
start,489314,Jeremy Shelby,1,7,9
start,570731,Jonathan Schoop,1,8,6
start,572882,Austin Goolsby,1,9,2
start,595360,Jacob Petitt,1,0,1
play,1,0,592743,,,1/L,130.52,192.77
play,1,0,554239,,,K
play,1,0,594886,,,9/F,172.69,116.47
play,1,1,572932,,,K
play,1,1,570727,,,43/G,143.57,170.68
play,1,1,572245,,,7/F,73.29,123.49
play,2,0,594828,,,S7/F,77.31,125.50
play,2,0,519345,,,K2.1X1(INT)
play,2,0,517424,,,13/G,124.50,191.77
play,2,1,572803,,,9/F,150.60,121.49
play,2,1,543848,,,K
play,2,1,501531,,,D7/F,70.28,121.49
play,2,1,489314,,,K
play,3,0,598878,,,31/G,144.58,181.73
play,3,0,594935,,,43/G,141.57,166.67
play,3,0,595212,,,9/F,168.67,129.52
play,3,1,placeholder,,,NP
sub,571873,Lucas La Point,0,0,1
play,3,1,570731,,,S1/G.B-2(E4/TH),132.53,179.72
play,3,1,572882,,,K
play,3,1,572932,,,K
play,3,1,570727,,,PB.2-3
play,3,1,570727,,,S9/L.3-H,161.65,137.55
play,3,1,572245,,,K
play,4,0,592743,,,63/G,112.45,166.67
play,4,0,554239,,,K
play,4,0,594886,,,E4,143.57,167.67
play,4,0,594828,,,HR/F.1-H,39.16,68.27
play,4,0,519345,,,63/G,102.41,165.66
play,4,1,572803,,,K
play,4,1,543848,,,K
play,4,1,501531,,,143/G1,137.55,165.66
play,5,0,517424,,,S8/G,124.50,111.45
play,5,0,598878,,,S9/G.1-2,173.69,132.53
play,5,0,594935,,,K+SB3;SB2
play,5,0,595212,,,FC5.2-3;3XH(52),103.41,176.71
play,5,0,592743,,,8/F,114.46,91.37
play,5,1,489314,,,K
play,5,1,570731,,,63/G,109.44,170.68
play,5,1,572882,,,7/F,93.37,120.48
play,6,0,554239,,,63/G,114.46,170.68
play,6,0,594886,,,S8/G,112.45,121.49
play,6,0,594828,,,S8/F.1-3,126.51,119.48
play,6,0,519345,,,FC4/G.1X2(46);3-H;B-1,137.55,170.68
play,6,0,517424,,,CS2
play,6,1,572932,,,63/G,104.42,168.67
play,6,1,570727,,,63/G,114.46,170.68
play,6,1,572245,,,9/F,163.65,121.49
play,7,0,598878,,,NP
sub,595429,Travis Strong,1,0,1
play,7,0,517424,,,K
play,7,0,598878,,,31/G,146.59,181.73
play,7,0,594935,,,8/F,127.51,107.43
play,7,1,572803,,,K
play,7,1,543848,,,K
play,7,1,501531,,,K
play,8,0,595212,,,NP
sub,598171,Cory Ast,1,0,1
play,8,0,595212,,,K
play,8,0,592743,,,D8/G,96.39,99.40
play,8,0,554239,,,SB3
play,8,0,554239,,,K
play,8,0,594886,,,53/G,101.41,180.72
play,8,1,489314,,,S9/F,144.58,133.53
play,8,1,570731,,,8/F,109.44,97.39
play,8,1,572882,,,CS2
play,8,1,572882,,,5/L,108.43,180.72
play,9,0,594828,,,NP
sub,571540,Dustin Carder,1,0,1
play,9,0,594828,,,8/F,121.49,100.40
play,9,0,519345,,,HR/F,201.81,74.30
play,9,0,517424,,,S9/L.B-3(E9),162.65,138.55
play,9,0,598878,,,K
play,9,0,594935,,,6/L,107.43,161.65
play,9,1,572932,,,NP
sub,597491,Nate Russ,0,0,1
play,9,1,572932,,,NP
sub,572000,Michael Ohlman,1,1,11
play,9,1,572000,,,43/G,143.57,169.68
play,9,1,570727,,,63/G,103.41,166.67
play,9,1,572245,,,53/G,104.42,175.70
id,BluAPP201008130
info,visteam,DanAPP
info,hometeam,BluAPP
info,date,2010/08/13
start,592743,Andrelton Simmons,0,1,6
start,554239,Elmer Reyes,0,2,4
start,594886,Barrett Kleinknecht,0,3,5
start,594828,Evan Gattis,0,4,2
start,595176,Ryan Delgado,0,5,10
start,519345,Joseph Terdoslavich,0,6,3
start,598878,Keenan Wiley,0,7,9
start,594935,Jason Mowry,0,8,8
start,594819,Kenny Fleming,0,9,7
start,573062,Aaron Northcraft,0,0,1
start,525988,Moises Ciriaco,1,1,4
start,570727,Dudley Leonora,1,2,5
start,572245,Brenden Webb,1,3,8
start,543848,Corey Thomas,1,4,3
start,572000,Michael Ohlman,1,5,2
start,501531,Luis Ramirez,1,6,9
start,570731,Jonathan Schoop,1,7,6
start,594785,Chris Clinton,1,8,10
start,543024,Edwin Cintron,1,9,7
start,543496,Jarret Martin,1,0,1
play,1,0,592743,,,S8/G,102.41,114.46
play,1,0,554239,,,S8/F.1-3,110.44,124.50
play,1,0,594886,,,E6.1-2;3-H,119.48,176.71
play,1,0,594828,,,HP.1-2;2-3
play,1,0,595176,,,3/PF,199.80,230.92
play,1,0,519345,,,W.1-2;2-3;3-H
play,1,0,598878,,,E4.1-2;2-3;3-H,145.58,173.69
play,1,0,594935,,,FC4/G.1X2(4);2-3;3-H;B-1,148.59,176.71
play,1,0,594819,,,53/G,114.46,186.75
play,1,1,525988,,,K
play,1,1,570727,,,8/F,108.43,77.31
play,1,1,572245,,,W
play,1,1,543848,,,K
play,2,0,592743,,,W
play,2,0,554239,,,HR/F.1-H,18.07,63.25
play,2,0,594886,,,K
play,2,0,594828,,,D8/F,113.45,107.43
play,2,0,595176,,,WP.2-3
play,2,0,595176,,,WP.3-H
play,2,0,595176,,,9/F,140.56,132.53
play,2,0,519345,,,K
play,2,1,572000,,,53/G,102.41,169.68
play,2,1,501531,,,5/P,111.45,182.73
play,2,1,570731,,,63/G,113.45,167.67
play,3,0,598878,,,NP
sub,516763,Eiris Ramirez,1,0,1
play,3,0,598878,,,W
play,3,0,594935,,,41/G.1-2,147.59,179.72
play,3,0,594819,,,WP.2-3
play,3,0,594819,,,7/L,107.43,135.54
play,3,0,592743,,,53/G,104.42,178.71
play,3,1,594785,,,7/L,118.47,115.46
play,3,1,543024,,,S9/F,130.52,137.55
play,3,1,525988,,,13/G.1-2,134.54,197.79
play,3,1,570727,,,S8/F.2-H,121.49,120.48
play,3,1,572245,,,WP.1-2
play,3,1,572245,,,K
play,4,0,554239,,,7/F,76.31,117.47
play,4,0,594886,,,D7/F,57.23,124.50
play,4,0,594828,,,9/F,180.72,127.51
play,4,0,595176,,,D7/F.2-H,93.37,131.53
play,4,0,519345,,,WP.2-3
play,4,0,519345,,,K
play,4,1,543848,,,W
play,4,1,572000,,,W.1-2
play,4,1,501531,,,FC4/G.1X2(46);2-3;B-1,131.53,173.69
play,4,1,570731,,,W.1-2
play,4,1,594785,,,6/P,113.45,169.68
play,4,1,543024,,,4/P,137.55,180.72
play,5,0,598878,,,31/G,146.59,179.72
play,5,0,594935,,,E6,107.43,174.70
play,5,0,594819,,,S8/F.1-3,127.51,116.47
play,5,0,592743,,,S7/F.1-2;3-H,71.29,146.59
play,5,0,554239,,,6/P,114.46,162.65
play,5,0,594886,,,6/P,120.48,167.67
play,5,1,525988,,,S9/F,171.69,137.55
play,5,1,570727,,,9/L,165.66,153.61
play,5,1,572245,,,K
play,5,1,543848,,,3/PF,180.72,214.86
play,6,0,594828,,,NP
sub,504376,Jairo De La Cruz,1,0,1
play,6,0,594828,,,K
play,6,0,595176,,,HR/F,12.05,78.31
play,6,0,519345,,,HR/F,191.77,52.21
play,6,0,598878,,,5/P,110.44,170.68
play,6,0,594935,,,4/P,138.55,174.70
play,6,1,572000,,,4/L,135.54,170.68
play,6,1,501531,,,S7/F,66.27,142.57
play,6,1,570731,,,54(1)3/GDP/G5,108.43,178.71
play,7,0,594819,,,NP
sub,573220,Joe Velleggia,1,4,3
play,7,0,592743,,,NP
sub,595472,Cody Young,1,6,9
play,7,0,554239,,,NP
sub,500161,Javier Santana,1,7,6
play,7,0,594819,,,7/F,51.20,123.49
play,7,0,592743,,,S7/F,100.40,137.55
play,7,0,554239,,,NP
sub,595212,Jarred Frierson,0,1,12
play,7,0,554239,,,54(1)3/GDP/G5,114.46,183.73
play,7,1,placeholder,,,NP
sub,595212,Jarred Frierson,0,1,4
play,7,1,placeholder,,,NP
sub,554239,Elmer Reyes,0,2,6
play,7,1,placeholder,,,NP
sub,592786,Matthew Suschak,0,0,1
play,7,1,594785,,,S4/G,140.56,166.67
play,7,1,543024,,,E6.1-2,116.47,171.69
play,7,1,525988,,,W.1-2;2-3
play,7,1,570727,,,FC4/G.1X2(46);2-3;3-H;B-1,136.55,172.69
play,7,1,572245,,,K
play,7,1,573220,,,S8/F.1-2;3-H,101.41,127.51
play,7,1,572000,,,K+WP.1-2;2-3;B-1
play,7,1,595472,,,63/G,111.45,167.67
play,8,0,594886,,,4/P,134.54,174.70
play,8,0,594828,,,63/G,116.47,168.67
play,8,0,595176,,,2/PF,173.69,216.87
play,8,1,500161,,,W
play,8,1,594785,,,K
play,8,1,543024,,,54(1)3/GDP/G5,105.42,177.71
play,9,0,519345,,,7/F,57.23,133.53
play,9,0,598878,,,W
play,9,0,594935,,,WP.1-2
play,9,0,594935,,,8/F,125.50,80.32
play,9,0,594819,,,9/F,190.76,117.47
play,9,1,525988,,,63/G,118.47,166.67
play,9,1,570727,,,K
play,9,1,572245,,,K
id,BluAPP201008140
info,visteam,DanAPP
info,hometeam,BluAPP
info,date,2010/08/14
start,592743,Andrelton Simmons,0,1,6
start,554239,Elmer Reyes,0,2,4
start,594886,Barrett Kleinknecht,0,3,5
start,594828,Evan Gattis,0,4,10
start,595176,Ryan Delgado,0,5,2
start,519345,Joseph Terdoslavich,0,6,3
start,598878,Keenan Wiley,0,7,8
start,595212,Jarred Frierson,0,8,9
start,594819,Kenny Fleming,0,9,7
start,542201,Ronan Pacheco,0,0,1
start,525988,Moises Ciriaco,1,1,4
start,570727,Dudley Leonora,1,2,5
start,572803,Brad Decater,1,3,10
start,543848,Corey Thomas,1,4,3
start,489314,Jeremy Shelby,1,5,8
start,570731,Jonathan Schoop,1,6,6
start,594785,Chris Clinton,1,7,7
start,516670,Janensis Guerrero,1,8,2
start,595472,Cody Young,1,9,9
start,516671,Angel Cespedes,1,0,1
play,1,0,592743,,,HP
play,1,0,554239,,,D7/F.1-H,69.28,91.37
play,1,0,594886,,,4/L,123.49,158.63
play,1,0,594828,,,9/F,172.69,103.41
play,1,0,595176,,,53/G,100.40,184.74
play,1,1,525988,,,S8/L,101.41,91.37
play,1,1,570727,,,16(1)3/GDP/G1,118.47,193.78
play,1,1,572803,,,53/G,97.39,179.72
play,2,0,519345,,,S7/L,84.34,112.45
play,2,0,598878,,,S9/L.1-2,178.71,119.48
play,2,0,595212,,,23/SH.1-2;2-3,136.55,210.84
play,2,0,594819,,,7/F,54.22,112.45
play,2,0,592743,,,8/F,146.59,62.25
play,2,1,543848,,,K
play,2,1,489314,,,43/G,134.54,159.64
play,2,1,570731,,,D8/F,132.53,68.27
play,2,1,594785,,,7/F,67.27,111.45
play,3,0,554239,,,HP
play,3,0,594886,,,4/P,168.67,149.60
play,3,0,594828,,,PO1(E?).1-2
play,3,0,594828,,,63/G.2-3,102.41,175.70
play,3,0,595176,,,D8/F.3-H,120.48,64.26
play,3,0,519345,,,6/P,86.35,153.61
play,3,1,516670,,,43/G,146.59,163.65
play,3,1,595472,,,8/L,115.46,97.39
play,3,1,525988,,,S8/L,116.47,101.41
play,3,1,570727,,,13/G,117.47,195.78
play,4,0,598878,,,43/G,139.56,170.68
play,4,0,595212,,,S8/G,134.54,103.41
play,4,0,594819,,,S7/L.1-H;B-3,171.69,113.45
play,4,0,592743,,,7/SF.3-H,74.30,101.41
play,4,0,554239,,,63/G,115.46,171.69
play,4,1,572803,,,43/G,139.56,170.68
play,4,1,543848,,,S8/L,106.43,83.33
play,4,1,489314,,,K+WP.1-2
play,4,1,570731,,,D7/F.2-H,54.22,93.37
play,4,1,594785,,,43/G,143.57,177.71
play,5,0,594886,,,63/G,107.43,178.71
play,5,0,594828,,,63/G,115.46,183.73
play,5,0,595176,,,63/G,114.46,176.71
play,5,1,516670,,,K
play,5,1,595472,,,K
play,5,1,525988,,,W
play,5,1,570727,,,WP.1-2
play,5,1,570727,,,K
play,6,0,519345,,,S8/G,136.55,87.35
play,6,0,598878,,,PB.1-2
play,6,0,598878,,,8/F,135.54,61.24
play,6,0,595212,,,S7/G.2-3,80.32,114.46
play,6,0,594819,,,S9/G.1-2;3-H,179.72,114.46
play,6,0,592743,,,5(B)54(2)/LDP,99.40,183.73
play,6,1,572803,,,K23
play,6,1,543848,,,K
play,6,1,489314,,,63/G,103.41,177.71
play,7,0,554239,,,NP
sub,596741,Andy Deain,1,0,1
play,7,0,554239,,,6/P,90.36,149.60
play,7,0,594886,,,63/G,110.44,169.68
play,7,0,594828,,,S5/G,101.41,175.70
play,7,0,595176,,,DGR/F7.1-3,55.22,65.26
play,7,0,519345,,,S9/L.2-H(E9);3-H,168.67,113.45
play,7,0,598878,,,13/G,122.49,187.75
play,7,1,570731,,,NP
sub,592741,Chasen Shreve,0,0,1
play,7,1,570731,,,53/G,95.38,183.73
play,7,1,594785,,,K23
play,7,1,516670,,,8/F,141.57,73.29
play,8,0,595212,,,NP
sub,598171,Cory Ast,1,0,1
play,8,0,595212,,,63/G,104.42,171.69
play,8,0,594819,,,S7/L,100.40,100.40
play,8,0,592743,,,7/F,79.32,99.40
play,8,0,554239,,,HR/F.1-H,47.19,71.29
play,8,0,594886,,,63/G,106.43,167.67
play,8,1,595472,,,D9/F,218.88,104.42
play,8,1,525988,,,63/G.2-3,107.43,170.68
play,8,1,570727,,,43/G.3-H,142.57,170.68
play,8,1,572803,,,K
play,9,0,594828,,,NP
sub,504322,Sam Taveras,1,0,1
play,9,0,594828,,,53/G,97.39,176.71
play,9,0,595176,,,53/G,108.43,176.71
play,9,0,519345,,,9/F,172.69,110.44
play,9,1,543848,,,NP
sub,592501,Matthew Lewis,0,0,1
play,9,1,543848,,,K
play,9,1,489314,,,53/G,106.43,176.71
play,9,1,570731,,,63/G,105.42,170.68
id,BluAPP201008201
info,visteam,BriAPP
info,hometeam,BluAPP
info,date,2010/08/20
start,543388,Jordan Keegan,0,1,7
start,596881,Qualon Millender,0,2,8
start,594895,Drew Lee,0,3,6
start,542941,Daniel Black,0,4,3
start,500875,Jeffer Patino,0,5,4
start,592660,Rangel Ravelo,0,6,5
start,592715,Bradley Salgado,0,7,10
start,555543,Chase Blackwood,0,8,2
start,596880,J. D. Ashbrook,0,9,9
start,595473,Robert Young,0,0,1
start,572932,Kyle Hoppy,1,1,7
start,570727,Dudley Leonora,1,2,5
start,572245,Brenden Webb,1,3,8
start,543848,Corey Thomas,1,4,3
start,572000,Michael Ohlman,1,5,2
start,570731,Jonathan Schoop,1,6,6
start,573220,Joe Velleggia,1,7,10
start,525988,Moises Ciriaco,1,8,4
start,594785,Chris Clinton,1,9,9
start,595360,Jacob Petitt,1,0,1
play,1,0,543388,,,9/F,198.80,134.54
play,1,0,596881,,,S9/F,204.82,128.51
play,1,0,placeholder,,,POCS2(136)
play,1,0,594895,,,6/P,97.39,169.68
play,1,1,572932,,,S7/F,91.37,127.51
play,1,1,570727,,,4(B)43(1)/LDP,138.55,177.71
play,1,1,572245,,,8/F,111.45,97.39
play,2,0,542941,,,53/G,112.45,173.69
play,2,0,500875,,,8/F,105.42,101.41
play,2,0,592660,,,S9/F,171.69,146.59
play,2,0,592715,,,S7/G.1-2,94.38,157.63
play,2,0,555543,,,D7/F.1-H;2-H,67.27,123.49
play,2,0,596880,,,63/G,120.48,169.68
play,2,1,543848,,,K
play,2,1,572000,,,63/G,105.42,170.68
play,2,1,570731,,,S9/F,184.74,136.55
play,2,1,573220,,,K
play,3,0,543388,,,HP
play,3,0,596881,,,K
play,3,0,594895,,,PO1(13)
play,3,0,594895,,,9/F,172.69,132.53
play,3,1,525988,,,9/F,142.57,115.46
play,3,1,594785,,,K
play,3,1,572932,,,3/G,138.55,181.73
play,4,0,542941,,,8/F,124.50,100.40
play,4,0,500875,,,3/G,131.53,178.71
play,4,0,592660,,,63/G,117.47,175.70
play,4,1,570727,,,43/G,147.59,168.67
play,4,1,572245,,,W
play,4,1,543848,,,WP.1-2
play,4,1,543848,,,S8/F.2-H,124.50,104.42
play,4,1,572000,,,64(1)3/GDP/G6,125.50,171.69
play,5,0,592715,,,7/F,79.32,113.45
play,5,0,555543,,,K
play,5,0,596880,,,41/G,124.50,170.68
play,5,1,570731,,,8/F,164.66,82.33
play,5,1,573220,,,K
play,5,1,525988,,,63/G,104.42,176.71
play,6,0,543388,,,43/G,140.56,167.67
play,6,0,596881,,,53/G,104.42,186.75
play,6,0,594895,,,D7/F,50.20,121.49
play,6,0,542941,,,8/F,106.43,91.37
play,6,1,594785,,,8/F,104.42,120.48
play,6,1,572932,,,K
play,6,1,570727,,,S7/F,68.27,125.50
play,6,1,572245,,,K
play,7,0,500875,,,5/P,107.43,176.71
play,7,0,592660,,,3/PF,239.96,193.78
play,7,0,592715,,,9/F,175.70,112.45
play,7,1,543848,,,NP
sub,598718,Terance Marin,0,0,1
play,7,1,543848,,,S7/G,73.29,143.57
play,7,1,572000,,,13/SH.1-2,125.50,186.75
play,7,1,570731,,,13/G,126.51,202.81
play,7,1,573220,,,K
id,BluAPP201008202
info,visteam,BriAPP
info,hometeam,BluAPP
info,date,2010/08/20
start,543388,Jordan Keegan,0,1,7
start,596881,Qualon Millender,0,2,8
start,594895,Drew Lee,0,3,4
start,542941,Daniel Black,0,4,10
start,572794,Robert Cummings,0,5,5
start,594990,Michael Schwartz,0,6,3
start,594948,Sean O'Connell,0,7,2
start,595033,Ethan Wilson,0,8,6
start,596882,Marcus Spencer,0,9,9
start,598384,Spencer Shelton,0,0,1
start,489314,Jeremy Shelby,1,1,8
start,570731,Jonathan Schoop,1,2,6
start,572245,Brenden Webb,1,3,10
start,543848,Corey Thomas,1,4,3
start,572803,Brad Decater,1,5,9
start,572882,Austin Goolsby,1,6,2
start,595472,Cody Young,1,7,9
start,543024,Edwin Cintron,1,8,7
start,500161,Javier Santana,1,9,4
start,543496,Jarret Martin,1,0,1
play,1,0,543388,,,13/G,126.51,193.78
play,1,0,596881,,,W
play,1,0,placeholder,,,PO1(E?).1-3
play,1,0,594895,,,WP.3-H
play,1,0,594895,,,43/G,149.60,167.67
play,1,0,542941,,,K
play,1,1,489314,,,E5/TH,99.40,181.73
play,1,1,570731,,,6/P,126.51,164.66
play,1,1,572245,,,K
play,1,1,543848,,,SB2;1-3(E2)(E2/TH)
play,1,1,543848,,,K
play,2,0,572794,,,W
play,2,0,594990,,,HP.1-2
play,2,0,594948,,,S3/BG.1-2;2-3,139.56,187.75
play,2,0,595033,,,K
play,2,0,596882,,,K
play,2,0,543388,,,W.1-2;2-3;3-H
play,2,0,596881,,,K
play,2,1,572803,,,K
play,2,1,572882,,,S8/F,142.57,97.39
play,2,1,595472,,,S7/F.1-2,73.29,118.47
play,2,1,543024,,,FC5/G.1-2;2X3(5);B-1,101.41,180.72
play,2,1,500161,,,W.1-2;2-3
play,2,1,489314,,,K
play,3,0,594895,,,8/F,117.47,99.40
play,3,0,542941,,,K
play,3,0,572794,,,K
play,3,1,570731,,,K
play,3,1,572245,,,3/G,142.57,176.71
play,3,1,543848,,,53/G,111.45,176.71
play,4,0,594990,,,13/G,118.47,185.74
play,4,0,594948,,,K
play,4,0,595033,,,K
play,4,1,572803,,,NP
sub,572944,Ethan Icard,0,0,1
play,4,1,572803,,,53/G,99.40,189.76
play,4,1,572882,,,W
play,4,1,595472,,,W.1-2
play,4,1,543024,,,WP.1-2;2-3
play,4,1,543024,,,7/SF.3-H,74.30,113.45
play,4,1,500161,,,S8/F.2-H,112.45,110.44
play,4,1,489314,,,9/F,184.74,125.50
play,5,0,596882,,,W
play,5,0,543388,,,NP
sub,596741,Andy Deain,1,0,1
play,5,0,543388,,,CS2
play,5,0,543388,,,7/F,71.29,109.44
play,5,0,596881,,,31/G,147.59,180.72
play,5,1,570731,,,NP
sub,502280,Jamaal Hollis,0,0,1
play,5,1,570731,,,S7/L,86.35,131.53
play,5,1,572245,,,CS2
play,5,1,572245,,,K
play,5,1,543848,,,K
play,6,0,594895,,,E3,145.58,184.74
play,6,0,542941,,,S8/G.1-2,103.41,106.43
play,6,0,572794,,,14/SH.1-2;2-3,130.52,192.77
play,6,0,594990,,,IW
play,6,0,594948,,,6(B)64()/LDP,110.44,172.69
play,6,1,572803,,,NP
sub,572000,Michael Ohlman,1,5,11
play,6,1,572000,,,W
play,6,1,placeholder,,,NP
sub,594785,Chris Clinton,1,5,12
play,6,1,572882,,,3/SH.1-2,134.54,185.74
play,6,1,595472,,,K
play,6,1,543024,,,K
play,7,0,595033,,,NP
sub,570727,Dudley Leonora,1,5,5
play,7,0,596882,,,NP
sub,596745,Chris Petrini,1,0,1
play,7,0,595033,,,63/G,100.40,152.61
play,7,0,596882,,,8/F,155.62,88.35
play,7,0,543388,,,K
play,7,1,500161,,,NP
sub,519170,Kevin Rath,0,0,1
play,7,1,500161,,,E4,139.56,175.70
play,7,1,489314,,,13/SH.1-2,116.47,195.78
play,7,1,570731,,,W
play,7,1,572245,,,WP.2-3
play,7,1,572245,,,K+WP.1-2;3-H
id,BluAPP201008210
info,visteam,BriAPP
info,hometeam,BluAPP
info,date,2010/08/21
start,543388,Jordan Keegan,0,1,7
start,596881,Qualon Millender,0,2,8
start,594895,Drew Lee,0,3,10
start,542941,Daniel Black,0,4,3
start,500875,Jeffer Patino,0,5,4
start,592660,Rangel Ravelo,0,6,5
start,592715,Bradley Salgado,0,7,6
start,555543,Chase Blackwood,0,8,2
start,596880,J. D. Ashbrook,0,9,9
start,571547,Jarrett Casey,0,0,1
start,525988,Moises Ciriaco,1,1,4
start,570727,Dudley Leonora,1,2,5
start,570731,Jonathan Schoop,1,3,6
start,543848,Corey Thomas,1,4,3
start,489314,Jeremy Shelby,1,5,8
start,598415,Greyson Schram,1,6,10
start,594785,Chris Clinton,1,7,7
start,516670,Janensis Guerrero,1,8,2
start,595472,Cody Young,1,9,9
start,516671,Angel Cespedes,1,0,1
play,1,0,543388,,,K
play,1,0,596881,,,W
play,1,0,594895,,,8/L,124.50,95.38
play,1,0,542941,,,7/F,69.28,116.47
play,1,1,525988,,,W
play,1,1,570727,,,FC6/G.1X2(64);B-1,111.45,168.67
play,1,1,570731,,,FC5/G.1X2(54);B-1,104.42,178.71
play,1,1,543848,,,S8/G.1-2,132.53,97.39
play,1,1,489314,,,FC4/G.1X2(4),134.54,163.65
play,2,0,500875,,,E5,104.42,178.71
play,2,0,592660,,,8/F,115.46,89.36
play,2,0,592715,,,3/PF,151.61,199.80
play,2,0,555543,,,13/G,124.50,191.77
play,2,1,598415,,,HR/F,209.84,82.33
play,2,1,594785,,,9/F,181.73,109.44
play,2,1,516670,,,E5,104.42,178.71
play,2,1,595472,,,WP.1-2
play,2,1,595472,,,S8/L.2-3,128.51,111.45
play,2,1,525988,,,S9/G.1-2;3-H,180.72,122.49
play,2,1,570727,,,S7/G.1-2;2-3,83.33,133.53
play,2,1,570731,,,D7/L.1-3;2-H;3-H,44.18,116.47
play,2,1,543848,,,D9/F.2-H;3-H,196.79,100.40
play,2,1,489314,,,W
play,2,1,598415,,,S9/G.1-2;2-3,176.71,125.50
play,2,1,594785,,,NP
sub,570558,Darwin Matos,0,0,1
play,2,1,594785,,,S8/L.1-2;2-H;3-H,130.52,96.39
play,2,1,516670,,,7/F,75.30,110.44
play,2,1,595472,,,K
play,3,0,596880,,,7/F,62.25,110.44
play,3,0,543388,,,W
play,3,0,596881,,,K
play,3,0,594895,,,HR/F.1-H,213.86,78.31
play,3,0,542941,,,S8/G,131.53,93.37
play,3,0,500875,,,S8/G.1-2,128.51,93.37
play,3,0,592660,,,D7/F.1-H;2-H,52.21,94.38
play,3,0,592715,,,D9/F.2-H,195.78,107.43
play,3,0,555543,,,63/G,112.45,166.67
play,3,1,525988,,,NP
sub,595364,Samuel Phippen,0,0,1
play,3,1,525988,,,W
play,3,1,570727,,,K
play,3,1,570731,,,W.1-2
play,3,1,543848,,,K
play,3,1,489314,,,FC5/G.1X2(54),104.42,179.72
play,4,0,596880,,,D8/F,130.52,70.28
play,4,0,543388,,,D9/F.2-H,195.78,102.41
play,4,0,596881,,,53/SH.2-3,115.46,195.78
play,4,0,594895,,,E3.3-H,151.61,180.72
play,4,0,542941,,,NP
sub,598171,Cory Ast,1,0,1
play,4,0,542941,,,W.1-2
play,4,0,500875,,,FC4/G.1X2(46);2-3;B-1,137.55,167.67
play,4,0,592660,,,FC6/G.1X2(6),116.47,165.66
play,4,1,598415,,,NP
sub,572837,Austin Evans,0,0,1
play,4,1,598415,,,K
play,4,1,594785,,,13/G,125.50,192.77
play,4,1,516670,,,8/F,125.50,87.35
play,5,0,592715,,,S9/F,176.71,119.48
play,5,0,555543,,,7/F,71.29,117.47
play,5,0,596880,,,K
play,5,0,543388,,,K
play,5,1,595472,,,T7/F,51.20,98.39
play,5,1,525988,,,3/G,150.60,177.71
play,5,1,570727,,,S3/G.3-H,150.60,173.69
play,5,1,570731,,,WP.1-3
play,5,1,570731,,,D7/F.3-H,57.23,95.38
play,5,1,543848,,,4/P,139.56,167.67
play,5,1,489314,,,K
play,6,0,596881,,,NP
sub,595429,Travis Strong,1,0,1
play,6,0,596881,,,53/G,103.41,180.72
play,6,0,594895,,,S7/L,63.25,119.48
play,6,0,542941,,,7/FF.1-2,38.15,128.51
play,6,0,500875,,,W
play,6,0,592660,,,9/F,182.73,110.44
play,6,1,598415,,,63/G,111.45,170.68
play,6,1,594785,,,43/G,139.56,167.67
play,6,1,516670,,,43/G,139.56,168.67
play,7,0,592715,,,NP
sub,575248,Andrew Huebner,1,0,1
play,7,0,592715,,,4/P,138.55,165.66
play,7,0,555543,,,HP
play,7,0,596880,,,D8/F.1-H,114.46,65.26
play,7,0,543388,,,8/F,129.52,84.34
play,7,0,596881,,,OA.2X3(26)
play,7,1,595472,,,53/G,106.43,180.72
play,7,1,525988,,,3/G,149.60,178.71
play,7,1,570727,,,43/G,113.45,170.68
play,8,0,594895,,,NP
sub,571540,Dustin Carder,1,0,1
play,8,0,596881,,,53/G,105.42,179.72
play,8,0,594895,,,7/F,70.28,117.47
play,8,0,542941,,,43/G,139.56,167.67
play,8,1,570731,,,S8/G,122.49,107.43
play,8,1,543848,,,K
play,8,1,489314,,,S9/L.1-3,175.70,124.50
play,8,1,598415,,,K
play,8,1,594785,,,S7/L.1-2;3-H,68.27,118.47
play,8,1,516670,,,K
play,9,0,500875,,,NP
sub,504322,Sam Taveras,1,0,1
play,9,0,500875,,,S8/L,120.48,95.38
play,9,0,592660,,,K+WP.1-2
play,9,0,592715,,,K
play,9,0,555543,,,K
id,BluAPP201008220
info,visteam,EliAPP
info,hometeam,BluAPP
info,date,2010/08/22
start,594854,Brandon Henderson,0,1,8
start,594896,Andy Leer,0,2,5
start,542455,Oswaldo Arcia,0,3,9
start,592184,Brian Burke,0,4,3
start,543611,Daniel Ortiz,0,5,7
start,543650,Derrick Phillips,0,6,10
start,594849,Jamaal Hawkins,0,7,6
start,571972,Buddy Munroe,0,8,2
start,572993,Nick Lockwood,0,9,4
start,592244,Logan Darnell,0,0,1
start,572932,Kyle Hoppy,1,1,7
start,570727,Dudley Leonora,1,2,5
start,572245,Brenden Webb,1,3,8
start,543848,Corey Thomas,1,4,3
start,570731,Jonathan Schoop,1,5,6
start,572000,Michael Ohlman,1,6,2
start,501531,Luis Ramirez,1,7,9
start,573220,Joe Velleggia,1,8,10
start,525988,Moises Ciriaco,1,9,4
start,543637,Zach Petersime,1,0,1
play,1,0,594854,,,8/F,121.49,114.46
play,1,0,594896,,,43/G,134.54,171.69
play,1,0,542455,,,7/F,73.29,139.56
play,1,1,572932,,,K
play,1,1,570727,,,13/G,121.49,200.80
play,1,1,572245,,,3/L,142.57,185.74
play,2,0,592184,,,9/F,185.74,132.53
play,2,0,543611,,,8/F,106.43,108.43
play,2,0,543650,,,K
play,2,1,543848,,,E5,106.43,181.73
play,2,1,570731,,,9/F,180.72,144.58
play,2,1,572000,,,8/F,112.45,112.45
play,2,1,501531,,,K
play,3,0,594849,,,31/G,139.56,186.75
play,3,0,571972,,,2/PF,128.51,224.90
play,3,0,572993,,,9/F,174.70,141.57
play,3,1,573220,,,43/G,133.53,171.69
play,3,1,525988,,,K
play,3,1,572932,,,K23
play,4,0,594854,,,43/G,129.52,165.66
play,4,0,594896,,,43/G,140.56,171.69
play,4,0,542455,,,3/G,141.57,186.75
play,4,1,570727,,,43/G,136.55,167.67
play,4,1,572245,,,W
play,4,1,543848,,,W.1-2
play,4,1,570731,,,46(1)3/GDP/G4,134.54,171.69
play,5,0,592184,,,9/F,186.75,133.53
play,5,0,543611,,,K
play,5,0,543650,,,K
play,5,1,572000,,,K
play,5,1,501531,,,S9/F,178.71,150.60
play,5,1,573220,,,PO1(13)
play,5,1,573220,,,W
play,5,1,525988,,,53/G,110.44,185.74
play,6,0,594849,,,W
play,6,0,571972,,,K
play,6,0,572993,,,E4/TH.1-2,135.54,170.68
play,6,0,594854,,,9/F.2-3,184.74,122.49
play,6,0,594896,,,WP.1-2
play,6,0,594896,,,3/P,136.55,194.78
play,6,1,572932,,,K23
play,6,1,570727,,,W
play,6,1,572245,,,K
play,6,1,543848,,,K
play,7,0,542455,,,K
play,7,0,592184,,,43/G,130.52,171.69
play,7,0,543611,,,S8/F,123.49,132.53
play,7,0,543650,,,K23
play,7,1,570731,,,43/G,139.56,171.69
play,7,1,572000,,,S8/L,121.49,127.51
play,7,1,501531,,,K
play,7,1,573220,,,K
play,8,0,594849,,,NP
sub,596741,Andy Deain,1,0,1
play,8,0,594849,,,63/G,111.45,172.69
play,8,0,571972,,,63/G,121.49,171.69
play,8,0,572993,,,K
play,8,1,525988,,,NP
sub,592324,Justin Gallant,0,0,1
play,8,1,525988,,,63/G,117.47,165.66
play,8,1,572932,,,W
play,8,1,570727,,,54(1)3/GDP/G5,108.43,182.73
play,9,0,594854,,,63/G,114.46,169.68
play,9,0,594896,,,S6/G,118.47,168.67
play,9,0,542455,,,NP
sub,596745,Chris Petrini,1,0,1
play,9,0,542455,,,S8/F.1-2,125.50,135.54
play,9,0,592184,,,K
play,9,0,543611,,,31/G,142.57,183.73
play,9,1,572245,,,S4/G,131.53,168.67
play,9,1,543848,,,BK.1-2
play,9,1,543848,,,W
play,9,1,570731,,,1/BP,122.49,199.80
play,9,1,572000,,,FC5/G.1X2(54);2-3;B-1,107.43,185.74
play,9,1,501531,,,8/L,116.47,119.48
play,10,0,543650,,,NP
sub,571540,Dustin Carder,1,0,1
play,10,0,543650,,,D7/F,62.25,139.56
play,10,0,594849,,,W
play,10,0,571972,,,54/SH.1-2;2-3,107.43,187.75
play,10,0,572993,,,IW
play,10,0,594854,,,PB.1-2;2-3;3-H
play,10,0,594854,,,7/SF.2X3(754);3-H,76.31,113.45
play,10,1,573220,,,NP
sub,542561,Jose Gonzalez,0,0,1
play,10,1,573220,,,K
play,10,1,525988,,,53/G,111.45,187.75
play,10,1,572932,,,31/G,136.55,183.73
id,BluAPP201008230
info,visteam,EliAPP
info,hometeam,BluAPP
info,date,2010/08/23
start,475774,Gunner Glad,0,1,4
start,594896,Andy Leer,0,2,5
start,542455,Oswaldo Arcia,0,3,8
start,592184,Brian Burke,0,4,3
start,571861,Kyle Knudson,0,5,10
start,543650,Derrick Phillips,0,6,7
start,543611,Daniel Ortiz,0,7,9
start,516612,Jhonatan Arias,0,8,2
start,594849,Jamaal Hawkins,0,9,6
start,501717,Jean Mijares,0,0,1
start,489314,Jeremy Shelby,1,1,7
start,570727,Dudley Leonora,1,2,4
start,572245,Brenden Webb,1,3,8
start,543848,Corey Thomas,1,4,3
start,570731,Jonathan Schoop,1,5,6
start,572000,Michael Ohlman,1,6,10
start,572803,Brad Decater,1,7,5
start,501531,Luis Ramirez,1,8,9
start,572882,Austin Goolsby,1,9,2
start,594984,Cameron Roth,1,0,1
play,1,0,475774,,,63/G,116.47,175.70
play,1,0,594896,,,K
play,1,0,542455,,,S9/G,159.64,148.59
play,1,0,592184,,,S8/G.1-3;B-2(E8),127.51,136.55
play,1,0,571861,,,WP.2-3;3-H
play,1,0,571861,,,W
play,1,0,543650,,,43/G,136.55,171.69
play,1,1,489314,,,T9/G,176.71,149.60
play,1,1,570727,,,WP.3-H
play,1,1,570727,,,6/P,115.46,151.61
play,1,1,572245,,,43/G,134.54,166.67
play,1,1,543848,,,7/F,78.31,141.57
play,2,0,543611,,,HR/F,223.90,76.31
play,2,0,516612,,,S9/G,161.65,146.59
play,2,0,594849,,,54(1)3/GDP/G5,109.44,186.75
play,2,0,475774,,,63/G,117.47,166.67
play,2,1,570731,,,S8/F,124.50,132.53
play,2,1,572000,,,K
play,2,1,572803,,,S9/F.1-3,157.63,139.56
play,2,1,501531,,,WP.1-2
play,2,1,501531,,,K
play,2,1,572882,,,K
play,3,0,594896,,,S8/F,128.51,134.54
play,3,0,542455,,,K
play,3,0,592184,,,64(1)3/GDP/G6,118.47,171.69
play,3,1,489314,,,9/F,176.71,127.51
play,3,1,570727,,,K
play,3,1,572245,,,K
play,4,0,571861,,,S9/F,156.63,150.60
play,4,0,543650,,,W.1-2
play,4,0,543611,,,HR/F.1-H;2-H,213.86,76.31
play,4,0,516612,,,13/G,122.49,198.80
play,4,0,594849,,,E6,119.48,169.68
play,4,0,475774,,,SB2
play,4,0,475774,,,WP.2-3
play,4,0,475774,,,FC4.3X3(45),133.53,173.69
play,4,0,594896,,,K
play,4,1,543848,,,K
play,4,1,570731,,,13/G,126.51,196.79
play,4,1,572000,,,K
play,5,0,542455,,,NP
sub,575248,Andrew Huebner,1,0,1
play,5,0,542455,,,S5/G,104.42,179.72
play,5,0,592184,,,9/F,172.69,140.56
play,5,0,571861,,,SB2
play,5,0,571861,,,S7/L.2-3,80.32,140.56
play,5,0,543650,,,9/SF.3-H,172.69,130.52
play,5,0,543611,,,2/PF,118.47,220.88
play,5,1,572803,,,8/F,129.52,96.39
play,5,1,501531,,,D8/F,101.41,89.36
play,5,1,572882,,,K
play,5,1,489314,,,W+WP.2-3
play,5,1,570727,,,S6/G.1-2;3-H,122.49,165.66
play,5,1,572245,,,K
play,6,0,516612,,,K
play,6,0,594849,,,S7/F,86.35,140.56
play,6,0,475774,,,SB2
play,6,0,475774,,,5/PF,95.38,193.78
play,6,0,594896,,,D7/F.2-H,64.26,132.53
play,6,0,542455,,,S9/F.2-H,152.61,150.60
play,6,0,592184,,,NP
sub,595429,Travis Strong,1,0,1
play,6,0,592184,,,S8/F.1-3,121.49,126.51
play,6,0,571861,,,W.1-2
play,6,0,543650,,,3/PF,144.58,201.81
play,6,1,543848,,,NP
sub,592091,Adam Achter,0,0,1
play,6,1,543848,,,K
play,6,1,570731,,,43/G,135.54,173.69
play,6,1,572000,,,K
play,7,0,543611,,,D8/F,157.63,93.37
play,7,0,516612,,,K
play,7,0,594849,,,PB.2-3
play,7,0,594849,,,WP.3-H
play,7,0,594849,,,5/PF,104.42,204.82
play,7,0,475774,,,S7/F,87.35,143.57
play,7,0,594896,,,53/G,103.41,184.74
play,7,1,572803,,,D9/F,180.72,135.54
play,7,1,501531,,,D7/F.2-H,57.23,130.52
play,7,1,572882,,,S9/F.2-3,162.65,147.59
play,7,1,489314,,,K
play,7,1,570727,,,S6/G.1-2;3-H,114.46,169.68
play,7,1,572245,,,WP.1-2;2-3
play,7,1,572245,,,S9/F.2-3;3-H,159.64,147.59
play,7,1,543848,,,NP
sub,543297,B. J. Hermsen,0,0,1
play,7,1,543848,,,S9/F.1-2;3-H,164.66,146.59
play,7,1,570731,,,53/G.1-2;2-3,106.43,179.72
play,7,1,572000,,,3/G,143.57,189.76
play,8,0,542455,,,NP
sub,504322,Sam Taveras,1,0,1
play,8,0,542455,,,K
play,8,0,592184,,,D9/F,176.71,143.57
play,8,0,571861,,,K23.2-3
play,8,0,543650,,,K
play,8,1,572803,,,9/F,174.70,141.57
play,8,1,501531,,,43/G,137.55,171.69
play,8,1,572882,,,D7/F,63.25,134.54
play,8,1,489314,,,63/G,117.47,171.69
play,9,0,543611,,,K
play,9,0,516612,,,K
play,9,0,594849,,,9/F,175.70,129.52
play,9,1,570727,,,NP
sub,542561,Jose Gonzalez,0,0,1
play,9,1,570727,,,K
play,9,1,572245,,,S8/F,124.50,133.53
play,9,1,543848,,,7/F,82.33,133.53
play,9,1,570731,,,DI.1-2
play,9,1,570731,,,K
id,BluAPP201008240
info,visteam,EliAPP
info,hometeam,BluAPP
info,date,2010/08/24
start,594854,Brandon Henderson,0,1,8
start,594896,Andy Leer,0,2,5
start,542455,Oswaldo Arcia,0,3,9
start,592184,Brian Burke,0,4,3
start,543611,Daniel Ortiz,0,5,7
start,571861,Kyle Knudson,0,6,2
start,543650,Derrick Phillips,0,7,10
start,594849,Jamaal Hawkins,0,8,6
start,572993,Nick Lockwood,0,9,4
start,543908,Blayne Weller,0,0,1
start,572932,Kyle Hoppy,1,1,7
start,570727,Dudley Leonora,1,2,5
start,572245,Brenden Webb,1,3,8
start,543848,Corey Thomas,1,4,3
start,570731,Jonathan Schoop,1,5,6
start,501531,Luis Ramirez,1,6,9
start,572803,Brad Decater,1,7,10
start,525988,Moises Ciriaco,1,8,4
start,516670,Janensis Guerrero,1,9,2
start,516763,Eiris Ramirez,1,0,1
play,1,0,594854,,,K
play,1,0,594896,,,W
play,1,0,542455,,,S7/L.1-H;B-2,42.17,113.45
play,1,0,592184,,,43/G.2-3,138.55,166.67
play,1,0,543611,,,3/G,152.61,182.73
play,1,1,572932,,,7/F,62.25,103.41
play,1,1,570727,,,43/G,137.55,166.67
play,1,1,572245,,,5/PF,86.35,182.73
play,2,0,571861,,,W
play,2,0,543650,,,14(1)3/GDP/G1,123.49,193.78
play,2,0,594849,,,4/P,134.54,166.67
play,2,1,543848,,,3/PF,154.62,205.82
play,2,1,570731,,,S9/L,191.77,126.51
play,2,1,501531,,,K
play,2,1,572803,,,43/G,138.55,165.66
play,3,0,572993,,,S7/L,65.26,118.47
play,3,0,594854,,,S9/L.1-2,183.73,114.46
play,3,0,594896,,,WP.1-2;2-3
play,3,0,594896,,,53/G.3-H,108.43,183.73
play,3,0,542455,,,7/F,61.24,116.47
play,3,0,592184,,,31/G,148.59,181.73
play,3,1,525988,,,K23
play,3,1,516670,,,W
play,3,1,572932,,,FC3/G.1X2(36);B-1,142.57,179.72
play,3,1,570727,,,K23
play,4,0,543611,,,3/P,148.59,183.73
play,4,0,571861,,,53/G,102.41,176.71
play,4,0,543650,,,63/G,113.45,171.69
play,4,1,572245,,,K
play,4,1,543848,,,K
play,4,1,570731,,,53/G,99.40,181.73
play,5,0,594849,,,43/G,140.56,167.67
play,5,0,572993,,,9/F,182.73,122.49
play,5,0,594854,,,D7/L,63.25,83.33
play,5,0,594896,,,S7/L.2-H,57.23,127.51
play,5,0,542455,,,13/G,122.49,190.76
play,5,1,501531,,,D8/F,109.44,66.27
play,5,1,572803,,,S8/L.2-3,128.51,96.39
play,5,1,525988,,,D9/L.1-3;3-H,215.86,112.45
play,5,1,516670,,,43/G.2-3;3-H,139.56,166.67
play,5,1,572932,,,D8/L.3-H,117.47,66.27
play,5,1,570727,,,S9/L.2-H,189.76,126.51
play,5,1,572245,,,HP.1-2
play,5,1,543848,,,43/G.1-2;2-3,138.55,169.68
play,5,1,570731,,,WP.2-3;3-H
play,5,1,501531,,,NP
sub,543859,Michael Tonkin,0,0,1
play,5,1,570731,,,K
play,6,0,592184,,,NP
sub,504376,Jairo De La Cruz,1,0,1
play,6,0,592184,,,8/F,130.52,74.30
play,6,0,543611,,,S8/L,128.51,103.41
play,6,0,571861,,,K
play,6,0,543650,,,4/L,138.55,168.67
play,6,1,501531,,,4/P,140.56,165.66
play,6,1,572803,,,HP
play,6,1,525988,,,13/G.1-2,120.48,193.78
play,6,1,516670,,,5/P,105.42,184.74
play,7,0,594849,,,5/L,102.41,180.72
play,7,0,572993,,,S8/L,131.53,108.43
play,7,0,594854,,,64(1)3/GDP/G6,112.45,169.68
play,7,1,572932,,,S4/G,139.56,169.68
play,7,1,570727,,,63/G.1-2,109.44,172.69
play,7,1,572245,,,5/PF,77.31,170.68
play,7,1,543848,,,K
play,8,0,594896,,,S7/L,63.25,112.45
play,8,0,542455,,,NP
sub,598171,Cory Ast,1,0,1
play,8,0,542455,,,K
play,8,0,592184,,,WP.1-2
play,8,0,592184,,,K
play,8,0,543611,,,S8/L.2-H,124.50,90.36
play,8,0,571861,,,K
play,8,1,570731,,,S7/L,72.29,126.51
play,8,1,501531,,,FC6/G.1X2(64);B-1,108.43,171.69
play,8,1,572803,,,K
play,8,1,525988,,,3/G,151.61,184.74
play,9,0,543650,,,NP
sub,596741,Andy Deain,1,0,1
play,9,0,543650,,,K
play,9,0,594849,,,K
play,9,0,572993,,,K
id,BluAPP201008311
info,visteam,PriAPP
info,hometeam,BluAPP
info,date,2010/08/31
start,595281,Kevin Kiermaier,0,1,9
start,571711,Todd Glaesmann,0,2,8
start,581660,Scott Lawson,0,3,5
start,572853,Bryan Fogle,0,4,10
start,553889,Hector Guevara,0,5,4
start,517028,Cesar Guillen,0,6,7
start,545349,Jeff Malm,0,7,3
start,596313,Kyle Holloway,0,8,2
start,596335,Brian Harris,0,9,6
start,571479,Andrew Bellatti,0,0,1
start,572932,Kyle Hoppy,1,1,7
start,572803,Brad Decater,1,2,10
start,572245,Brenden Webb,1,3,8
start,543848,Corey Thomas,1,4,3
start,570731,Jonathan Schoop,1,5,6
start,572000,Michael Ohlman,1,6,10
start,501531,Luis Ramirez,1,7,9
start,525988,Moises Ciriaco,1,8,4
start,516670,Janensis Guerrero,1,9,2
start,516763,Eiris Ramirez,1,0,1
play,1,0,595281,,,9/L,178.71,119.48
play,1,0,571711,,,S9/F,157.63,145.58
play,1,0,placeholder,,,NP
sub,572803,Brad Decater,1,2,5
play,1,0,581660,,,D7/F.1-3,202.81,119.48
play,1,0,572853,,,8/SF.2-3;3-H,116.47,71.29
play,1,0,553889,,,43/G,137.55,171.69
play,1,1,572932,,,S1/G,117.47,201.81
play,1,1,572803,,,K
play,1,1,572245,,,W.1-2
play,1,1,543848,,,K
play,1,1,570731,,,K
play,2,0,517028,,,63/G,114.46,168.67
play,2,0,545349,,,W
play,2,0,596313,,,W.1-2
play,2,0,596335,,,64(1)3/GDP/G6,113.45,172.69
play,2,1,572000,,,W
play,2,1,501531,,,6/P,99.40,155.62
play,2,1,525988,,,FC6/G.1X2(64);B-1,110.44,171.69
play,2,1,516670,,,CS2
play,3,0,595281,,,K23
play,3,0,571711,,,HP
play,3,0,581660,,,7/F,69.28,128.51
play,3,0,572853,,,SB2
play,3,0,572853,,,43/G,130.52,173.69
play,3,1,516670,,,K
play,3,1,572932,,,7/F,76.31,125.50
play,3,1,572803,,,W
play,3,1,572245,,,W.1-2
play,3,1,543848,,,D9/F.1-H;2-H;B-3(E4/TH),196.79,124.50
play,3,1,570731,,,NP
sub,597151,Justin Hall,0,0,1
play,3,1,570731,,,7/F,76.31,117.47
play,4,0,553889,,,9/L,172.69,123.49
play,4,0,517028,,,8/F,117.47,100.40
play,4,0,545349,,,W
play,4,0,596313,,,E1/TH.1-H,121.49,196.79
play,4,0,596335,,,FC4/G.1X2(46),138.55,167.67
play,4,1,572000,,,7/F,72.29,131.53
play,4,1,501531,,,3/G,146.59,180.72
play,4,1,525988,,,S7/F,85.34,154.62
play,4,1,516670,,,43/G,135.54,170.68
play,5,0,595281,,,S7/F,89.36,145.58
play,5,0,571711,,,SB2
play,5,0,571711,,,D7/F.2-H,35.14,111.45
play,5,0,581660,,,NP
sub,504376,Jairo De La Cruz,1,0,1
play,5,0,581660,,,S8/F.2-H,126.51,138.55
play,5,0,572853,,,SB2
play,5,0,572853,,,K+WP.2-3;B-1
play,5,0,553889,,,64(1)3/GDP/G6.3-H,115.46,168.67
play,5,0,517028,,,W
play,5,0,545349,,,W.1-2
play,5,0,596313,,,S7/F.1-2;2-H,77.31,140.56
play,5,0,596335,,,6/L,113.45,168.67
play,5,1,572932,,,43/G,135.54,168.67
play,5,1,572803,,,63/G,114.46,166.67
play,5,1,572245,,,K
play,6,0,595281,,,NP
sub,571540,Dustin Carder,1,0,1
play,6,0,595281,,,3/G,144.58,183.73
play,6,0,571711,,,S4/G.B-2(E4/TH),135.54,174.70
play,6,0,581660,,,S8/F.2-H,128.51,147.59
play,6,0,572853,,,SB2
play,6,0,572853,,,63/G.2-3,111.45,166.67
play,6,0,553889,,,S9/F.3-H,154.62,146.59
play,6,0,517028,,,53/G,119.48,170.68
play,6,1,543848,,,E5/TH,109.44,180.72
play,6,1,570731,,,HR/F.1-H,34.14,90.36
play,6,1,572000,,,43/G,138.55,172.69
play,6,1,501531,,,6/L,114.46,166.67
play,6,1,525988,,,6/L,111.45,165.66
play,7,0,545349,,,NP
sub,595472,Cody Young,1,6,9
play,7,0,596313,,,NP
sub,501531,Luis Ramirez,1,7,1
play,7,0,545349,,,HR/F,205.82,82.33
play,7,0,596313,,,D7/F,39.16,111.45
play,7,0,596335,,,WP.2-3
play,7,0,596335,,,9/SF.3-H,164.66,126.51
play,7,0,595281,,,43/G,138.55,170.68
play,7,0,571711,,,63/G,111.45,167.67
play,7,1,516670,,,NP
sub,596333,Matthew Gilson,0,0,1
play,7,1,516670,,,31/G,147.59,177.71
play,7,1,572932,,,K
play,7,1,572803,,,K
id,BluAPP201008312
info,visteam,PriAPP
info,hometeam,BluAPP
info,date,2010/08/31
start,595281,Kevin Kiermaier,0,1,8
start,571711,Todd Glaesmann,0,2,9
start,581660,Scott Lawson,0,3,5
start,501675,Ruben Contreras,0,4,7
start,541660,Alejandro Segovia,0,5,2
start,553889,Hector Guevara,0,6,4
start,545349,Jeff Malm,0,7,3
start,541653,Felix Gonzalez,0,8,6
start,596334,Zane Williams,0,9,10
start,517014,Victor Mateo,0,0,1
start,500161,Javier Santana,1,1,6
start,525988,Moises Ciriaco,1,2,4
start,572803,Brad Decater,1,3,5
start,573220,Joe Velleggia,1,4,3
start,489314,Jeremy Shelby,1,5,8
start,594785,Chris Clinton,1,6,9
start,598415,Greyson Schram,1,7,2
start,595472,Cody Young,1,8,10
start,543024,Edwin Cintron,1,9,7
start,516671,Angel Cespedes,1,0,1
play,1,0,595281,,,E1/TH,125.50,204.82
play,1,0,571711,,,SB2
play,1,0,571711,,,5/P,110.44,179.72
play,1,0,581660,,,7/F,73.29,119.48
play,1,0,501675,,,SB3
play,1,0,501675,,,K
play,1,1,500161,,,S8/F,133.53,141.57
play,1,1,525988,,,23/SH.1-2,124.50,204.82
play,1,1,572803,,,K
play,1,1,573220,,,6/P,104.42,161.65
play,2,0,541660,,,S9/F,159.64,151.61
play,2,0,553889,,,E5.1-2,103.41,182.73
play,2,0,545349,,,K
play,2,0,541653,,,S7/F.1-2;2-H,89.36,155.62
play,2,0,596334,,,SB3;SB2
play,2,0,596334,,,K
play,2,0,595281,,,S8/F.2-H;3-H,120.48,146.59
play,2,0,571711,,,SB2
play,2,0,571711,,,63/G,116.47,168.67
play,2,1,489314,,,S9/F,162.65,154.62
play,2,1,594785,,,9/L,167.67,128.51
play,2,1,598415,,,K
play,2,1,595472,,,K
play,3,0,581660,,,43/G,133.53,169.68
play,3,0,501675,,,S9/G,166.67,139.56
play,3,0,541660,,,53/G.1-H(E3/TH),113.45,186.75
play,3,0,553889,,,S7/L,95.38,152.61
play,3,0,545349,,,SB2
play,3,0,545349,,,S4/G.2-3,137.55,168.67
play,3,0,541653,,,3/G,146.59,183.73
play,3,1,543024,,,K
play,3,1,500161,,,E4,128.51,167.67
play,3,1,525988,,,K+PB.1-2
play,3,1,572803,,,K
play,4,0,596334,,,NP
sub,595429,Travis Strong,1,0,1
play,4,0,596334,,,K
play,4,0,595281,,,K
play,4,0,571711,,,K
play,4,1,573220,,,4/L,143.57,169.68
play,4,1,489314,,,3/P,140.56,186.75
play,4,1,594785,,,HP
play,4,1,598415,,,3/P,139.56,183.73
play,5,0,581660,,,W
play,5,0,501675,,,SB2
play,5,0,501675,,,K
play,5,0,541660,,,K
play,5,0,553889,,,POCS3.2-3(E5)
play,5,0,553889,,,8/F,123.49,101.41
play,5,1,595472,,,63/G,113.45,167.67
play,5,1,543024,,,9/F,184.74,110.44
play,5,1,500161,,,43/G,134.54,173.69
play,6,0,545349,,,NP
sub,596745,Chris Petrini,1,0,1
play,6,0,545349,,,E6,118.47,139.56
play,6,0,541653,,,63/G.1-2,119.48,167.67
play,6,0,596334,,,3/G.2-3,145.58,187.75
play,6,0,595281,,,S4/G.3-H,125.50,163.65
play,6,0,571711,,,K
play,6,1,525988,,,NP
sub,572015,Jacob Partridge,0,0,1
play,6,1,525988,,,13/G,130.52,195.78
play,6,1,572803,,,K
play,6,1,573220,,,K
play,7,0,581660,,,NP
sub,504322,Sam Taveras,1,0,1
play,7,0,581660,,,3/G,143.57,179.72
play,7,0,501675,,,W
play,7,0,541660,,,54(1)3/GDP/G5,106.43,184.74
play,7,1,489314,,,8/L,125.50,105.42
play,7,1,594785,,,K
play,7,1,598415,,,K
id,BriAPP201006220
info,visteam,EliAPP
info,hometeam,BriAPP
info,date,2010/06/22
start,594849,Jamaal Hawkins,0,1,6
start,475774,Gunner Glad,0,2,5
start,542455,Oswaldo Arcia,0,3,9
start,592184,Brian Burke,0,4,3
start,543611,Daniel Ortiz,0,5,7
start,571972,Buddy Munroe,0,6,2
start,594973,Lance Ray,0,7,10
start,594854,Brandon Henderson,0,8,8
start,527033,Hyeong-rok Choi,0,9,4
start,542565,Adrian Salcedo,0,0,1
start,596881,Qualon Millender,1,1,8
start,594895,Drew Lee,1,2,4
start,572033,Josh Phegley,1,3,10
start,500874,Jose Martinez,1,4,9
start,594990,Michael Schwartz,1,5,3
start,555543,Chase Blackwood,1,6,2
start,592660,Rangel Ravelo,1,7,5
start,595033,Ethan Wilson,1,8,6
start,543388,Jordan Keegan,1,9,7
start,571526,Ryan Buch,1,0,1
play,1,0,594849,,,63/G,126.51,181.73
play,1,0,475774,,,D9/F,161.65,125.50
play,1,0,542455,,,S8/G.2-H;B-2,110.44,120.48
play,1,0,592184,,,43/G.2-3,124.50,181.73
play,1,0,543611,,,WP.3-H
play,1,0,543611,,,7/F,53.21,145.58
play,1,1,596881,,,13/BG,129.52,192.77
play,1,1,594895,,,3/G,101.41,172.69
play,1,1,572033,,,K
play,2,0,571972,,,43/G,128.51,187.75
play,2,0,594973,,,3/G,121.49,171.69
play,2,0,594854,,,K
play,2,1,500874,,,S9/L,162.65,130.52
play,2,1,594990,,,W.1-2
play,2,1,555543,,,13/SH.1-2;2-3,102.41,158.63
play,2,1,592660,,,63/G.2-3;3-H,113.45,164.66
play,2,1,595033,,,9/F,171.69,110.44
play,3,0,527033,,,53/G,106.43,179.72
play,3,0,594849,,,K
play,3,0,475774,,,1/P,115.46,190.76
play,3,1,543388,,,43/G,140.56,167.67
play,3,1,596881,,,S8/G,127.51,112.45
play,3,1,594895,,,CS2
play,3,1,594895,,,K
play,4,0,542455,,,HR/L,207.83,70.28
play,4,0,592184,,,K
play,4,0,543611,,,D9/F,174.70,136.55
play,4,0,571972,,,K
play,4,0,594973,,,63/G,86.35,170.68
play,4,1,572033,,,S6/G,115.46,172.69
play,4,1,500874,,,53/G.1-2,121.49,175.70
play,4,1,594990,,,WP.2-3
play,4,1,594990,,,W
play,4,1,555543,,,9/F,178.71,128.51
play,4,1,592660,,,53/G,102.41,162.65
play,5,0,594854,,,63/G,113.45,171.69
play,5,0,527033,,,HR/F,215.86,119.48
play,5,0,594849,,,7/F,86.35,132.53
play,5,0,475774,,,S7/L,85.34,145.58
play,5,0,542455,,,43/G,146.59,166.67
play,5,1,595033,,,8/F,117.47,124.50
play,5,1,543388,,,63/G,107.43,161.65
play,5,1,596881,,,K
play,6,0,592184,,,NP
sub,572783,Chase Cooney,1,0,1
play,6,0,592184,,,K
play,6,0,543611,,,7/FF,98.39,136.55
play,6,0,571972,,,K
play,6,1,594895,,,D7/L,95.38,131.53
play,6,1,572033,,,53/G,111.45,169.68
play,6,1,500874,,,S8/G.2-3;BX2(84),115.46,96.39
play,6,1,594990,,,K
play,7,0,594973,,,K
play,7,0,594854,,,63/G,118.47,169.68
play,7,0,527033,,,W
play,7,0,594849,,,7/F,73.29,125.50
play,7,1,555543,,,S7/G.BX2(74),94.38,142.57
play,7,1,592660,,,53/G,98.39,164.66
play,7,1,595033,,,63/G,110.44,171.69
play,8,0,475774,,,NP
sub,595398,Pat Schatz,1,0,1
play,8,0,475774,,,D8/F,142.57,107.43
play,8,0,542455,,,D9/F.2-H,171.69,127.51
play,8,0,592184,,,7/F,70.28,120.48
play,8,0,543611,,,4/P,138.55,170.68
play,8,0,571972,,,8/F,125.50,99.40
play,8,1,543388,,,NP
sub,518701,Nelvin Fuentes,0,0,1
play,8,1,543388,,,K
play,8,1,596881,,,K
play,8,1,594895,,,K
play,9,0,594973,,,NP
sub,573264,Christopher Zagyi,1,0,1
play,9,0,594973,,,13/G,110.44,183.73
play,9,0,594854,,,W
play,9,0,527033,,,SB2
play,9,0,527033,,,K
play,9,0,594849,,,S8/F.2-H,96.39,150.60
play,9,0,475774,,,43/G,127.51,170.68
play,9,1,572033,,,NP
sub,573624,Zach See,0,0,1
play,9,1,572033,,,K
play,9,1,500874,,,S5/G,80.32,147.59
play,9,1,594990,,,SB2
play,9,1,594990,,,K
play,9,1,555543,,,7/F,75.30,133.53
id,BriAPP201006230
info,visteam,EliAPP
info,hometeam,BriAPP
info,date,2010/06/23
start,594849,Jamaal Hawkins,0,1,6
start,527033,Hyeong-rok Choi,0,2,4
start,543611,Daniel Ortiz,0,3,7
start,542455,Oswaldo Arcia,0,4,9
start,571861,Kyle Knudson,0,5,10
start,594973,Lance Ray,0,6,3
start,516612,Jhonatan Arias,0,7,10
start,594896,Andy Leer,0,8,5
start,594854,Brandon Henderson,0,9,8
start,543908,Blayne Weller,0,0,1
start,543388,Jordan Keegan,1,1,8
start,594895,Drew Lee,1,2,4
start,572033,Josh Phegley,1,3,2
start,500874,Jose Martinez,1,4,9
start,594990,Michael Schwartz,1,5,10
start,542941,Daniel Black,1,6,3
start,506999,John Spatola,1,7,7
start,595033,Ethan Wilson,1,8,6
start,500875,Jeffer Patino,1,9,5
start,571765,Matthew Heidenreich,1,0,1
play,1,0,594849,,,S7/G,66.27,110.44
play,1,0,527033,,,K
play,1,0,543611,,,64(1)3/GDP/G6,110.44,155.62
play,1,1,543388,,,S3/L,153.61,167.67
play,1,1,594895,,,S9/G.1-2,168.67,93.37
play,1,1,572033,,,D9/L.1-3;2-H,163.65,75.30
play,1,1,500874,,,63/G.3-H,120.48,146.59
play,1,1,594990,,,43/G.2-3,144.58,151.61
play,1,1,542941,,,7/F,43.17,116.47
play,2,0,542455,,,T9/F,178.71,79.32
play,2,0,571861,,,K
play,2,0,594973,,,43/G.3-H,143.57,155.62
play,2,0,516612,,,K
play,2,1,506999,,,8/F,110.44,73.29
play,2,1,595033,,,E2.B-1,84.98,126.06
play,2,1,500875,,,K
play,2,1,543388,,,S1/G.1-2,112.45,180.72
play,2,1,594895,,,D7/F.1-H;2-H,80.32,70.28
play,2,1,572033,,,7/F,71.29,103.41
play,3,0,594896,,,HP
play,3,0,594854,,,S9/G.1-2,167.67,94.38
play,3,0,594849,,,E6.1-2;2-3,111.45,158.63
play,3,0,527033,,,64(1)3/GDP/G6.2-3;3-H,111.45,150.60
play,3,0,543611,,,K23
play,3,1,500874,,,53/G,103.41,167.67
play,3,1,594990,,,HP
play,3,1,542941,,,6(1)3/G6/GDP,109.44,170.68
play,4,0,542455,,,HR/F,107.43,56.22
play,4,0,571861,,,13/G,124.50,182.73
play,4,0,594973,,,63/G,123.49,151.61
play,4,0,516612,,,K
play,4,1,506999,,,S9/F,183.73,92.37
play,4,1,595033,,,CS2
play,4,1,595033,,,S8/F,114.46,79.32
play,4,1,500875,,,K
play,4,1,543388,,,S8/F.1-2,112.45,70.28
play,4,1,594895,,,S8/F.1-2;2-H,115.46,77.31
play,4,1,572033,,,9/F,158.63,83.33
play,5,0,594896,,,8/F,97.39,69.28
play,5,0,594854,,,W
play,5,0,594849,,,4/P,131.53,154.62
play,5,0,527033,,,SB2
play,5,0,527033,,,S9/G.2XH,169.68,88.35
play,5,1,500874,,,NP
sub,572155,Sam Spangler,0,0,1
play,5,1,500874,,,HR/F,164.66,38.15
play,5,1,594990,,,S7/F,71.29,100.40
play,5,1,542941,,,8/F,130.52,74.30
play,5,1,506999,,,64(1)3/GDP/G6,108.43,151.61
play,6,0,543611,,,NP
sub,595473,Robert Young,1,0,1
play,6,0,543611,,,43/G,136.55,148.59
play,6,0,542455,,,6/L,107.43,157.63
play,6,0,571861,,,S9/G,172.69,88.35
play,6,0,594973,,,POCS2(136)
play,6,1,595033,,,9/F,180.72,85.34
play,6,1,500875,,,K23
play,6,1,543388,,,K23
play,7,0,594973,,,63/G,112.45,162.65
play,7,0,516612,,,53/G,106.43,165.66
play,7,0,594896,,,43/G,133.53,148.59
play,7,1,594895,,,NP
sub,493556,David Gutierrez,0,0,1
play,7,1,594895,,,31/G,140.56,165.66
play,7,1,572033,,,NP
sub,555543,Chase Blackwood,1,3,11
play,7,1,555543,,,K
play,7,1,500874,,,K
play,8,0,594854,,,NP
sub,555543,Chase Blackwood,1,3,2
play,8,0,594849,,,NP
sub,571547,Jarrett Casey,1,0,1
play,8,0,594854,,,S7/F,89.36,93.37
play,8,0,594849,,,53/G.1-2,108.43,162.65
play,8,0,527033,,,WP.2-3
play,8,0,527033,,,9/SF.3-H,150.60,80.32
play,8,0,543611,,,43/G,127.51,154.62
play,8,1,594990,,,NP
sub,548354,Kyle Necke,0,0,1
play,8,1,594990,,,K
play,8,1,542941,,,S8/F,119.48,90.36
play,8,1,506999,,,HR/F.1-H,202.81,64.26
play,8,1,595033,,,K
play,8,1,500875,,,S8/F,106.43,82.33
play,8,1,543388,,,W.1-2
play,8,1,594895,,,43/G,141.57,158.63
play,9,0,542455,,,9/F,141.57,80.32
play,9,0,571861,,,43/G,131.53,152.61
play,9,0,594973,,,63/G,101.41,151.61
id,BriAPP201006240
info,visteam,EliAPP
info,hometeam,BriAPP
info,date,2010/06/24
start,594849,Jamaal Hawkins,0,1,6
start,475774,Gunner Glad,0,2,5
start,542455,Oswaldo Arcia,0,3,9
start,592184,Brian Burke,0,4,3
start,543611,Daniel Ortiz,0,5,7
start,571861,Kyle Knudson,0,6,2
start,594973,Lance Ray,0,7,10
start,527033,Hyeong-rok Choi,0,8,4
start,594854,Brandon Henderson,0,9,8
start,594951,Ryan O'Rourke,0,0,1
start,596881,Qualon Millender,1,1,8
start,594895,Drew Lee,1,2,4
start,572033,Josh Phegley,1,3,2
start,500874,Jose Martinez,1,4,9
start,506999,John Spatola,1,5,10
start,573135,Tyler Saladino,1,6,6
start,542941,Daniel Black,1,7,3
start,592660,Rangel Ravelo,1,8,5
start,596880,J. Ashbrook,1,9,7
start,542890,Spencer Arroyo,1,0,1
play,1,0,594849,,,63/G,110.44,161.65
play,1,0,475774,,,K
play,1,0,542455,,,K
play,1,1,596881,,,3/P,144.58,173.69
play,1,1,594895,,,K
play,1,1,572033,,,9/F,167.67,109.44
play,2,0,592184,,,43/G,141.57,169.68
play,2,0,543611,,,7/F,66.27,121.49
play,2,0,571861,,,K
play,2,1,500874,,,9/F,181.73,112.45
play,2,1,506999,,,D7/F,45.18,115.46
play,2,1,573135,,,E6/TH,114.46,164.66
play,2,1,542941,,,K
play,2,1,592660,,,S7/G.2XH,83.33,133.53
play,3,0,594973,,,43/G,132.53,168.67
play,3,0,527033,,,53/G,104.42,182.73
play,3,0,594854,,,W
play,3,0,594849,,,3/P,148.59,172.69
play,3,1,596880,,,D8/F,115.46,74.30
play,3,1,596881,,,2/BPF,128.51,225.90
play,3,1,594895,,,53/G,107.43,184.74
play,3,1,572033,,,W
play,3,1,500874,,,8/F,124.50,86.35
play,4,0,475774,,,S8/L,117.47,99.40
play,4,0,542455,,,S5/BG.1-2,114.46,188.76
play,4,0,592184,,,FC5/G.1-2;2X3(5);B-1,105.42,179.72
play,4,0,543611,,,K
play,4,0,571861,,,K
play,4,1,506999,,,31/G,146.59,173.69
play,4,1,573135,,,3/P,148.59,172.69
play,4,1,542941,,,K23
play,5,0,594973,,,S7/L,66.27,120.48
play,5,0,527033,,,6(1)3/G6/GDP,113.45,170.68
play,5,0,594854,,,E6,113.45,172.69
play,5,0,594849,,,K
play,5,1,592660,,,K
play,5,1,596880,,,S8/F,116.47,103.41
play,5,1,596881,,,WP.1-2
play,5,1,596881,,,W
play,5,1,594895,,,D7/L.1XH;2-H;B-3,60.24,117.47
play,5,1,572033,,,31/G,138.55,180.72
play,6,0,475774,,,K
play,6,0,542455,,,13/G,138.55,193.78
play,6,0,592184,,,S9/F.BX2(96),196.79,103.41
play,6,1,500874,,,NP
sub,518701,Nelvin Fuentes,0,0,1
play,6,1,500874,,,S6/G,113.45,169.68
play,6,1,506999,,,13/SH.1-2,131.53,195.78
play,6,1,573135,,,3/PF.2X3(35),173.69,197.79
play,7,0,543611,,,NP
sub,518457,Josh Billeaud,1,0,1
play,7,0,543611,,,D8/F,164.66,86.35
play,7,0,571861,,,D9/F.2-H,182.73,122.49
play,7,0,594973,,,PB.2-3
play,7,0,594973,,,W
play,7,0,527033,,,4/L,134.54,166.67
play,7,0,594854,,,K
play,7,0,594849,,,S9/F.1-2;3-H,183.73,122.49
play,7,0,475774,,,NP
sub,502280,Jamaal Hollis,1,0,1
play,7,0,475774,,,7/F,74.30,115.46
play,7,1,542941,,,W
play,7,1,592660,,,13/SH.1-2,121.49,194.78
play,7,1,596880,,,3/PF,166.67,197.79
play,7,1,596881,,,3/PF,167.67,185.74
play,8,0,542455,,,HR/F,203.82,69.28
play,8,0,592184,,,9/F,178.71,117.47
play,8,0,543611,,,D9/F,182.73,119.48
play,8,0,571861,,,W
play,8,0,594973,,,5(B)54(2)/LDP,106.43,180.72
play,8,1,594895,,,W
play,8,1,572033,,,NP
sub,573624,Zach See,0,0,1
play,8,1,572033,,,NP
sub,572210,Dylan Tonneson,1,3,11
play,8,1,572210,,,W.1-2
play,8,1,500874,,,S9/F.1-3;2-H,157.63,112.45
play,8,1,506999,,,6/P,104.42,161.65
play,8,1,573135,,,7/SF.1-2;3-H,65.26,119.48
play,8,1,542941,,,D9/F.2-H,182.73,116.47
play,8,1,592660,,,63/G,108.43,163.65
play,9,0,527033,,,NP
sub,572210,Dylan Tonneson,1,3,2
play,9,0,594854,,,NP
sub,572837,Austin Evans,1,0,1
play,9,0,527033,,,W
play,9,0,594854,,,FC4/G.1X2(46);B-1,144.58,161.65
play,9,0,594849,,,W.1-2
play,9,0,475774,,,S7/G.1-2;2-3,88.35,132.53
play,9,0,542455,,,FC3/G.1-2;2-3;3XH(32);B-1,134.54,183.73
play,9,0,592184,,,S8/F.1X3;2-H;3-H,125.50,96.39
play,9,1,596880,,,9/F,173.69,112.45
play,9,1,596881,,,NP
sub,493556,David Gutierrez,0,0,1
play,9,1,596881,,,E6,106.43,166.67
play,9,1,594895,,,PO1(E?).1-3
play,9,1,594895,,,FC6.3XH(62),112.45,164.66
play,9,1,572210,,,7/F,73.29,112.45
id,BriAPP201006250
info,visteam,PriAPP
info,hometeam,BriAPP
info,date,2010/06/25
start,595281,Kevin Kiermaier,0,1,8
start,571711,Todd Glaesmann,0,2,9
start,581660,Scott Lawson,0,3,3
start,501675,Ruben Contreras,0,4,7
start,553889,Hector Guevara,0,5,4
start,541660,Alejandro Segovia,0,6,2
start,541653,Felix Gonzalez,0,7,6
start,545349,Jeff Malm,0,8,10
start,596335,Brian Harris,0,9,5
start,542311,Eliazer Suero,0,0,1
start,543388,Jordan Keegan,1,1,8
start,594895,Drew Lee,1,2,4
start,572033,Josh Phegley,1,3,10
start,500874,Jose Martinez,1,4,9
start,506999,John Spatola,1,5,7
start,573135,Tyler Saladino,1,6,6
start,594990,Michael Schwartz,1,7,3
start,592660,Rangel Ravelo,1,8,5
start,555543,Chase Blackwood,1,9,2
start,570558,Darwin Matos,1,0,1
play,1,0,595281,,,43/G,139.56,168.67
play,1,0,571711,,,K
play,1,0,581660,,,W
play,1,0,501675,,,13/G,125.50,188.76
play,1,1,543388,,,S7/G,77.31,125.50
play,1,1,594895,,,SB2
play,1,1,594895,,,6(B)64(2)/LDP,114.46,169.68
play,1,1,572033,,,W
play,1,1,500874,,,FC6/G.1X2(64),111.45,166.67
play,2,0,553889,,,53/G,104.42,185.74
play,2,0,541660,,,4/P,140.56,168.67
play,2,0,541653,,,K
play,2,1,506999,,,43/G,134.54,168.67
play,2,1,573135,,,W
play,2,1,594990,,,CS2
play,2,1,594990,,,W
play,2,1,592660,,,WP.1-2
play,2,1,592660,,,8/L,131.53,76.31
play,3,0,545349,,,S7/G,67.27,139.56
play,3,0,596335,,,8/F,116.47,97.39
play,3,0,595281,,,S6/G.1-2,109.44,165.66
play,3,0,571711,,,S9/L.1-2;2-3,166.67,118.47
play,3,0,581660,,,D8/L.1-3;2-H;3-H,106.43,84.34
play,3,0,501675,,,K
play,3,0,553889,,,13/G,124.50,190.76
play,3,1,555543,,,2/PF,132.53,232.93
play,3,1,543388,,,43/G,142.57,164.66
play,3,1,594895,,,K
play,4,0,541660,,,K
play,4,0,541653,,,31/G,146.59,177.71
play,4,0,545349,,,63/G,116.47,169.68
play,4,1,572033,,,S7/G,65.26,131.53
play,4,1,500874,,,D8/F.1-H,137.55,56.22
play,4,1,506999,,,S8/F,125.50,104.42
play,4,1,573135,,,13/SH.1-2;2-3,126.51,194.78
play,4,1,594990,,,43/G.2-3;3-H,139.56,168.67
play,4,1,592660,,,8/F,117.47,85.34
play,5,0,596335,,,K
play,5,0,595281,,,D8/F,117.47,62.25
play,5,0,571711,,,9/F,173.69,103.41
play,5,0,581660,,,WP.2-3
play,5,0,581660,,,41/G,149.60,170.68
play,5,1,555543,,,K
play,5,1,543388,,,W
play,5,1,594895,,,WP.1-2
play,5,1,594895,,,D9/L.2-H,204.82,117.47
play,5,1,572033,,,NP
sub,517014,Victor Mateo,0,0,1
play,5,1,572033,,,HP
play,5,1,500874,,,8/F,120.48,83.33
play,5,1,506999,,,4/P,142.57,163.65
play,6,0,501675,,,3/G,150.60,183.73
play,6,0,553889,,,23/BG,118.47,204.82
play,6,0,541660,,,S6/G,119.48,169.68
play,6,0,541653,,,K
play,6,1,573135,,,K
play,6,1,594990,,,W
play,6,1,592660,,,9/F,186.75,118.47
play,6,1,555543,,,WP.1-2
play,6,1,555543,,,43/G,136.55,164.66
play,7,0,545349,,,NP
sub,519170,Kevin Rath,1,0,1
play,7,0,545349,,,K
play,7,0,596335,,,E5,95.38,178.71
play,7,0,595281,,,FC5/G.1X2(54);B-1,106.43,181.73
play,7,0,571711,,,K
play,7,1,543388,,,3/P,151.61,182.73
play,7,1,594895,,,D9/L,208.84,116.47
play,7,1,572033,,,9/L,162.65,115.46
play,7,1,500874,,,S5/G.2-H,101.41,176.71
play,7,1,506999,,,D8/F.1-H,117.47,59.24
play,7,1,573135,,,K
play,8,0,581660,,,7/F,61.24,109.44
play,8,0,501675,,,53/G,98.39,181.73
play,8,0,553889,,,53/G,103.41,178.71
play,8,1,594990,,,NP
sub,596332,Garret Carruth,0,0,1
play,8,1,594990,,,K
play,8,1,592660,,,E6/TH,116.47,160.64
play,8,1,555543,,,S9/L.1-2,186.75,132.53
play,8,1,543388,,,K
play,8,1,594895,,,3/G,148.59,181.73
play,9,0,541660,,,NP
sub,572783,Chase Cooney,1,0,1
play,9,0,541660,,,63/G,118.47,168.67
play,9,0,541653,,,3/G,145.58,182.73
play,9,0,545349,,,43/G,134.54,169.68
id,BriAPP201006260
info,visteam,PriAPP
info,hometeam,BriAPP
info,date,2010/06/26
start,595281,Kevin Kiermaier,0,1,8
start,553891,Leonardo Reginatto,0,2,6
start,581660,Scott Lawson,0,3,5
start,572853,Bryan Fogle,0,4,7
start,501675,Ruben Contreras,0,5,9
start,553889,Hector Guevara,0,6,4
start,517021,Gerardo Olivares,0,7,2
start,545349,Jeff Malm,0,8,3
start,596334,Zane Williams,0,9,10
start,572015,Jacob Partridge,0,0,1
start,596881,Qualon Millender,1,1,8
start,595033,Ethan Wilson,1,2,6
start,572033,Josh Phegley,1,3,2
start,500874,Jose Martinez,1,4,9
start,506999,John Spatola,1,5,10
start,542941,Daniel Black,1,6,3
start,596880,J. D. Ashbrook,1,7,7
start,542391,Daurys Mercedes,1,8,4
start,500875,Jeffer Patino,1,9,5
start,502593,Jacob Petricka,1,0,1
play,1,0,595281,,,D7/F,61.24,112.45
play,1,0,553891,,,S5/G,106.43,188.76
play,1,0,581660,,,K
play,1,0,572853,,,K
play,1,0,501675,,,D8/F.1-H;2-H,152.61,82.33
play,1,0,553889,,,K
play,1,1,596881,,,K
play,1,1,595033,,,HP
play,1,1,572033,,,FC6/G.1X2(64);B-1,125.50,177.71
play,1,1,500874,,,53/G,110.44,183.73
play,2,0,517021,,,63/G,104.42,177.71
play,2,0,545349,,,53/G,97.39,179.72
play,2,0,596334,,,K
play,2,1,506999,,,13/G,127.51,193.78
play,2,1,542941,,,9/F,183.73,128.51
play,2,1,596880,,,K23
play,3,0,595281,,,S1/G,126.51,189.76
play,3,0,553891,,,FC4/G.1X2(46);B-1,141.57,171.69
play,3,0,581660,,,43/G.1-2,143.57,180.72
play,3,0,572853,,,143/G1,125.50,182.73
play,3,1,542391,,,K
play,3,1,500875,,,7/F,52.21,117.47
play,3,1,596881,,,63/G,116.47,172.69
play,4,0,501675,,,43/G,139.56,174.70
play,4,0,553889,,,K
play,4,0,517021,,,K
play,4,1,595033,,,S7/G,73.29,126.51
play,4,1,572033,,,K
play,4,1,500874,,,S7/L.1-2,83.33,109.44
play,4,1,506999,,,S9/G.1-2;2-3,168.67,143.57
play,4,1,542941,,,K
play,4,1,596880,,,3/PF,157.63,197.79
play,5,0,545349,,,NP
sub,595473,Robert Young,1,0,1
play,5,0,545349,,,43/G,133.53,176.71
play,5,0,596334,,,8/F,111.45,81.33
play,5,0,595281,,,53/G,103.41,184.74
play,5,1,542391,,,W
play,5,1,500875,,,POCS2(136)
play,5,1,500875,,,43/G,131.53,170.68
play,5,1,596881,,,3/P,153.61,181.73
play,6,0,553891,,,7/F,57.23,122.49
play,6,0,581660,,,63/G,110.44,170.68
play,6,0,572853,,,K
play,6,1,595033,,,S9/F,190.76,113.45
play,6,1,572033,,,64(1)3/GDP/G6,114.46,169.68
play,6,1,500874,,,8/F,109.44,66.27
play,7,0,501675,,,K
play,7,0,553889,,,8/F,102.41,105.42
play,7,0,517021,,,9/F,186.75,130.52
play,7,1,506999,,,NP
sub,595263,Mickey Jannis,0,0,1
play,7,1,506999,,,31/G,148.59,182.73
play,7,1,542941,,,31/G,146.59,180.72
play,7,1,596880,,,63/G,114.46,178.71
play,8,0,545349,,,NP
sub,595398,Pat Schatz,1,0,1
play,8,0,545349,,,7/F,60.24,118.47
play,8,0,596334,,,K
play,8,0,595281,,,S5/BG,106.43,186.75
play,8,0,553891,,,SB2
play,8,0,553891,,,9/F,170.68,134.54
play,8,1,542391,,,K
play,8,1,500875,,,63/G,109.44,176.71
play,8,1,596881,,,S2/BG.B-2(E2/TH),125.50,204.82
play,8,1,595033,,,E5.2-3,101.41,184.74
play,8,1,572033,,,K
play,9,0,581660,,,K
play,9,0,572853,,,K
play,9,0,501675,,,D7/F,89.36,120.48
play,9,0,553889,,,SB3
play,9,0,553889,,,9/F,171.69,137.55
play,9,1,500874,,,NP
sub,595281,Kevin Kiermaier,0,1,9
play,9,1,506999,,,NP
sub,571711,Todd Glaesmann,0,4,8
play,9,1,542941,,,NP
sub,501675,Ruben Contreras,0,5,7
play,9,1,500874,,,W
play,9,1,506999,,,FC6/G.1X2(64);B-1,120.48,174.70
play,9,1,542941,,,S9/F.1-2,202.81,110.44
play,9,1,596880,,,NP
sub,543388,Jordan Keegan,1,6,12
play,9,1,596880,,,7/F,70.28,126.51
play,9,1,542391,,,NP
sub,594895,Drew Lee,1,8,11
play,9,1,594895,,,S9/F.1-2;2XH,170.68,133.53
id,BriAPP201006270
info,visteam,PriAPP
info,hometeam,BriAPP
info,date,2010/06/27
start,553891,Leonardo Reginatto,0,1,6
start,571711,Todd Glaesmann,0,2,8
start,581660,Scott Lawson,0,3,10
start,572853,Bryan Fogle,0,4,7
start,501675,Ruben Contreras,0,5,9
start,553889,Hector Guevara,0,6,4
start,517021,Gerardo Olivares,0,7,2
start,545349,Jeff Malm,0,8,3
start,596335,Brian Harris,0,9,5
start,544836,Enny Romero,0,0,1
start,543388,Jordan Keegan,1,1,8
start,594895,Drew Lee,1,2,4
start,500874,Jose Martinez,1,3,9
start,506999,John Spatola,1,4,10
start,594990,Michael Schwartz,1,5,3
start,573135,Tyler Saladino,1,6,6
start,592660,Rangel Ravelo,1,7,5
start,555543,Chase Blackwood,1,8,2
start,596880,J. D. Ashbrook,1,9,7
start,571526,Ryan Buch,1,0,1
play,1,0,553891,,,7/F,58.23,112.45
play,1,0,571711,,,HP
play,1,0,581660,,,SB2
play,1,0,581660,,,FC1.2X2(1),121.49,187.75
play,1,0,placeholder,,,PO1(E?).1-2
play,1,0,572853,,,WP.2-3
play,1,0,572853,,,K
play,1,1,543388,,,HP
play,1,1,594895,,,FC4/G.1X2(46);B-1,142.57,168.67
play,1,1,500874,,,W.1-2
play,1,1,506999,,,K
play,1,1,594990,,,W.1-2;2-3
play,1,1,573135,,,FC6/G.1X2(64),113.45,165.66
play,2,0,501675,,,31/G,151.61,178.71
play,2,0,553889,,,53/G,104.42,183.73
play,2,0,517021,,,53/G,105.42,182.73
play,2,1,592660,,,K
play,2,1,555543,,,K
play,2,1,596880,,,63/G,105.42,170.68
play,3,0,545349,,,6/P,105.42,172.69
play,3,0,596335,,,HP
play,3,0,553891,,,W.1-2
play,3,0,571711,,,64(1)3/GDP/G6,106.43,169.68
play,3,1,543388,,,31/G,151.61,177.71
play,3,1,594895,,,63/G,108.43,175.70
play,3,1,500874,,,K
play,4,0,581660,,,43/G,146.59,171.69
play,4,0,572853,,,HR/F,225.90,89.36
play,4,0,501675,,,D9/G,209.84,117.47
play,4,0,553889,,,53/G,106.43,180.72
play,4,0,517021,,,7/F,64.26,114.46
play,4,1,506999,,,4/P,146.59,169.68
play,4,1,594990,,,D7/G,37.15,114.46
play,4,1,573135,,,WP.2-3
play,4,1,573135,,,S4/G.3-H,149.60,170.68
play,4,1,592660,,,CS2
play,4,1,592660,,,43/G,146.59,168.67
play,5,0,545349,,,K
play,5,0,596335,,,K
play,5,0,553891,,,6/P,103.41,171.69
play,5,1,555543,,,K
play,5,1,596880,,,K
play,5,1,543388,,,63/G,107.43,170.68
play,6,0,571711,,,K23
play,6,0,581660,,,D9/G,213.86,117.47
play,6,0,572853,,,6/P,106.43,169.68
play,6,0,501675,,,K
play,6,1,594895,,,8/F,122.49,85.34
play,6,1,500874,,,K
play,6,1,506999,,,63/G,106.43,172.69
play,7,0,553889,,,NP
sub,518457,Josh Billeaud,1,0,1
play,7,0,553889,,,K
play,7,0,517021,,,K
play,7,0,545349,,,HP
play,7,0,596335,,,SB2
play,7,0,596335,,,W
play,7,0,553891,,,13/G,128.51,192.77
play,7,1,594990,,,NP
sub,596333,Matthew Gilson,0,0,1
play,7,1,594990,,,W
play,7,1,573135,,,FC1/B.1X2(16);B-1,126.51,193.78
play,7,1,592660,,,W.1-2
play,7,1,555543,,,K
play,7,1,596880,,,K
play,8,0,571711,,,NP
sub,571547,Jarrett Casey,1,0,1
play,8,0,571711,,,D7/F,42.17,111.45
play,8,0,581660,,,W
play,8,0,572853,,,K
play,8,0,501675,,,D9/G.1-3;2-H,207.83,114.46
play,8,0,553889,,,S8/G.2-3;3-H,128.51,95.38
play,8,0,517021,,,13/SH.1-2,127.51,201.81
play,8,0,545349,,,E5.2-H;3-H,100.40,177.71
play,8,0,596335,,,W.1-2
play,8,0,553891,,,NP
sub,502280,Jamaal Hollis,1,0,1
play,8,0,553891,,,WP.1-2;2-3
play,8,0,553891,,,S9/F.2-H;3-H,187.75,125.50
play,8,0,571711,,,WP.1-2
play,8,0,571711,,,8/F,126.51,78.31
play,8,1,543388,,,K
play,8,1,594895,,,4/P,146.59,172.69
play,8,1,500874,,,E3,151.61,177.71
play,8,1,506999,,,S9/L.1-2,191.77,120.48
play,8,1,594990,,,NP
sub,595371,Chris Rearick,0,0,1
play,8,1,594990,,,7/F,49.20,109.44
play,9,0,581660,,,8/F,125.50,80.32
play,9,0,572853,,,K
play,9,0,501675,,,W
play,9,0,553889,,,S7/L.1-2,56.22,104.42
play,9,0,517021,,,3/PF,163.65,191.77
play,9,1,573135,,,53/G,103.41,183.73
play,9,1,592660,,,63/G,107.43,172.69
play,9,1,555543,,,63/G,107.43,174.70
id,BriAPP201007010
info,visteam,GreAPP
info,hometeam,BriAPP
info,date,2010/07/01
start,595831,Jonathan Merritt,0,1,6
start,542165,Pedro Feliz,0,2,4
start,516430,Emilio King,0,3,9
start,455390,Jhonny Medrano,0,4,5
start,548300,Chris Wallace,0,5,10
start,571981,Telvin Nash,0,6,7
start,595832,Marcus Nidiffer,0,7,3
start,573245,Bubby Williams,0,8,2
start,595291,Bryce Lane,0,9,8
start,542170,Ricardo Batista,0,0,1
start,543388,Jordan Keegan,1,1,7
start,594895,Drew Lee,1,2,4
start,506999,John Spatola,1,3,9
start,542941,Daniel Black,1,4,3
start,573135,Tyler Saladino,1,5,6
start,594990,Michael Schwartz,1,6,10
start,592660,Rangel Ravelo,1,7,5
start,555543,Chase Blackwood,1,8,2
start,596881,Qualon Millender,1,9,8
start,502593,Jacob Petricka,1,0,1
play,1,0,595831,,,8/F,125.50,91.37
play,1,0,542165,,,7/L,78.31,119.48
play,1,0,516430,,,K
play,1,1,543388,,,63/G,113.45,172.69
play,1,1,594895,,,D7/F,41.16,116.47
play,1,1,506999,,,8/F,123.49,91.37
play,1,1,542941,,,S7/G.2-3,82.33,133.53
play,1,1,573135,,,13/G,124.50,191.77
play,2,0,455390,,,S8/L,126.51,103.41
play,2,0,548300,,,46(1)3/GDP/G4,139.56,173.69
play,2,0,571981,,,K
play,2,1,594990,,,S7/L,63.25,105.42
play,2,1,592660,,,K
play,2,1,555543,,,T8/F.1-H,117.47,59.24
play,2,1,596881,,,7/SF.3-H,69.28,111.45
play,2,1,543388,,,43/G,134.54,171.69
play,3,0,595832,,,53/G,106.43,181.73
play,3,0,573245,,,53/G,102.41,182.73
play,3,0,595291,,,63/G,113.45,165.66
play,3,1,594895,,,S8/L,124.50,98.39
play,3,1,506999,,,S9/L.1-3,181.73,130.52
play,3,1,542941,,,E7/SF.1-3;3-H;B-2,79.32,112.45
play,3,1,573135,,,S9/L.2-3;3-H,182.73,120.48
play,3,1,594990,,,W.1-2
play,3,1,592660,,,E4/TH.1-3;2-H;3-H,140.56,165.66
play,3,1,555543,,,W.1-2
play,3,1,596881,,,NP
sub,571585,Jamaine Cotton,0,0,1
play,3,1,596881,,,K
play,3,1,543388,,,S7/L.1-2;2-H;3-H,69.28,110.44
play,3,1,594895,,,S8/L.1-2;2-H,128.51,91.37
play,3,1,506999,,,K
play,3,1,542941,,,W.1-2;2-3
play,3,1,573135,,,E5.1-2;2-3;3-H,104.42,175.70
play,3,1,594990,,,HR/F.1-H;2-H;3-H,185.74,50.20
play,3,1,592660,,,9/F,190.76,101.41
play,4,0,595831,,,5/L,106.43,176.71
play,4,0,542165,,,63/G,117.47,166.67
play,4,0,516430,,,K
play,4,1,555543,,,NP
sub,595800,B. J. Hagen,0,0,1
play,4,1,555543,,,5/L,102.41,182.73
play,4,1,596881,,,S8/L.B-2(E8),122.49,110.44
play,4,1,543388,,,T8/F.2-H,133.53,54.22
play,4,1,594895,,,E3.3-H;B-2,155.62,177.71
play,4,1,506999,,,43/G.2-3,135.54,167.67
play,4,1,542941,,,3/G,153.61,182.73
play,5,0,455390,,,8/L,114.46,97.39
play,5,0,548300,,,63/G,112.45,167.67
play,5,0,571981,,,K
play,5,1,573135,,,63/G,112.45,169.68
play,5,1,594990,,,K
play,5,1,592660,,,S8/G,130.52,97.39
play,5,1,555543,,,S8/G.1-2,112.45,105.42
play,5,1,596881,,,S8/G.1-3;2-H,134.54,105.42
play,5,1,543388,,,3/G,144.58,187.75
play,6,0,595832,,,NP
sub,572837,Austin Evans,1,0,1
play,6,0,595832,,,K
play,6,0,573245,,,13/G,123.49,192.77
play,6,0,595291,,,563/G5,111.45,178.71
play,6,1,594895,,,NP
sub,518767,Justin Harper,0,0,1
play,6,1,594895,,,K+WP.B-1
play,6,1,506999,,,WP.1-2
play,6,1,506999,,,W
play,6,1,542941,,,K
play,6,1,573135,,,WP.2-3
play,6,1,573135,,,HP.1-2
play,6,1,594990,,,WP.1-2;2-3;3-H
play,6,1,594990,,,8/F,133.53,100.40
play,6,1,592660,,,WP.2-3;3-H
play,6,1,592660,,,63/G,108.43,168.67
play,7,0,595831,,,K
play,7,0,542165,,,K
play,7,0,516430,,,K
play,7,1,555543,,,NP
sub,516429,Ricardo Heredia,0,3,9
play,7,1,596881,,,NP
sub,596571,Ryan McCurdy,0,8,2
play,7,1,555543,,,53/G,108.43,184.74
play,7,1,596881,,,53/G,101.41,177.71
play,7,1,543388,,,S9/G,181.73,127.51
play,7,1,594895,,,K
play,8,0,455390,,,NP
sub,594948,Sean O'Connell,1,8,2
play,8,0,548300,,,NP
sub,534743,Kevin Moran,1,0,1
play,8,0,455390,,,D7/G,61.24,141.57
play,8,0,548300,,,S9/G.2-3,174.70,131.53
play,8,0,571981,,,4/L,135.54,168.67
play,8,0,595832,,,DI.1-2
play,8,0,595832,,,K
play,8,0,596571,,,13/G,126.51,189.76
play,8,1,506999,,,S8/L,122.49,110.44
play,8,1,542941,,,S9/L.1-2,184.74,129.52
play,8,1,573135,,,WP.1-2;2-3
play,8,1,573135,,,K
play,8,1,594990,,,D8/L.2-H;3-H,169.68,88.35
play,8,1,592660,,,3/G.2-3,149.60,174.70
play,8,1,594948,,,K
play,9,0,595291,,,13/G,125.50,186.75
play,9,0,595831,,,E6,116.47,163.65
play,9,0,542165,,,54(1)3/GDP/G5,105.42,179.72
id,BriAPP201007020
info,visteam,GreAPP
info,hometeam,BriAPP
info,date,2010/07/02
start,595831,Jonathan Merritt,0,1,6
start,500767,Ricardo Garcia,0,2,4
start,516430,Emilio King,0,3,9
start,455390,Jhonny Medrano,0,4,5
start,548300,Chris Wallace,0,5,2
start,571981,Telvin Nash,0,6,7
start,595832,Marcus Nidiffer,0,7,3
start,516429,Ricardo Heredia,0,8,10
start,572938,Ryan Humphrey,0,9,8
start,592314,Michael Foltynewicz,0,0,1
start,543388,Jordan Keegan,1,1,7
start,594895,Drew Lee,1,2,4
start,506999,John Spatola,1,3,9
start,542941,Daniel Black,1,4,3
start,573135,Tyler Saladino,1,5,6
start,594990,Michael Schwartz,1,6,10
start,592660,Rangel Ravelo,1,7,5
start,555543,Chase Blackwood,1,8,2
start,596881,Qualon Millender,1,9,8
start,571526,Ryan Buch,1,0,1
play,1,0,595831,,,W
play,1,0,500767,,,13/SH.1-2,123.49,204.82
play,1,0,516430,,,53/G,111.45,184.74
play,1,0,455390,,,K
play,1,1,543388,,,K
play,1,1,594895,,,W
play,1,1,506999,,,D8/F.1-3,159.64,66.27
play,1,1,542941,,,43/G.2-3;3-H,135.54,168.67
play,1,1,573135,,,K
play,2,0,548300,,,13/G,127.51,195.78
play,2,0,571981,,,S7/G,86.35,146.59
play,2,0,595832,,,9/F,181.73,102.41
play,2,0,516429,,,K
play,2,1,594990,,,HP
play,2,1,592660,,,WP.1-2
play,2,1,592660,,,8/F,116.47,101.41
play,2,1,555543,,,HP
play,2,1,596881,,,FC5/G.1X2(54);2-3;B-1,107.43,184.74
play,2,1,543388,,,S7/G.1-2;3-H,89.36,137.55
play,2,1,594895,,,6/P,109.44,173.69
play,3,0,572938,,,143/G1,129.52,181.73
play,3,0,595831,,,HP
play,3,0,500767,,,SB2
play,3,0,500767,,,K
play,3,0,516430,,,9/F,162.65,127.51
play,3,1,506999,,,NP
sub,518514,Garrett Bullock,0,0,1
play,3,1,506999,,,4/L,132.53,173.69
play,3,1,542941,,,8/F,134.54,95.38
play,3,1,573135,,,63/G,109.44,169.68
play,4,0,455390,,,6/P,117.47,165.66
play,4,0,548300,,,K23
play,4,0,571981,,,K
play,4,1,594990,,,43/G,130.52,175.70
play,4,1,592660,,,43/G,130.52,173.69
play,4,1,555543,,,D7/F,63.25,80.32
play,4,1,596881,,,8/L,123.49,98.39
play,5,0,595832,,,53/G,109.44,178.71
play,5,0,516429,,,63/G,104.42,169.68
play,5,0,572938,,,K
play,5,1,543388,,,13/BG,127.51,199.80
play,5,1,594895,,,D7/G,44.18,121.49
play,5,1,506999,,,9/F.2-3,198.80,107.43
play,5,1,542941,,,S6/G.3-H,105.42,175.70
play,5,1,573135,,,9/F,160.64,107.43
play,6,0,595831,,,5/P,109.44,181.73
play,6,0,500767,,,1/L,122.49,194.78
play,6,0,516430,,,K
play,6,1,594990,,,S9/G,150.60,132.53
play,6,1,592660,,,POCS2(136)
play,6,1,592660,,,S7/F,93.37,138.55
play,6,1,555543,,,BK.1-2
play,6,1,555543,,,W
play,6,1,596881,,,NP
sub,592225,Ryan Cole,0,0,1
play,6,1,596881,,,FC4/G.1X2(46);2-3;B-1,136.55,169.68
play,6,1,543388,,,S7/L.1-3;3-H,77.31,133.53
play,6,1,594895,,,7/F,66.27,136.55
play,7,0,455390,,,NP
sub,572944,Ethan Icard,1,0,1
play,7,0,455390,,,K
play,7,0,548300,,,43/G,133.53,170.68
play,7,0,571981,,,63/G,114.46,172.69
play,7,1,506999,,,S7/L,84.34,126.51
play,7,1,542941,,,SB2
play,7,1,542941,,,7/F,84.34,129.52
play,7,1,573135,,,WP.2-3
play,7,1,573135,,,43/G,134.54,171.69
play,7,1,594990,,,S8/G.3-H,124.50,113.45
play,7,1,592660,,,FC6/G.1X2(64),113.45,172.69
play,8,0,595832,,,8/F,134.54,103.41
play,8,0,516429,,,53/G,113.45,181.73
play,8,0,572938,,,E6/TH,112.45,163.65
play,8,0,595831,,,W.1-2
play,8,0,500767,,,E6.1-3;2-H;B-2,109.44,164.66
play,8,0,516430,,,K
play,8,1,555543,,,53/G,105.42,186.75
play,8,1,596881,,,K
play,8,1,543388,,,13/G,119.48,193.78
play,9,0,455390,,,NP
sub,519170,Kevin Rath,1,0,1
play,9,0,455390,,,3/G,143.57,175.70
play,9,0,548300,,,S8/G,132.53,124.50
play,9,0,571981,,,K
play,9,0,595832,,,K
id,BriAPP201007030
info,visteam,GreAPP
info,hometeam,BriAPP
info,date,2010/07/03
start,595831,Jonathan Merritt,0,1,6
start,542165,Pedro Feliz,0,2,4
start,455390,Jhonny Medrano,0,3,3
start,548300,Chris Wallace,0,4,10
start,516430,Emilio King,0,5,9
start,571981,Telvin Nash,0,6,7
start,573245,Bubby Williams,0,7,2
start,542605,Hector Rodriguez,0,8,5
start,595291,Bryce Lane,0,9,8
start,542300,Euris Quezada,0,0,1
start,596881,Qualon Millender,1,1,8
start,594895,Drew Lee,1,2,4
start,506999,John Spatola,1,3,9
start,594990,Michael Schwartz,1,4,3
start,555543,Chase Blackwood,1,5,2
start,500875,Jeffer Patino,1,6,5
start,595033,Ethan Wilson,1,7,6
start,594948,Sean O'Connell,1,8,10
start,596880,J. D. Ashbrook,1,9,7
start,571765,Matthew Heidenreich,1,0,1
play,1,0,595831,,,K
play,1,0,542165,,,7/F,82.33,121.49
play,1,0,455390,,,4/P,136.55,164.66
play,1,1,596881,,,63/G,111.45,158.63
play,1,1,594895,,,D9/L,189.76,138.55
play,1,1,506999,,,K
play,1,1,594990,,,HP
play,1,1,555543,,,3/PF,156.63,197.79
play,2,0,548300,,,K
play,2,0,516430,,,K23
play,2,0,571981,,,6/P,123.49,170.68
play,2,1,500875,,,7/F,58.23,124.50
play,2,1,595033,,,S7/G,82.33,120.48
play,2,1,594948,,,S8/F.1-2,130.52,124.50
play,2,1,596880,,,64(1)5/GDP/G6,107.43,164.66
play,3,0,573245,,,S7/G,94.38,147.59
play,3,0,542605,,,S9/L.1-2,155.62,141.57
play,3,0,595291,,,53/G.1-2;2-3,103.41,181.73
play,3,0,595831,,,OA.2-3;3XH(25)
play,3,0,595831,,,W
play,3,0,542165,,,S9/L.1-3;3-H,153.61,143.57
play,3,0,455390,,,S8/G.1-2;3-H,111.45,128.51
play,3,0,548300,,,7/F,62.25,111.45
play,3,1,596881,,,3/G,138.55,178.71
play,3,1,594895,,,7/F,62.25,110.44
play,3,1,506999,,,143/G1,121.49,189.76
play,4,0,516430,,,8/F,119.48,116.47
play,4,0,571981,,,5/L,101.41,185.74
play,4,0,573245,,,S8/L,108.43,100.40
play,4,0,542605,,,K
play,4,1,594990,,,W
play,4,1,555543,,,8/F.1-2,114.46,124.50
play,4,1,500875,,,S8/G.2-H,108.43,121.49
play,4,1,595033,,,S7/G.1-2,88.35,149.60
play,4,1,594948,,,S8/L.1-2;2-H,115.46,137.55
play,4,1,596880,,,4/L,125.50,165.66
play,4,1,596881,,,3/G,141.57,184.74
play,5,0,595291,,,5/L,98.39,177.71
play,5,0,595831,,,9/F,173.69,120.48
play,5,0,542165,,,S5/BG,104.42,186.75
play,5,0,455390,,,SB2
play,5,0,455390,,,K
play,5,1,594895,,,S9/G,146.59,140.56
play,5,1,506999,,,S9/L.1-2,174.70,136.55
play,5,1,594990,,,WP.1-2;2-3
play,5,1,594990,,,WP.2-3;3-H
play,5,1,594990,,,43/G,144.58,172.69
play,5,1,555543,,,K
play,5,1,500875,,,6/P,105.42,170.68
play,6,0,548300,,,NP
sub,518457,Josh Billeaud,1,0,1
play,6,0,548300,,,63/G,101.41,163.65
play,6,0,516430,,,S9/F,154.62,126.51
play,6,0,571981,,,CS2
play,6,0,571981,,,W
play,6,0,573245,,,E6.1-2,118.47,170.68
play,6,0,542605,,,8/F,139.56,128.51
play,6,1,595033,,,9/F,159.64,137.55
play,6,1,594948,,,63/G,91.37,171.69
play,6,1,596880,,,K
play,7,0,595291,,,NP
sub,595398,Pat Schatz,1,0,1
play,7,0,595291,,,K
play,7,0,595831,,,8/F,124.50,116.47
play,7,0,542165,,,K
play,7,1,596881,,,NP
sub,572173,Brian Streilein,0,0,1
play,7,1,596881,,,S6/G,110.44,157.63
play,7,1,594895,,,S8/L.1-2,99.40,134.54
play,7,1,506999,,,13/SH.1-2;2-3,123.49,189.76
play,7,1,594990,,,IW
play,7,1,555543,,,7/SF.1-2;2-3;3-H,98.39,129.52
play,7,1,500875,,,E7.2-H;3-H;B-2,74.30,136.55
play,7,1,595033,,,2/G(BATINT),127.51,196.79
play,8,0,455390,,,K
play,8,0,548300,,,63/G,119.48,170.68
play,8,0,516430,,,K
play,8,1,594948,,,63/G,109.44,166.67
play,8,1,596880,,,K
play,8,1,596881,,,43/G,137.55,169.68
play,9,0,571981,,,NP
sub,502280,Jamaal Hollis,1,0,1
play,9,0,571981,,,9/L,174.70,130.52
play,9,0,573245,,,K
play,9,0,542605,,,NP
sub,516429,Ricardo Heredia,0,8,11
play,9,0,516429,,,53/G,103.41,181.73
id,BriAPP201007070
info,visteam,KinAPP
info,hometeam,BriAPP
info,date,2010/07/07
start,514914,Ray Van Gurp,0,1,4
start,592725,Justin Schafer,0,2,6
start,572897,ZeErika McQueen,0,3,8
start,573669,Aderlin Rodriguez,0,4,5
start,543710,Javier Rodriguez,0,5,9
start,572284,Nelfi Zapata,0,6,2
start,516941,Eddie Lora,0,7,3
start,502402,Brandon Brown,0,8,10
start,573153,John Semel,0,9,7
start,502368,Jeffrey Walters,0,0,1
start,543388,Jordan Keegan,1,1,7
start,594895,Drew Lee,1,2,4
start,506999,John Spatola,1,3,10
start,542941,Daniel Black,1,4,3
start,573135,Tyler Saladino,1,5,6
start,555543,Chase Blackwood,1,6,2
start,592660,Rangel Ravelo,1,7,5
start,596880,J. D. Ashbrook,1,8,9
start,596881,Qualon Millender,1,9,8
start,571526,Ryan Buch,1,0,1
play,1,0,514914,,,4/P,130.52,175.70
play,1,0,592725,,,D7/F,72.29,127.51
play,1,0,572897,,,S8/L.2-3;B-2,116.47,118.47
play,1,0,573669,,,7/SF.3-H,91.37,105.42
play,1,0,543710,,,K23
play,1,1,543388,,,43/G,132.53,177.71
play,1,1,594895,,,W
play,1,1,506999,,,46(1)3/GDP/G4,136.55,174.70
play,2,0,572284,,,63/G,114.46,172.69
play,2,0,516941,,,W
play,2,0,502402,,,E5/TH.1-2,105.42,183.73
play,2,0,573153,,,36(1)1/GDP/G3,139.56,189.76
play,2,1,542941,,,43/G,132.53,176.71
play,2,1,573135,,,63/G,105.42,173.69
play,2,1,555543,,,S7/L,86.35,128.51
play,2,1,592660,,,W.1-2
play,2,1,596880,,,K
play,3,0,514914,,,43/G,128.51,175.70
play,3,0,592725,,,S9/F,148.59,134.54
play,3,0,572897,,,SB2
play,3,0,572897,,,K
play,3,0,573669,,,53/G,112.45,188.76
play,3,1,596881,,,53/G,105.42,182.73
play,3,1,543388,,,K
play,3,1,594895,,,13/G,125.50,197.79
play,4,0,543710,,,8/F,129.52,95.38
play,4,0,572284,,,S9/G,180.72,127.51
play,4,0,516941,,,K
play,4,0,502402,,,63/G,111.45,177.71
play,4,1,506999,,,7/F,48.19,99.40
play,4,1,542941,,,HR/F,203.82,77.31
play,4,1,573135,,,S8/G,141.57,102.41
play,4,1,555543,,,W.1-2
play,4,1,592660,,,D9/F.1-H;2-H,195.78,106.43
play,4,1,596880,,,3/G.2-3,132.53,190.76
play,4,1,596881,,,3/G,142.57,183.73
play,5,0,573153,,,63/G,108.43,174.70
play,5,0,514914,,,4/P,130.52,178.71
play,5,0,592725,,,K
play,5,1,543388,,,NP
sub,592473,Adam Kolarek,0,0,1
play,5,1,543388,,,W
play,5,1,594895,,,4(1)3/G4/GDP,137.55,174.70
play,5,1,506999,,,7/F,67.27,110.44
play,6,0,572897,,,NP
sub,562366,Richard Marshall,1,0,1
play,6,0,572897,,,9/FF,180.72,164.66
play,6,0,573669,,,D7/F,93.37,106.43
play,6,0,543710,,,T7/F.2-H,74.30,109.44
play,6,0,572284,,,FC6.3XH(62),106.43,183.73
play,6,0,516941,,,6/P,116.47,175.70
play,6,1,542941,,,K
play,6,1,573135,,,W
play,6,1,555543,,,8/F,142.57,105.42
play,6,1,592660,,,SB2
play,6,1,592660,,,53/G,106.43,182.73
play,7,0,502402,,,63/G,105.42,168.67
play,7,0,573153,,,9/F,199.80,109.44
play,7,0,514914,,,9/F,173.69,109.44
play,7,1,596880,,,NP
sub,541596,Jhonathan Torres,0,0,1
play,7,1,596880,,,K
play,7,1,596881,,,S7/L,76.31,102.41
play,7,1,543388,,,S7/G.1-2,96.39,116.47
play,7,1,594895,,,FC6/G.1X2(64);2-3;B-1,107.43,176.71
play,7,1,506999,,,W.1-2
play,7,1,542941,,,K
play,8,0,592725,,,NP
sub,571547,Jarrett Casey,1,0,1
play,8,0,592725,,,4/L,132.53,173.69
play,8,0,572897,,,E4,134.54,176.71
play,8,0,573669,,,7/F,67.27,116.47
play,8,0,543710,,,K
play,8,1,573135,,,7/F,51.20,120.48
play,8,1,555543,,,9/F,200.80,105.42
play,8,1,592660,,,K
play,9,0,572284,,,W
play,9,0,516941,,,NP
sub,541603,Ismael Tijerina,0,7,11
play,9,0,541603,,,13/SH.1-2,127.51,198.80
play,9,0,502402,,,53/G,102.41,180.72
play,9,0,573153,,,13/G,129.52,198.80
id,BriAPP201007080
info,visteam,KinAPP
info,hometeam,BriAPP
info,date,2010/07/08
start,572897,ZeErika McQueen,0,1,8
start,592725,Justin Schafer,0,2,6
start,502095,Lucas Stewart,0,3,3
start,573669,Aderlin Rodriguez,0,4,5
start,543710,Javier Rodriguez,0,5,9
start,572284,Nelfi Zapata,0,6,10
start,544938,Albert Cordero,0,7,2
start,543317,Charles Hinojosa,0,8,7
start,541603,Ismael Tijerina,0,9,4
start,594798,Jacob DeGrom,0,0,1
start,543388,Jordan Keegan,1,1,7
start,594895,Drew Lee,1,2,4
start,506999,John Spatola,1,3,9
start,542941,Daniel Black,1,4,2
start,594990,Michael Schwartz,1,5,3
start,592660,Rangel Ravelo,1,6,5
start,594948,Sean O'Connell,1,7,10
start,592715,Bradley Salgado,1,8,6
start,596881,Qualon Millender,1,9,8
start,571765,Matthew Heidenreich,1,0,1
play,1,0,572897,,,63/G,121.49,166.67
play,1,0,592725,,,S9/G,172.69,137.55
play,1,0,502095,,,3(1)6/G3/GDP,141.57,184.74
play,1,1,543388,,,K
play,1,1,594895,,,43/G,139.56,184.74
play,1,1,506999,,,8/F,88.35,106.43
play,2,0,573669,,,K
play,2,0,543710,,,S5/G,106.43,185.74
play,2,0,572284,,,64(1)3/GDP/G6,110.44,175.70
play,2,1,542941,,,S9/G,161.65,155.62
play,2,1,594990,,,FC6/G.1X2(64);B-1,108.43,172.69
play,2,1,592660,,,WP.1-2
play,2,1,592660,,,S7/G.2-3,65.26,139.56
play,2,1,594948,,,16(1)3/GDP/G1,121.49,202.81
play,3,0,544938,,,E5,99.40,182.73
play,3,0,543317,,,S9/G.1-2,172.69,150.60
play,3,0,541603,,,W.1-2;2-3
play,3,0,572897,,,8/SF.3-H,116.47,111.45
play,3,0,592725,,,K
play,3,0,502095,,,K
play,3,1,592715,,,43/G,138.55,173.69
play,3,1,596881,,,S5/G,99.40,181.73
play,3,1,543388,,,46(1)3/GDP/G4,137.55,171.69
play,4,0,573669,,,D8/F,183.73,92.37
play,4,0,543710,,,8/F,104.42,96.39
play,4,0,572284,,,3/G.2-3,143.57,189.76
play,4,0,544938,,,5/L,102.41,179.72
play,4,1,594895,,,8/F,128.51,62.25
play,4,1,506999,,,K
play,4,1,542941,,,43/G,131.53,174.70
play,5,0,543317,,,K
play,5,0,541603,,,K
play,5,0,572897,,,43/G,143.57,175.70
play,5,1,594990,,,S8/L,117.47,125.50
play,5,1,592660,,,FC6/G.1X2(64);B-1,108.43,173.69
play,5,1,594948,,,D7/G.1-3,78.31,125.50
play,5,1,592715,,,W
play,5,1,596881,,,K
play,5,1,543388,,,8/F,135.54,95.38
play,6,0,592725,,,13/G,128.51,192.77
play,6,0,502095,,,W
play,6,0,573669,,,7/F,47.19,130.52
play,6,0,543710,,,S7/F.1-3,75.30,139.56
play,6,0,572284,,,53/G,112.45,177.71
play,6,1,594895,,,NP
sub,572831,Josh Edgin,0,0,1
play,6,1,594895,,,13/G,126.51,191.77
play,6,1,506999,,,K23
play,6,1,542941,,,W
play,6,1,594990,,,D9/F.1-H,185.74,103.41
play,6,1,592660,,,D7/F.2-H,56.22,113.45
play,6,1,594948,,,7/F,72.29,110.44
play,7,0,544938,,,NP
sub,519170,Kevin Rath,1,0,1
play,7,0,544938,,,63/G,124.50,168.67
play,7,0,543317,,,K
play,7,0,541603,,,W
play,7,0,572897,,,SB2
play,7,0,572897,,,S7/L.2-H;BX2(763),63.25,128.51
play,7,1,592715,,,W
play,7,1,596881,,,FC1/B.1X2(16);B-1,134.54,198.80
play,7,1,543388,,,S7/F.1-2,71.29,127.51
play,7,1,594895,,,NP
sub,571560,T. J. Chism,0,0,1
play,7,1,594895,,,S8/L.1-3(E8)(E8);2-H,121.49,117.47
play,7,1,506999,,,CS2
play,7,1,506999,,,K
play,8,0,592725,,,S7/G,93.37,134.54
play,8,0,502095,,,PB.1-2
play,8,0,502095,,,K
play,8,0,573669,,,HR/F.2-H,23.09,64.26
play,8,0,543710,,,43/G,151.61,175.70
play,8,0,572284,,,D9/G,196.79,127.51
play,8,0,544938,,,K+WP.2-3;B-1
play,8,0,543317,,,PO?(E?).1-2;3-H
play,8,0,543317,,,3/G,136.55,189.76
play,8,1,542941,,,D7/L,63.25,124.50
play,8,1,594990,,,8/F,105.42,105.42
play,8,1,592660,,,NP
sub,595027,Michael Weldon,0,0,1
play,8,1,592660,,,53/G,102.41,178.71
play,8,1,594948,,,63/G,111.45,170.68
play,9,0,541603,,,NP
sub,502280,Jamaal Hollis,1,0,1
play,9,0,541603,,,8/F,145.58,60.24
play,9,0,572897,,,S8/F,95.38,126.51
play,9,0,592725,,,7/F,74.30,121.49
play,9,0,502095,,,SB2
play,9,0,502095,,,W
play,9,0,573669,,,HR/F.1-H;2-H,42.17,61.24
play,9,0,543710,,,S8/L,109.44,99.40
play,9,0,572284,,,3/L,138.55,183.73
play,9,1,592715,,,E3,141.57,179.72
play,9,1,596881,,,E5.1-2,110.44,178.71
play,9,1,543388,,,K
play,9,1,594895,,,K
play,9,1,506999,,,FC4/G.1X2(46),142.57,173.69
id,BriAPP201007090
info,visteam,KinAPP
info,hometeam,BriAPP
info,date,2010/07/09
start,572897,ZeErika McQueen,0,1,8
start,592725,Justin Schafer,0,2,4
start,502095,Lucas Stewart,0,3,3
start,573669,Aderlin Rodriguez,0,4,10
start,543710,Javier Rodriguez,0,5,9
start,544938,Albert Cordero,0,6,2
start,502402,Brandon Brown,0,7,6
start,543317,Charles Hinojosa,0,8,7
start,541603,Ismael Tijerina,0,9,5
start,542674,Gonzalez Germen,0,0,1
start,543388,Jordan Keegan,1,1,8
start,594895,Drew Lee,1,2,10
start,506999,John Spatola,1,3,9
start,542941,Daniel Black,1,4,3
start,573135,Tyler Saladino,1,5,6
start,555543,Chase Blackwood,1,6,2
start,595033,Ethan Wilson,1,7,4
start,500875,Jeffer Patino,1,8,5
start,596880,J. D. Ashbrook,1,9,7
start,542890,Spencer Arroyo,1,0,1
play,1,0,572897,,,K
play,1,0,592725,,,53/G,110.44,182.73
play,1,0,502095,,,S8/L,133.53,112.45
play,1,0,573669,,,K23
play,1,1,543388,,,8/F,122.49,109.44
play,1,1,594895,,,S4/G,135.54,173.69
play,1,1,506999,,,SB2
play,1,1,506999,,,K23
play,1,1,542941,,,K
play,2,0,543710,,,K23
play,2,0,544938,,,3/L,144.58,190.76
play,2,0,502402,,,53/G,111.45,183.73
play,2,1,573135,,,D9/L,192.77,108.43
play,2,1,555543,,,HP
play,2,1,595033,,,23/SH.1-2;2-3,125.50,192.77
play,2,1,500875,,,S7/L.2-3;3-H,50.20,118.47
play,2,1,596880,,,K
play,2,1,543388,,,K
play,3,0,543317,,,53/G,111.45,170.68
play,3,0,541603,,,K
play,3,0,572897,,,K
play,3,1,594895,,,D9/F,166.67,117.47
play,3,1,506999,,,43/G.2-3,145.58,177.71
play,3,1,542941,,,D7/F.3-H,75.30,130.52
play,3,1,573135,,,9/F,211.85,96.39
play,3,1,555543,,,WP.2-3
play,3,1,555543,,,K23
play,4,0,592725,,,6/L,113.45,175.70
play,4,0,502095,,,K23
play,4,0,573669,,,K
play,4,1,595033,,,W
play,4,1,500875,,,K
play,4,1,596880,,,PO1(E?).1-3
play,4,1,596880,,,E4.3-H,136.55,168.67
play,4,1,543388,,,HP.1-2
play,4,1,594895,,,K
play,4,1,506999,,,43/G,149.60,170.68
play,5,0,543710,,,7/F,70.28,116.47
play,5,0,544938,,,63/G,119.48,169.68
play,5,0,502402,,,5/P,110.44,178.71
play,5,1,542941,,,43/G,146.59,172.69
play,5,1,573135,,,K
play,5,1,555543,,,K
play,6,0,543317,,,8/F,129.52,94.38
play,6,0,541603,,,K23
play,6,0,572897,,,S7/F,51.20,127.51
play,6,0,592725,,,POCS2(136)
play,6,1,595033,,,NP
sub,500783,Orlando Tovar,0,0,1
play,6,1,595033,,,4/P,134.54,172.69
play,6,1,500875,,,7/F,82.33,134.54
play,6,1,596880,,,6/L,124.50,164.66
play,7,0,502095,,,NP
sub,572944,Ethan Icard,1,0,1
play,7,0,592725,,,W
play,7,0,502095,,,53/G.1-2,107.43,185.74
play,7,0,573669,,,W
play,7,0,543710,,,43/G.1-2;2-3,126.51,173.69
play,7,0,544938,,,S7/G.2-H;3-H,83.33,151.61
play,7,0,502402,,,W.1-2
play,7,0,543317,,,K
play,7,1,543388,,,K
play,7,1,594895,,,S7/L,66.27,117.47
play,7,1,506999,,,9/F,172.69,121.49
play,7,1,542941,,,S7/G.1-2,90.36,150.60
play,7,1,573135,,,W.1-2;2-3
play,7,1,555543,,,FC4/G.1X2(4),136.55,169.68
play,8,0,541603,,,NP
sub,518457,Josh Billeaud,1,0,1
play,8,0,541603,,,6/P,112.45,168.67
play,8,0,572897,,,K
play,8,0,592725,,,8/F,121.49,103.41
play,8,1,595033,,,NP
sub,458720,John Holdzkom,0,0,1
play,8,1,595033,,,K
play,8,1,500875,,,7/F,88.35,155.62
play,8,1,596880,,,63/G,104.42,169.68
play,9,0,502095,,,NP
sub,534743,Kevin Moran,1,0,1
play,9,0,502095,,,K
play,9,0,573669,,,3/G,132.53,191.77
play,9,0,543710,,,5/P,99.40,177.71
id,BriAPP201007171
info,visteam,EliAPP
info,hometeam,BriAPP
info,date,2010/07/17
start,542454,Daniel Santana,0,1,6
start,573121,Nathaniel Roberts,0,2,10
start,542455,Oswaldo Arcia,0,3,8
start,594896,Andy Leer,0,4,5
start,543611,Daniel Ortiz,0,5,7
start,592184,Brian Burke,0,6,3
start,516612,Jhonatan Arias,0,7,2
start,475774,Gunner Glad,0,8,9
start,572993,Nick Lockwood,0,9,4
start,516614,Manuel Soliman,0,0,1
start,543388,Jordan Keegan,1,1,7
start,500875,Jeffer Patino,1,2,4
start,542941,Daniel Black,1,3,10
start,572794,Robert Cummings,1,4,5
start,506999,John Spatola,1,5,9
start,555543,Chase Blackwood,1,6,2
start,594990,Michael Schwartz,1,7,3
start,592715,Bradley Salgado,1,8,6
start,596881,Qualon Millender,1,9,8
start,502593,Jacob Petricka,1,0,1
play,1,0,542454,,,K
play,1,0,573121,,,53/G,102.41,184.74
play,1,0,542455,,,K
play,1,1,543388,,,53/G,110.44,175.70
play,1,1,500875,,,K
play,1,1,542941,,,S8/G,120.48,100.40
play,1,1,572794,,,HP.1-2
play,1,1,506999,,,K
play,2,0,594896,,,D8/F,126.51,121.49
play,2,0,543611,,,4/P,148.59,175.70
play,2,0,592184,,,63/G.2-3,114.46,171.69
play,2,0,516612,,,13/G,124.50,186.75
play,2,1,555543,,,HP
play,2,1,594990,,,W.1-2
play,2,1,592715,,,K
play,2,1,596881,,,64(1)3/GDP/G6,107.43,172.69
play,3,0,475774,,,53/G,105.42,183.73
play,3,0,572993,,,S9/G,171.69,132.53
play,3,0,542454,,,K
play,3,0,573121,,,13/G,122.49,185.74
play,3,1,543388,,,3/PF,159.64,193.78
play,3,1,500875,,,7/F,79.32,127.51
play,3,1,542941,,,HP
play,3,1,572794,,,S9/G.1-2,163.65,137.55
play,3,1,506999,,,5/P,100.40,179.72
play,4,0,542455,,,D7/F,48.19,116.47
play,4,0,594896,,,K
play,4,0,543611,,,D8/F.2-H,114.46,95.38
play,4,0,592184,,,WP.2-3
play,4,0,592184,,,S8/L.3-H,120.48,121.49
play,4,0,516612,,,FC5/G.1X2(54);B-1,106.43,183.73
play,4,0,475774,,,5/P,106.43,179.72
play,4,1,555543,,,8/F,112.45,96.39
play,4,1,594990,,,K23
play,4,1,592715,,,9/F,193.78,113.45
play,5,0,572993,,,S9/G,176.71,126.51
play,5,0,542454,,,FC6/G.1X2(6);B-1,109.44,170.68
play,5,0,573121,,,K
play,5,0,542455,,,E4.1-2,139.56,175.70
play,5,0,594896,,,K
play,5,1,596881,,,53/G,115.46,174.70
play,5,1,543388,,,W
play,5,1,500875,,,7/F,52.21,119.48
play,5,1,542941,,,6/P,112.45,162.65
play,6,0,543611,,,NP
sub,502280,Jamaal Hollis,1,0,1
play,6,0,543611,,,3/G,143.57,179.72
play,6,0,592184,,,D9/G,159.64,132.53
play,6,0,516612,,,S9/L.2-3,168.67,126.51
play,6,0,475774,,,S7/G.1-3(E7)(E7);3-H;B-2,74.30,124.50
play,6,0,572993,,,43/G.3-H,142.57,172.69
play,6,0,542454,,,9/F,172.69,124.50
play,6,1,572794,,,S4/G,136.55,167.67
play,6,1,506999,,,HR/F.1-H,199.80,53.21
play,6,1,555543,,,NP
sub,518701,Nelvin Fuentes,0,0,1
play,6,1,555543,,,K
play,6,1,594990,,,W
play,6,1,592715,,,K
play,6,1,596881,,,FC5/G.1X2(54),103.41,175.70
play,7,0,573121,,,S8/G,125.50,122.49
play,7,0,542455,,,9/F,175.70,127.51
play,7,0,594896,,,7/F,72.29,115.46
play,7,0,543611,,,SB2
play,7,0,543611,,,WP.2-3
play,7,0,543611,,,S8/F.3-H,120.48,106.43
play,7,0,592184,,,S7/G.1-2,69.28,120.48
play,7,0,516612,,,53/G,101.41,174.70
play,7,1,543388,,,NP
sub,592382,Matthew Hauser,0,0,1
play,7,1,543388,,,53/G,116.47,165.66
play,7,1,500875,,,43/G,142.57,172.69
play,7,1,542941,,,3/G,146.59,179.72
id,BriAPP201007172
info,visteam,EliAPP
info,hometeam,BriAPP
info,date,2010/07/17
start,594849,Jamaal Hawkins,0,1,6
start,572993,Nick Lockwood,0,2,4
start,542455,Oswaldo Arcia,0,3,9
start,594896,Andy Leer,0,4,5
start,543611,Daniel Ortiz,0,5,7
start,592184,Brian Burke,0,6,3
start,571861,Kyle Knudson,0,7,10
start,571972,Buddy Munroe,0,8,2
start,594854,Brandon Henderson,0,9,8
start,572155,Sam Spangler,0,0,1
start,596881,Qualon Millender,1,1,8
start,596880,J. D. Ashbrook,1,2,9
start,542941,Daniel Black,1,3,2
start,572794,Robert Cummings,1,4,10
start,506999,John Spatola,1,5,3
start,592660,Rangel Ravelo,1,6,5
start,596882,Marcus Spencer,1,7,7
start,500875,Jeffer Patino,1,8,4
start,595033,Ethan Wilson,1,9,6
start,595398,Pat Schatz,1,0,1
play,1,0,594849,,,S7/L,79.32,118.47
play,1,0,572993,,,16(1)3/GDP/G1,126.51,192.77
play,1,0,542455,,,T8/F,118.47,78.31
play,1,0,594896,,,S7/G.3-H,94.38,122.49
play,1,0,543611,,,SB2
play,1,0,543611,,,K
play,1,1,596881,,,S9/G,139.56,126.51
play,1,1,596880,,,SB2
play,1,1,596880,,,K
play,1,1,542941,,,K
play,1,1,572794,,,13/G,126.51,191.77
play,2,0,592184,,,9/F,186.75,126.51
play,2,0,571861,,,S8/G,126.51,117.47
play,2,0,571972,,,9/L,169.68,134.54
play,2,0,594854,,,K
play,2,1,506999,,,6/P,105.42,173.69
play,2,1,592660,,,9/F,175.70,128.51
play,2,1,596882,,,S7/L,88.35,117.47
play,2,1,500875,,,7/F,68.27,125.50
play,3,0,594849,,,8/F,120.48,100.40
play,3,0,572993,,,E4/TH.B-2,132.53,176.71
play,3,0,542455,,,53/G.2-3,96.39,181.73
play,3,0,594896,,,13/G,120.48,191.77
play,3,1,595033,,,63/G,115.46,166.67
play,3,1,596881,,,43/G,136.55,170.68
play,3,1,596880,,,S4/L,70.28,122.49
play,4,0,543611,,,43/G,143.57,169.68
play,4,0,592184,,,43/G,138.55,172.69
play,4,0,571861,,,HP
play,4,0,571972,,,K
play,4,1,542941,,,43/G,145.58,173.69
play,4,1,572794,,,D9/L,188.76,135.54
play,4,1,506999,,,E6.2X3(65);B-2,111.45,166.67
play,4,1,592660,,,K
play,5,0,594854,,,NP
sub,519170,Kevin Rath,1,0,1
play,5,0,594854,,,HP
play,5,0,594849,,,W.1-2
play,5,0,572993,,,W.1-2;2-3
play,5,0,542455,,,9/SF.3-H,183.73,113.45
play,5,0,594896,,,WP.1-2;2-3
play,5,0,594896,,,W
play,5,0,543611,,,46(1)3/GDP/G4,139.56,176.71
play,5,1,596882,,,NP
sub,493556,David Gutierrez,0,0,1
play,5,1,596882,,,K
play,5,1,500875,,,S7/L,83.33,109.44
play,5,1,595033,,,FC5/G.1X2(54);B-1,104.42,179.72
play,5,1,596881,,,K
play,6,0,592184,,,NP
sub,543388,Jordan Keegan,1,1,8
play,6,0,592184,,,S7/L,72.29,126.51
play,6,0,571861,,,K
play,6,0,571972,,,53/G.1-2,108.43,179.72
play,6,0,594854,,,43/G,146.59,173.69
play,6,1,596880,,,9/F,177.71,120.48
play,6,1,542941,,,K
play,6,1,572794,,,K
play,7,0,594849,,,NP
sub,562366,Richard Marshall,1,0,1
play,7,0,594849,,,8/F,126.51,90.36
play,7,0,572993,,,K
play,7,0,542455,,,8/F,107.43,103.41
play,7,1,506999,,,31/G,128.51,191.77
play,7,1,592660,,,13/G,127.51,195.78
play,7,1,596882,,,W
play,7,1,500875,,,S8/G.1-2,112.45,127.51
play,7,1,595033,,,FC6/G.1X2(64),111.45,170.68
id,BriAPP201007180
info,visteam,EliAPP
info,hometeam,BriAPP
info,date,2010/07/18
start,542454,Daniel Santana,0,1,6
start,594849,Jamaal Hawkins,0,2,4
start,542455,Oswaldo Arcia,0,3,8
start,594896,Andy Leer,0,4,5
start,571861,Kyle Knudson,0,5,10
start,592184,Brian Burke,0,6,3
start,543611,Daniel Ortiz,0,7,9
start,516612,Jhonatan Arias,0,8,2
start,475774,Gunner Glad,0,9,7
start,517372,Martire Garcia,0,0,1
start,543388,Jordan Keegan,1,1,8
start,594895,Drew Lee,1,2,4
start,506999,John Spatola,1,3,9
start,572794,Robert Cummings,1,4,10
start,594990,Michael Schwartz,1,5,3
start,555543,Chase Blackwood,1,6,2
start,592660,Rangel Ravelo,1,7,5
start,595033,Ethan Wilson,1,8,6
start,596882,Marcus Spencer,1,9,7
start,571547,Jarrett Casey,1,0,1
play,1,0,542454,,,K
play,1,0,594849,,,K
play,1,0,542455,,,4/P,135.54,176.71
play,1,1,543388,,,S7/L,53.21,120.48
play,1,1,594895,,,14(1)3/GDP/G1,128.51,191.77
play,1,1,506999,,,K
play,2,0,594896,,,D7/L,45.18,115.46
play,2,0,571861,,,S8/G.2-H;B-2,121.49,97.39
play,2,0,592184,,,53/G,102.41,175.70
play,2,0,543611,,,3/G.2-3,139.56,186.75
play,2,0,516612,,,7/F,57.23,112.45
play,2,1,572794,,,S8/G,132.53,105.42
play,2,1,594990,,,3/G.1-2,142.57,178.71
play,2,1,555543,,,K
play,2,1,592660,,,43/G,134.54,178.71
play,3,0,475774,,,S5/G.B-2(E5/TH),106.43,180.72
play,3,0,542454,,,E5.2-3(E6)(E6/TH),104.42,182.73
play,3,0,594849,,,S6/G.1-2;3-H,105.42,173.69
play,3,0,542455,,,T9/F.1-H;2-H,155.62,86.35
play,3,0,594896,,,8/SF.3-H,129.52,82.33
play,3,0,571861,,,53/G,107.43,181.73
play,3,0,592184,,,43/G,129.52,173.69
play,3,1,595033,,,W
play,3,1,596882,,,K
play,3,1,543388,,,3/G.1-2,146.59,178.71
play,3,1,594895,,,K
play,4,0,543611,,,D8/F,135.54,64.26
play,4,0,516612,,,9/F.2-3,161.65,111.45
play,4,0,475774,,,8/SF.3-H,130.52,82.33
play,4,0,542454,,,8/F,119.48,72.29
play,4,1,506999,,,K23
play,4,1,572794,,,S6/G,123.49,182.73
play,4,1,594990,,,E4.1-2,141.57,175.70
play,4,1,555543,,,K
play,4,1,592660,,,S9/F.1-3;2-H,189.76,117.47
play,4,1,595033,,,K
play,5,0,594849,,,NP
sub,518457,Josh Billeaud,1,0,1
play,5,0,594849,,,W
play,5,0,542455,,,W.1-2
play,5,0,594896,,,E6.1-2;2-3,107.43,175.70
play,5,0,571861,,,D9/F.1-3;2-H;3-H,166.67,102.41
play,5,0,592184,,,W
play,5,0,543611,,,K
play,5,0,516612,,,S7/F.1-2;2-H;3-H,70.28,126.51
play,5,0,475774,,,16(1)3/GDP/G1,120.48,191.77
play,5,1,596882,,,K
play,5,1,543388,,,W
play,5,1,594895,,,4/P,142.57,175.70
play,5,1,506999,,,S9/G.1-H;B-2,153.61,95.38
play,5,1,572794,,,S8/G.2-H,117.47,91.37
play,5,1,594990,,,K23
play,6,0,542454,,,7/F,72.29,132.53
play,6,0,594849,,,W
play,6,0,542455,,,WP.1-2
play,6,0,542455,,,D7/L.2-H,194.78,246.99
play,6,0,594896,,,13/G.2-3,121.49,192.77
play,6,0,571861,,,NP
sub,598384,Spencer Shelton,1,0,1
play,6,0,571861,,,S9/G.3-H,152.61,143.57
play,6,0,592184,,,WP.1-2
play,6,0,592184,,,K
play,6,1,555543,,,NP
sub,548354,Kyle Necke,0,0,1
play,6,1,555543,,,53/G,115.46,175.70
play,6,1,592660,,,K
play,6,1,595033,,,S9/L,206.83,124.50
play,6,1,596882,,,9/L,172.69,122.49
play,7,0,543611,,,K
play,7,0,516612,,,E5/TH,102.41,180.72
play,7,0,475774,,,6/P,111.45,176.71
play,7,0,542454,,,D7/G.1-3,66.27,133.53
play,7,0,594849,,,S7/F.2-H;3-H,80.32,130.52
play,7,0,542455,,,PB.1-2
play,7,0,542455,,,WP.2-3
play,7,0,542455,,,63/G,115.46,167.67
play,7,1,543388,,,NP
sub,542561,Jose Gonzalez,0,0,1
play,7,1,543388,,,K
play,7,1,594895,,,K
play,7,1,506999,,,S9/G,173.69,142.57
play,7,1,572794,,,K
play,8,0,594896,,,8/F,120.48,99.40
play,8,0,571861,,,S7/G,84.34,133.53
play,8,0,592184,,,S9/L.1-2,192.77,121.49
play,8,0,543611,,,S9/G.1-2;2-3,173.69,121.49
play,8,0,516612,,,46(1)3/GDP/G4,134.54,171.69
play,8,1,594990,,,NP
sub,573624,Zach See,0,0,1
play,8,1,594990,,,43/G,133.53,169.68
play,8,1,555543,,,NP
sub,594948,Sean O'Connell,1,6,11
play,8,1,594948,,,3/G,149.60,182.73
play,8,1,592660,,,K
play,9,0,475774,,,NP
sub,594948,Sean O'Connell,1,6,2
play,9,0,542454,,,NP
sub,572837,Austin Evans,1,0,1
play,9,0,475774,,,43/G,117.47,167.67
play,9,0,542454,,,S7/G,49.20,125.50
play,9,0,594849,,,46(1)3/GDP/G4,122.49,168.67
play,9,1,595033,,,K
play,9,1,596882,,,S7/L,83.33,119.48
play,9,1,543388,,,64(1)3/GDP/G6,104.42,165.66
id,BriAPP201007190
info,visteam,EliAPP
info,hometeam,BriAPP
info,date,2010/07/19
start,542454,Daniel Santana,0,1,6
start,573121,Nate Roberts,0,2,7
start,542455,Oswaldo Arcia,0,3,9
start,594896,Andy Leer,0,4,5
start,543611,Daniel Ortiz,0,5,10
start,571861,Kyle Knudson,0,6,2
start,592184,Brian Burke,0,7,3
start,572993,Nick Lockwood,0,8,4
start,594854,Brandon Henderson,0,9,8
start,542565,Adrian Salcedo,0,0,1
start,543388,Jordan Keegan,1,1,7
start,594895,Drew Lee,1,2,4
start,542941,Daniel Black,1,3,3
start,572794,Robert Cummings,1,4,10
start,506999,John Spatola,1,5,9
start,555543,Chase Blackwood,1,6,2
start,592660,Rangel Ravelo,1,7,5
start,592715,Bradley Salgado,1,8,6
start,596881,Qualon Millender,1,9,8
start,460094,Matt Long,1,0,1
play,1,0,542454,,,8/F,130.52,100.40
play,1,0,573121,,,9/F,167.67,120.48
play,1,0,542455,,,8/F,130.52,96.39
play,1,1,543388,,,7/F,62.25,118.47
play,1,1,594895,,,43/G,139.56,164.66
play,1,1,542941,,,D8/L,92.37,88.35
play,1,1,572794,,,23/G,121.49,200.80
play,2,0,594896,,,8/F,109.44,100.40
play,2,0,543611,,,53/G,106.43,180.72
play,2,0,571861,,,8/L,114.46,93.37
play,2,1,506999,,,3/G,142.57,180.72
play,2,1,555543,,,K
play,2,1,592660,,,E6.B-2,109.44,168.67
play,2,1,592715,,,K
play,3,0,592184,,,53/G,110.44,181.73
play,3,0,572993,,,53/G,104.42,174.70
play,3,0,594854,,,K
play,3,1,596881,,,S4/G,132.53,160.64
play,3,1,543388,,,53/SH.1-2,118.47,197.79
play,3,1,594895,,,9/F,172.69,114.46
play,3,1,542941,,,W
play,3,1,572794,,,K
play,4,0,542454,,,S3/BG,129.52,197.79
play,4,0,573121,,,K
play,4,0,542455,,,SB2
play,4,0,542455,,,3/L,147.59,179.72
play,4,0,594896,,,S8/G.2-H,111.45,115.46
play,4,0,543611,,,PB.1-2
play,4,0,543611,,,K
play,4,1,506999,,,K
play,4,1,555543,,,63/G,106.43,172.69
play,4,1,592660,,,63/G,113.45,170.68
play,5,0,571861,,,NP
sub,571765,Matthew Heidenreich,1,0,1
play,5,0,571861,,,53/G,104.42,180.72
play,5,0,592184,,,E3,144.58,182.73
play,5,0,572993,,,4(1)3/G4/GDP,145.58,169.68
play,5,1,592715,,,53/G,107.43,178.71
play,5,1,596881,,,S1/BG,124.50,195.78
play,5,1,543388,,,K
play,5,1,594895,,,CS2
play,6,0,594854,,,63/G,110.44,172.69
play,6,0,542454,,,K
play,6,0,573121,,,K
play,6,1,594895,,,S8/L,123.49,108.43
play,6,1,542941,,,9/F,147.59,125.50
play,6,1,572794,,,BK.1-2
play,6,1,572794,,,K
play,6,1,506999,,,K23
play,7,0,542455,,,43/G,146.59,171.69
play,7,0,594896,,,W
play,7,0,543611,,,4/P,141.57,165.66
play,7,0,571861,,,13/G,131.53,195.78
play,7,1,555543,,,K
play,7,1,592660,,,53/G,105.42,176.71
play,7,1,592715,,,K
play,8,0,592184,,,W
play,8,0,572993,,,E4.1-3,145.58,161.65
play,8,0,594854,,,HP.1-2
play,8,0,542454,,,K
play,8,0,573121,,,K
play,8,0,542455,,,WP.1-2;2-3;3-H
play,8,0,542455,,,K
play,8,1,596881,,,K
play,8,1,543388,,,K
play,8,1,594895,,,41/G,141.57,167.67
play,9,0,594896,,,53/G,107.43,179.72
play,9,0,543611,,,D9/L,183.73,133.53
play,9,0,571861,,,S8/G.2-H,119.48,119.48
play,9,0,592184,,,E6.1-3;B-2(E8/TH),104.42,155.62
play,9,0,572993,,,S7/L.2-H;3-H,81.33,137.55
play,9,0,594854,,,53/G.1-2,108.43,177.71
play,9,0,542454,,,S6/P.2-H,102.41,144.58
play,9,0,573121,,,K
play,9,1,542941,,,NP
sub,542561,Jose Gonzalez,0,0,1
play,9,1,542941,,,7/F,72.29,112.45
play,9,1,572794,,,K
play,9,1,506999,,,S8/L,118.47,114.46
play,9,1,555543,,,6/P,112.45,170.68
id,BriAPP201007230
info,visteam,PulAPP
info,hometeam,BriAPP
info,date,2010/07/23
start,500726,Mario Yepez,0,1,8
start,462088,Jetsy Extrano,0,2,4
start,517539,Ramon Morla,0,3,5
start,515055,Jose Rivero,0,4,9
start,500716,Jorge Agudelo,0,5,10
start,595467,James Wood,0,6,7
start,595143,Matt Browning,0,7,3
start,542546,Hassiel Jimenez,0,8,2
start,595400,Jake Schlander,0,9,6
start,526911,Nolan Diaz,0,0,1
start,543388,Jordan Keegan,1,1,7
start,594895,Drew Lee,1,2,6
start,542941,Daniel Black,1,3,3
start,506999,John Spatola,1,4,9
start,572794,Robert Cummings,1,5,10
start,500875,Jeffer Patino,1,6,5
start,594948,Sean O'Connell,1,7,2
start,595033,Ethan Wilson,1,8,4
start,596881,Qualon Millender,1,9,8
start,571547,Jarrett Casey,1,0,1
play,1,0,500726,,,K
play,1,0,462088,,,S1/G,117.47,186.75
play,1,0,517539,,,8/F,119.48,105.42
play,1,0,515055,,,K
play,1,1,543388,,,W
play,1,1,594895,,,5/PF,103.41,202.81
play,1,1,542941,,,SB2
play,1,1,542941,,,W
play,1,1,506999,,,31/G.1-2;2-3,140.56,192.77
play,1,1,572794,,,3/G,147.59,185.74
play,2,0,500716,,,K23
play,2,0,595467,,,S8/G,121.49,139.56
play,2,0,595143,,,FC1/G.1X2(16);B-1,123.49,186.75
play,2,0,542546,,,7/F,69.28,133.53
play,2,1,500875,,,K
play,2,1,594948,,,K
play,2,1,595033,,,3/PF,157.63,191.77
play,3,0,595400,,,63/G,111.45,171.69
play,3,0,500726,,,13/BG,127.51,202.81
play,3,0,462088,,,S9/L,151.61,153.61
play,3,0,517539,,,D7/L.1-3,36.14,115.46
play,3,0,515055,,,HP
play,3,0,500716,,,4/P,134.54,161.65
play,3,1,596881,,,W
play,3,1,543388,,,W.1-2
play,3,1,594895,,,S9/L.1-2;2-H,154.62,151.61
play,3,1,542941,,,S3/G.1-2;2-3,134.54,198.80
play,3,1,506999,,,K
play,3,1,572794,,,7/SF.3-H,72.29,127.51
play,3,1,500875,,,S7/F.1-2;2-H,80.32,145.58
play,3,1,594948,,,3/G,147.59,183.73
play,4,0,595467,,,D7/F,54.22,124.50
play,4,0,595143,,,13/G,127.51,190.76
play,4,0,542546,,,63/G,110.44,171.69
play,4,0,595400,,,S9/L.2XH,158.63,145.58
play,4,1,595033,,,9/F,175.70,123.49
play,4,1,596881,,,43/G,140.56,170.68
play,4,1,543388,,,8/F,123.49,91.37
play,5,0,500726,,,7/F,67.27,122.49
play,5,0,462088,,,63/G,115.46,168.67
play,5,0,517539,,,HR/F,27.11,91.37
play,5,0,515055,,,63/G,116.47,167.67
play,5,1,594895,,,D8/F.BX3(865),117.47,60.24
play,5,1,542941,,,7/FF,63.25,158.63
play,5,1,506999,,,43/G,139.56,169.68
play,6,0,500716,,,NP
sub,598384,Spencer Shelton,1,0,1
play,6,0,500716,,,63/G,109.44,170.68
play,6,0,595467,,,S8/L,125.50,135.54
play,6,0,595143,,,SB2
play,6,0,595143,,,HP
play,6,0,542546,,,S7/F.1-3(E7)(E7);2-H;B-2,83.33,153.61
play,6,0,595400,,,S8/L.2-3;3-H,124.50,138.55
play,6,0,500726,,,WP.1-2;3-H
play,6,0,500726,,,W
play,6,0,462088,,,13/G.1-2;2-3,124.50,201.81
play,6,0,517539,,,NP
sub,572837,Austin Evans,1,0,1
play,6,0,517539,,,W
play,6,0,515055,,,5/P,101.41,176.71
play,6,1,572794,,,63/G,114.46,165.66
play,6,1,500875,,,S7/G,78.31,137.55
play,6,1,594948,,,K
play,6,1,595033,,,S9/L.1-3,158.63,151.61
play,6,1,596881,,,D9/G.1-3;3-H,171.69,146.59
play,6,1,543388,,,NP
sub,596880,J. D. Ashbrook,1,1,11
play,6,1,594895,,,NP
sub,585391,Preston Vancil,0,0,1
play,6,1,596880,,,K
play,7,0,500716,,,NP
sub,596880,J. D. Ashbrook,1,1,7
play,7,0,500716,,,W
play,7,0,595467,,,SB2
play,7,0,595467,,,53/G,112.45,181.73
play,7,0,595143,,,8/F.?X?(864),129.52,89.36
play,7,1,594895,,,43/G,140.56,168.67
play,7,1,542941,,,3/L,143.57,184.74
play,7,1,506999,,,K
play,8,0,542546,,,NP
sub,534743,Kevin Moran,1,0,1
play,8,0,542546,,,3/G,145.58,183.73
play,8,0,595400,,,D9/L,197.79,130.52
play,8,0,500726,,,K
play,8,0,462088,,,WP.2-3
play,8,0,462088,,,13/G,125.50,191.77
play,8,1,572794,,,S8/G,119.48,137.55
play,8,1,500875,,,13/SH.1-2,126.51,199.80
play,8,1,594948,,,NP
sub,594990,Michael Schwartz,1,7,11
play,8,1,594990,,,W
play,8,1,595033,,,K
play,8,1,596881,,,WP.1-2;2-3
play,8,1,596881,,,K
play,9,0,517539,,,NP
sub,555543,Chase Blackwood,1,7,2
play,9,0,517539,,,S8/L,133.53,144.58
play,9,0,515055,,,S9/G.1-2,162.65,139.56
play,9,0,500716,,,SB3.2-H(E2/TH)
play,9,0,500716,,,3/G.1-3,88.41,122.61
play,9,0,595467,,,K+WP.3-H;B-1
play,9,0,595143,,,SB2
play,9,0,542546,,,NP
sub,595351,Ethan Paquette,0,6,12
play,9,0,595143,,,PB.2-3
play,9,0,595143,,,D8/F.3-H,102.41,59.24
play,9,0,542546,,,9/F,174.70,121.49
play,9,0,595400,,,43/G,131.53,167.67
play,9,1,596880,,,NP
sub,595351,Ethan Paquette,0,6,7
play,9,1,594895,,,NP
sub,597055,Bryan Leigh,0,0,1
play,9,1,596880,,,3/P,150.60,175.70
play,9,1,594895,,,K
play,9,1,542941,,,W
play,9,1,506999,,,K
id,BriAPP201007240
info,visteam,PulAPP
info,hometeam,BriAPP
info,date,2010/07/24
start,500726,Mario Yepez,0,1,8
start,462088,Jetsy Extrano,0,2,4
start,517539,Ramon Morla,0,3,5
start,515055,Jose Rivero,0,4,9
start,595143,Matt Browning,0,5,3
start,595400,Jake Schlander,0,6,6
start,595351,Ethan Paquette,0,7,7
start,500719,Larry Gonzalez,0,8,2
start,573095,Derek Poppert,0,9,10
start,500033,Jessie Nava,0,0,1
start,596881,Qualon Millender,1,1,8
start,594895,Drew Lee,1,2,4
start,542941,Daniel Black,1,3,3
start,506999,John Spatola,1,4,9
start,572794,Robert Cummings,1,5,10
start,555543,Chase Blackwood,1,6,2
start,592660,Rangel Ravelo,1,7,5
start,592715,Bradley Salgado,1,8,6
start,596880,J. D. Ashbrook,1,9,7
start,571765,Matthew Heidenreich,1,0,1
play,1,0,500726,,,43/G,138.55,152.61
play,1,0,462088,,,53/G,99.40,177.71
play,1,0,517539,,,8/F,120.48,66.27
play,1,1,596881,,,S8/G,125.50,66.27
play,1,1,594895,,,S9/G.1-3,185.74,111.45
play,1,1,placeholder,,,FLE5/PF
play,1,1,542941,,,7/F,92.70,135.56
play,1,1,506999,,,K
play,1,1,572794,,,CS2
play,2,0,515055,,,6/L,97.39,161.65
play,2,0,595143,,,53/G,99.40,179.72
play,2,0,595400,,,S7/F,61.24,109.44
play,2,0,595351,,,CS2
play,2,1,572794,,,D9/L,193.78,119.48
play,2,1,555543,,,K
play,2,1,592660,,,63/G.2-3,100.40,160.64
play,2,1,592715,,,S9/L.3-H,179.72,104.42
play,2,1,596880,,,13/G,126.51,196.79
play,3,0,595351,,,9/F,190.76,122.49
play,3,0,500719,,,D7/F,52.21,115.46
play,3,0,573095,,,D7/G.2-H,46.18,115.46
play,3,0,500726,,,S9/L.2-3,188.76,111.45
play,3,0,462088,,,FC5/G.1X2(54);3-H;B-1,95.38,171.69
play,3,0,517539,,,PO1(E?).1-2
play,3,0,517539,,,6/P,99.40,160.64
play,3,1,596881,,,S3/G,156.63,169.68
play,3,1,594895,,,8/F,122.49,71.29
play,3,1,542941,,,D8/F.1-H,123.49,66.27
play,3,1,506999,,,63/G.2-3,104.42,161.65
play,3,1,572794,,,13/G,123.49,189.76
play,4,0,515055,,,S7/G,49.20,117.47
play,4,0,595143,,,54(1)3/GDP/G5,104.42,175.70
play,4,0,595400,,,8/F,115.46,78.31
play,4,1,555543,,,S7/L,69.28,108.43
play,4,1,592660,,,64(1)3/GDP/G6,105.42,156.63
play,4,1,592715,,,K
play,5,0,595351,,,K
play,5,0,500719,,,S8/G,125.50,57.23
play,5,0,573095,,,3(B)3(1)/LDP,150.60,176.71
play,5,1,596880,,,5/PF,85.34,185.74
play,5,1,596881,,,W
play,5,1,594895,,,13/SH.1-2,123.49,194.78
play,5,1,542941,,,WP.2-3
play,5,1,542941,,,K
play,6,0,500726,,,4/L,135.54,160.64
play,6,0,462088,,,63/G,99.40,167.67
play,6,0,517539,,,K
play,6,1,506999,,,9/F,200.80,111.45
play,6,1,572794,,,3/G,145.58,171.69
play,6,1,555543,,,53/G,100.40,175.70
play,7,0,515055,,,K
play,7,0,595143,,,K
play,7,0,595400,,,HP
play,7,0,595351,,,53/G,97.39,174.70
play,7,1,592660,,,7/L,69.28,106.43
play,7,1,592715,,,9/F,174.70,109.44
play,7,1,596880,,,S7/G,73.29,108.43
play,7,1,596881,,,S9/G.1-2,186.75,108.43
play,7,1,594895,,,K
play,8,0,500719,,,NP
sub,502280,Jamaal Hollis,1,0,1
play,8,0,500719,,,9/F,189.76,115.46
play,8,0,573095,,,7/F,55.22,106.43
play,8,0,500726,,,K
play,8,1,542941,,,NP
sub,595280,Ryan Kiel,0,0,1
play,8,1,542941,,,D7/F,53.21,113.45
play,8,1,506999,,,W
play,8,1,572794,,,3/BP,144.58,172.69
play,8,1,555543,,,S8/F.1-3;2-H;B-2,118.47,79.32
play,8,1,592660,,,S8/G.2-H;3-H;B-H,123.49,73.29
play,8,1,592715,,,K
play,8,1,596880,,,13/G,124.50,188.76
play,9,0,462088,,,3/PF,176.71,173.69
play,9,0,517539,,,63/G,104.42,168.67
play,9,0,515055,,,K23
id,BriAPP201007250
info,visteam,PulAPP
info,hometeam,BriAPP
info,date,2010/07/25
start,500726,Mario Yepez,0,1,8
start,462088,Jetsy Extrano,0,2,6
start,517539,Ramon Morla,0,3,5
start,515055,Jose Rivero,0,4,7
start,500716,Jorge Agudelo,0,5,4
start,518466,Jabari Blash,0,6,9
start,595143,Matt Browning,0,7,3
start,542546,Hassiel Jimenez,0,8,2
start,571708,Andrew Giobbi,0,9,10
start,570884,George Mieses,0,0,1
start,543388,Jordan Keegan,1,1,7
start,596881,Qualon Millender,1,2,8
start,594895,Drew Lee,1,3,4
start,542941,Daniel Black,1,4,3
start,594990,Michael Schwartz,1,5,10
start,592660,Rangel Ravelo,1,6,5
start,555543,Chase Blackwood,1,7,2
start,592715,Bradley Salgado,1,8,6
start,596882,Marcus Spencer,1,9,9
start,542890,Spencer Arroyo,1,0,1
play,1,0,500726,,,8/F,110.44,114.46
play,1,0,462088,,,HP
play,1,0,517539,,,7/L,78.31,131.53
play,1,0,515055,,,6/P,102.41,170.68
play,1,1,543388,,,9/F,164.66,109.44
play,1,1,596881,,,K
play,1,1,594895,,,8/F,131.53,106.43
play,2,0,500716,,,W
play,2,0,placeholder,,,PO1(??)
play,2,0,518466,,,K
play,2,0,595143,,,W
play,2,0,542546,,,K
play,2,1,542941,,,7/F,102.41,113.45
play,2,1,594990,,,6/P,118.47,167.67
play,2,1,592660,,,S9/L,156.63,127.51
play,2,1,555543,,,HP.1-2
play,2,1,592715,,,5/PF,92.37,190.76
play,3,0,571708,,,S8/G,85.34,100.40
play,3,0,500726,,,3/SH.1-2,147.59,180.72
play,3,0,462088,,,9/F,157.63,124.50
play,3,0,517539,,,S8/G.2-H,116.47,122.49
play,3,0,515055,,,7/L,91.37,117.47
play,3,1,596882,,,S8/L,128.51,109.44
play,3,1,543388,,,3/BP,144.58,182.73
play,3,1,596881,,,SB2
play,3,1,596881,,,FC6.2X3(654);B-2,107.43,170.68
play,3,1,594895,,,S8/L.2-H,123.49,124.50
play,3,1,542941,,,9/F,185.74,115.46
play,4,0,500716,,,K
play,4,0,518466,,,E5/TH.B-2,102.41,185.74
play,4,0,595143,,,D7/L.2-H,66.27,144.58
play,4,0,542546,,,K
play,4,0,571708,,,9/F,167.67,126.51
play,4,1,594990,,,53/G,107.43,182.73
play,4,1,592660,,,3/L,151.61,178.71
play,4,1,555543,,,K
play,5,0,500726,,,7/F,75.30,112.45
play,5,0,462088,,,6/P,105.42,169.68
play,5,0,517539,,,K23
play,5,1,592715,,,43/G,138.55,161.65
play,5,1,596882,,,K
play,5,1,543388,,,63/G,111.45,162.65
play,6,0,515055,,,NP
sub,570558,Darwin Matos,1,0,1
play,6,0,515055,,,53/G,100.40,180.72
play,6,0,500716,,,D7/G,74.30,135.54
play,6,0,518466,,,SB3
play,6,0,518466,,,K
play,6,0,595143,,,W
play,6,0,542546,,,SBH;SB2
play,6,0,542546,,,K
play,6,1,596881,,,E5,102.41,182.73
play,6,1,594895,,,K
play,6,1,542941,,,46(1)3/GDP/G4,148.59,168.67
play,7,0,571708,,,NP
sub,519170,Kevin Rath,1,0,1
play,7,0,571708,,,K
play,7,0,500726,,,43/G,131.53,165.66
play,7,0,462088,,,63/G,107.43,156.63
play,7,1,594990,,,W
play,7,1,592660,,,FC9/G.1X2(96);B-1,154.62,151.61
play,7,1,555543,,,FC5/G.1X2(54);B-1,104.42,183.73
play,7,1,592715,,,K
play,8,0,517539,,,K
play,8,0,515055,,,K
play,8,0,500716,,,T8/L,157.63,81.33
play,8,0,518466,,,S7/G.3-H,93.37,136.55
play,8,0,595143,,,7/F,54.22,104.42
play,8,1,596882,,,NP
sub,542940,Matthew Bischoff,0,0,1
play,8,1,596882,,,K23
play,8,1,543388,,,7/F,57.23,102.41
play,8,1,596881,,,S7/L,81.33,133.53
play,8,1,594895,,,K
play,9,0,542546,,,NP
sub,572944,Ethan Icard,1,0,1
play,9,0,542546,,,S9/G,148.59,138.55
play,9,0,571708,,,54(1)3/GDP/G5,101.41,180.72
play,9,0,500726,,,HP
play,9,0,462088,,,S8/F.1-3,109.44,128.51
play,9,0,517539,,,S7/G.1-2;3-H,92.37,142.57
play,9,0,515055,,,43/G,145.58,168.67
play,9,1,542941,,,K
play,9,1,594990,,,K
play,9,1,592660,,,S8/L.BX2(84),130.52,134.54
id,BriAPP201007260
info,visteam,DanAPP
info,hometeam,BriAPP
info,date,2010/07/26
start,594935,Jason Mowry,0,1,8
start,592743,Andrelton Simmons,0,2,6
start,594886,Barrett Kleinknecht,0,3,5
start,594828,Evan Gattis,0,4,2
start,595176,Ryan Delgado,0,5,10
start,519345,Joseph Terdoslavich,0,6,3
start,592691,David Rohm,0,7,9
start,554239,Elmer Reyes,0,8,4
start,594819,Kenny Fleming,0,9,7
start,573062,Aaron Northcraft,0,0,1
start,543388,Jordan Keegan,1,1,7
start,594895,Drew Lee,1,2,4
start,542941,Daniel Black,1,3,2
start,506999,John Spatola,1,4,3
start,592660,Rangel Ravelo,1,5,10
start,500875,Jeffer Patino,1,6,5
start,595033,Ethan Wilson,1,7,6
start,596881,Qualon Millender,1,8,8
start,596882,Marcus Spencer,1,9,9
start,595473,Robert Young,1,0,1
play,1,0,594935,,,W
play,1,0,592743,,,54(1)3/GDP/G5,108.43,176.71
play,1,0,594886,,,8/F,102.41,70.28
play,1,1,543388,,,E6,113.45,164.66
play,1,1,594895,,,W.1-2
play,1,1,542941,,,FC4/G.1X2(46);2-H;B-1(E6/TH),150.60,166.67
play,1,1,506999,,,2/PF,135.54,214.86
play,1,1,592660,,,S7/G.1-2,101.41,135.54
play,1,1,500875,,,13/G,125.50,188.76
play,2,0,594828,,,43/G,148.59,170.68
play,2,0,595176,,,53/G,98.39,178.71
play,2,0,519345,,,K23
play,2,1,595033,,,T3/P,153.61,157.63
play,2,1,596881,,,43/G,151.61,157.63
play,2,1,596882,,,WP.3-H
play,2,1,596882,,,13/G,125.50,185.74
play,2,1,543388,,,D6/P,93.37,149.60
play,2,1,594895,,,S8/L.2-H,121.49,141.57
play,2,1,542941,,,63/G,94.38,178.71
play,3,0,592691,,,S7/F,84.34,138.55
play,3,0,554239,,,D7/L.1-3,56.22,108.43
play,3,0,594819,,,D7/L.2-H;3-H,63.25,98.39
play,3,0,594935,,,T8/F.2-H,151.61,69.28
play,3,0,592743,,,9/SF.3-H,155.62,115.46
play,3,0,594886,,,43/G,122.49,168.67
play,3,0,594828,,,S9/L,162.65,147.59
play,3,0,595176,,,53/G,108.43,176.71
play,3,1,506999,,,31/G,156.63,177.71
play,3,1,592660,,,K
play,3,1,500875,,,S9/L,158.63,126.51
play,3,1,595033,,,K
play,4,0,519345,,,7/L,77.31,96.39
play,4,0,592691,,,S7/G.BX2(76),66.27,113.45
play,4,0,554239,,,K
play,4,1,596881,,,S3/G,144.58,185.74
play,4,1,596882,,,SH.1-2;B-1,146.59,183.73
play,4,1,543388,,,53/SH.1-2;2-3,104.42,163.65
play,4,1,594895,,,5/P,97.39,170.68
play,4,1,542941,,,9/F,175.70,107.43
play,5,0,594819,,,13/G,123.49,181.73
play,5,0,594935,,,8/F,119.48,92.37
play,5,0,592743,,,4/L,129.52,168.67
play,5,1,506999,,,2/PF,128.51,213.86
play,5,1,592660,,,S9/L,154.62,151.61
play,5,1,500875,,,D7/G.1-3,66.27,115.46
play,5,1,595033,,,W
play,5,1,596881,,,5/PF,84.34,193.78
play,5,1,596882,,,7/F,42.17,108.43
play,6,0,594886,,,NP
sub,518457,Josh Billeaud,1,0,1
play,6,0,594886,,,63/G,103.41,174.70
play,6,0,594828,,,E5,97.39,164.66
play,6,0,595176,,,WP.1-2
play,6,0,595176,,,W
play,6,0,519345,,,D9/F.1-3;2-H,180.72,106.43
play,6,0,592691,,,S9/L.2-3;3-H;B-2(E9),156.63,137.55
play,6,0,554239,,,S3/G.2-3;3-H,153.61,155.62
play,6,0,594819,,,SB2.2-3(E2/TH);3-H
play,6,0,594819,,,K
play,6,0,594935,,,W
play,6,0,592743,,,NP
sub,562366,Richard Marshall,1,0,1
play,6,0,592743,,,9/L,175.70,112.45
play,6,1,543388,,,NP
sub,571873,Lucas La Point,0,0,1
play,6,1,543388,,,4/L,140.56,164.66
play,6,1,594895,,,S5/G,98.39,158.63
play,6,1,542941,,,S7/L.1-2,94.38,145.58
play,6,1,506999,,,E4.1-2;2-H,137.55,171.69
play,6,1,592660,,,46(1)3/GDP/G4,143.57,168.67
play,7,0,594886,,,53/G,100.40,175.70
play,7,0,594828,,,D7/L,71.29,105.42
play,7,0,595176,,,D9/F.2-H,187.75,109.44
play,7,0,519345,,,K
play,7,0,592691,,,S9/L.2-3,140.56,137.55
play,7,0,554239,,,7/F,67.27,87.35
play,7,1,500875,,,8/F,146.59,86.35
play,7,1,595033,,,K
play,7,1,596881,,,63/G,104.42,175.70
play,8,0,594819,,,NP
sub,572837,Austin Evans,1,0,1
play,8,0,594819,,,13/G,125.50,190.76
play,8,0,594935,,,7/F,62.25,108.43
play,8,0,592743,,,S4/G,104.42,175.70
play,8,0,594886,,,7/F,44.18,121.49
play,8,1,596882,,,NP
sub,592786,Matthew Suschak,0,0,1
play,8,1,596882,,,S8/L,132.53,128.51
play,8,1,543388,,,D7/L.1-3,81.33,138.55
play,8,1,594895,,,S9/L.2-3;3-H,157.63,151.61
play,8,1,542941,,,SB2
play,8,1,542941,,,K
play,8,1,506999,,,S8/L.2-H;3-H,121.49,131.53
play,8,1,592660,,,FC6/G.1X2(64);B-1,96.39,170.68
play,8,1,500875,,,K
play,9,0,594828,,,K
play,9,0,595176,,,S8/L,115.46,135.54
play,9,0,519345,,,W.1-2
play,9,0,592691,,,NP
sub,595212,Jarred Frierson,0,5,12
play,9,0,592691,,,K
play,9,0,554239,,,31/G,130.52,194.78
play,9,1,595033,,,NP
sub,595212,Jarred Frierson,0,5,10
play,9,1,595033,,,E5,137.55,179.72
play,9,1,596881,,,FC6/G.1X2(64);B-1,115.46,169.68
play,9,1,596882,,,D7/L.1-3,90.36,143.57
play,9,1,543388,,,K
play,9,1,594895,,,E3.2-H;3-H,145.58,175.70
play,9,1,542941,,,CS2
play,10,0,594819,,,NP
sub,534743,Kevin Moran,1,0,1
play,10,0,594819,,,E6,107.43,174.70
play,10,0,594935,,,S7/L.1-2,77.31,148.59
play,10,0,592743,,,SB3;SB2
play,10,0,592743,,,8/F,140.56,101.41
play,10,0,594886,,,S7/L.2-H;3-H;B-2(E7/TH),107.43,115.46
play,10,0,594828,,,W
play,10,0,595212,,,K
play,10,0,519345,,,W.1-2;2-3
play,10,0,592691,,,FC4/G.1X2(46),134.54,169.68
play,10,1,506999,,,NP
sub,594925,Kyle Mertins,0,0,1
play,10,1,542941,,,31/G,156.63,174.70
play,10,1,506999,,,31/G,141.57,165.66
play,10,1,592660,,,63/G,111.45,173.69
id,BriAPP201007280
info,visteam,DanAPP
info,hometeam,BriAPP
info,date,2010/07/28
start,594935,Jason Mowry,0,1,8
start,592743,Andrelton Simmons,0,2,6
start,594886,Barrett Kleinknecht,0,3,5
start,594828,Evan Gattis,0,4,10
start,595176,Ryan Delgado,0,5,2
start,519345,Joseph Terdoslavich,0,6,3
start,592691,David Rohm,0,7,9
start,595212,Jarred Frierson,0,8,4
start,594819,Kenny Fleming,0,9,7
start,542201,Ronan Pacheco,0,0,1
start,543388,Jordan Keegan,1,1,8
start,594895,Drew Lee,1,2,4
start,542941,Daniel Black,1,3,3
start,572794,Robert Cummings,1,4,5
start,506999,John Spatola,1,5,9
start,594990,Michael Schwartz,1,6,10
start,592715,Bradley Salgado,1,7,6
start,594948,Sean O'Connell,1,8,2
start,596882,Marcus Spencer,1,9,7
start,571547,Jarrett Casey,1,0,1
play,1,0,594935,,,7/F,71.29,123.49
play,1,0,592743,,,43/G,136.55,167.67
play,1,0,594886,,,K
play,1,1,543388,,,S4/G,134.54,170.68
play,1,1,594895,,,D7/F.1-H,39.16,110.44
play,1,1,542941,,,K
play,1,1,572794,,,K
play,1,1,506999,,,K
play,2,0,594828,,,53/G,101.41,183.73
play,2,0,595176,,,E9.B-2,190.76,129.52
play,2,0,519345,,,S9/L.2-3;B-2(E),164.66,117.47
play,2,0,592691,,,43/G.2-3;3-H,140.56,166.67
play,2,0,595212,,,K
play,2,1,594990,,,K
play,2,1,592715,,,E3,145.58,176.71
play,2,1,594948,,,WP.1-2
play,2,1,594948,,,WP.2-3
play,2,1,594948,,,K
play,2,1,596882,,,K
play,3,0,594819,,,53/BG,102.41,180.72
play,3,0,594935,,,6/L,114.46,166.67
play,3,0,592743,,,9/F,152.61,107.43
play,3,1,543388,,,K
play,3,1,594895,,,S4/G,135.54,162.65
play,3,1,542941,,,K
play,3,1,572794,,,POCS2(136)
play,4,0,594886,,,8/F,122.49,75.30
play,4,0,594828,,,8/F,138.55,82.33
play,4,0,595176,,,9/F,195.78,119.48
play,4,1,572794,,,K+WP.B-1
play,4,1,506999,,,FC1/B.1X2(16);B-1,126.51,201.81
play,4,1,594990,,,WP.1-2
play,4,1,594990,,,K
play,4,1,592715,,,WP.2-3
play,4,1,592715,,,W
play,4,1,594948,,,9/F,197.79,117.47
play,5,0,519345,,,D7/G,45.18,129.52
play,5,0,592691,,,S4/G.2-3,136.55,175.70
play,5,0,595212,,,SBH;SB2
play,5,0,595212,,,8/F.2X3(865),150.60,84.34
play,5,0,594819,,,53/G,106.43,180.72
play,5,1,596882,,,K+PB.B-1
play,5,1,543388,,,SB2
play,5,1,543388,,,K
play,5,1,594895,,,53/G.2-3,109.44,171.69
play,5,1,542941,,,K
play,6,0,594935,,,63/G,115.46,168.67
play,6,0,592743,,,31/G,151.61,180.72
play,6,0,594886,,,63/G,109.44,166.67
play,6,1,572794,,,NP
sub,576168,Dalton Acord,0,0,1
play,6,1,572794,,,K
play,6,1,506999,,,S9/L,189.76,128.51
play,6,1,594990,,,8/F.?X?(83),123.49,84.34
play,7,0,594828,,,NP
sub,572944,Ethan Icard,1,0,1
play,7,0,594828,,,63/G,115.46,169.68
play,7,0,595176,,,4/L,137.55,170.68
play,7,0,519345,,,S7/L,72.29,125.50
play,7,0,592691,,,313/G3,140.56,185.74
play,7,1,592715,,,9/F,176.71,109.44
play,7,1,594948,,,S7/L,66.27,118.47
play,7,1,596882,,,NP
sub,596881,Qualon Millender,1,8,12
play,7,1,596882,,,WP.1-2
play,7,1,596882,,,K
play,7,1,543388,,,43/G,138.55,170.68
id,BriAPP201008010
info,visteam,BurAPP
info,hometeam,BriAPP
info,date,2010/08/01
start,542371,Luis Piterson,0,1,4
start,594918,Alex McClure,0,2,6
start,573183,Ryan Stovall,0,3,5
start,596306,Ryan Jenkins,0,4,2
start,571461,Geoffrey Baldwin,0,5,3
start,543454,Alex Llanos,0,6,8
start,572935,Anthony Howard,0,7,9
start,573001,Gabe MacDougall,0,8,7
start,542502,Adrian Martinez,0,9,10
start,594801,Jonathan Dooley,0,0,1
start,543388,Jordan Keegan,1,1,7
start,596881,Qualon Millender,1,2,8
start,594895,Drew Lee,1,3,4
start,542941,Daniel Black,1,4,3
start,506999,John Spatola,1,5,9
start,592660,Rangel Ravelo,1,6,10
start,500875,Jeffer Patino,1,7,5
start,555543,Chase Blackwood,1,8,2
start,592715,Bradley Salgado,1,9,6
start,502593,Jacob Petricka,1,0,1
play,1,0,542371,,,K
play,1,0,594918,,,8/F,106.43,81.33
play,1,0,573183,,,3/PF,154.62,187.75
play,1,1,543388,,,K
play,1,1,596881,,,S5/G,101.41,169.68
play,1,1,594895,,,7/F,78.31,95.38
play,1,1,542941,,,S7/L.1-3,68.27,89.36
play,1,1,506999,,,HR/F.1-H;3-H,202.81,67.27
play,1,1,592660,,,9/F,160.64,79.32
play,2,0,596306,,,D8/L,119.48,68.27
play,2,0,571461,,,K
play,2,0,543454,,,8/F.2-3,111.45,76.31
play,2,0,572935,,,63/G,112.45,153.61
play,2,1,500875,,,43/G,140.56,153.61
play,2,1,555543,,,63/G,117.47,152.61
play,2,1,592715,,,9/F,192.77,101.41
play,3,0,573001,,,S7/G,67.27,99.40
play,3,0,542502,,,CS2
play,3,0,542502,,,HP
play,3,0,542371,,,7/F,76.31,105.42
play,3,0,594918,,,9/F,184.74,87.35
play,3,1,543388,,,D8/F,118.47,77.31
play,3,1,596881,,,S5/BG.2-3,124.50,179.72
play,3,1,594895,,,S8/L.1-2;3-H,108.43,84.34
play,3,1,542941,,,7/F.2-3,60.24,96.39
play,3,1,506999,,,43/G.1-2;3-H,153.61,162.65
play,3,1,592660,,,13/G,124.50,183.73
play,4,0,573183,,,K23
play,4,0,596306,,,K
play,4,0,571461,,,K
play,4,1,500875,,,D9/F,165.66,79.32
play,4,1,555543,,,53/G,105.42,163.65
play,4,1,592715,,,WP.2-3
play,4,1,592715,,,S7/L.3-H,70.28,102.41
play,4,1,543388,,,FC5/G.1X2(54);B-1,104.42,171.69
play,4,1,596881,,,K
play,5,0,543454,,,63/G,109.44,157.63
play,5,0,572935,,,HP
play,5,0,573001,,,WP.1-2
play,5,0,573001,,,4(B)46(2)/LDP,140.56,154.62
play,5,1,594895,,,3/G,148.59,164.66
play,5,1,542941,,,53/G,108.43,175.70
play,5,1,506999,,,K
play,6,0,542502,,,NP
sub,502280,Jamaal Hollis,1,0,1
play,6,0,542502,,,43/G,145.58,154.62
play,6,0,542371,,,K
play,6,0,594918,,,53/G,95.38,171.69
play,6,1,592660,,,NP
sub,571709,Michael Giovenco,0,0,1
play,6,1,592660,,,W
play,6,1,500875,,,9/L,158.63,79.32
play,6,1,555543,,,K
play,6,1,592715,,,D7/F.1-H,48.19,100.40
play,6,1,543388,,,7/F,83.33,86.35
play,7,0,573183,,,63/G,116.47,146.59
play,7,0,596306,,,53/G,109.44,175.70
play,7,0,571461,,,K
play,7,1,596881,,,K
play,7,1,594895,,,8/L,110.44,72.29
play,7,1,542941,,,6/P,105.42,152.61
play,8,0,543454,,,NP
sub,562366,Richard Marshall,1,0,1
play,8,0,543454,,,43/G,148.59,156.63
play,8,0,572935,,,S7/F,71.29,89.36
play,8,0,573001,,,K
play,8,0,542502,,,PO1(E?).1-3
play,8,0,542502,,,S9/L.3-H,177.71,102.41
play,8,0,542371,,,D8/F.1-H,123.49,73.29
play,8,0,594918,,,K
play,8,1,506999,,,NP
sub,474992,Ryan Wood,0,0,1
play,8,1,506999,,,W
play,8,1,592660,,,4(1)3/G4/GDP,138.55,166.67
play,8,1,500875,,,S7/G,77.31,112.45
play,8,1,555543,,,K
play,9,0,573183,,,NP
sub,534743,Kevin Moran,1,0,1
play,9,0,573183,,,S9/G,157.63,108.43
play,9,0,596306,,,K
play,9,0,571461,,,CS2
play,9,0,571461,,,W
play,9,0,543454,,,D8/F.1-H,116.47,60.24
play,9,0,572935,,,31/G,145.58,165.66
id,BriAPP201008020
info,visteam,BurAPP
info,hometeam,BriAPP
info,date,2010/08/02
start,542371,Luis Piterson,0,1,4
start,594918,Alex McClure,0,2,6
start,573183,Ryan Stovall,0,3,3
start,596306,Ryan Jenkins,0,4,2
start,573001,Gabe MacDougall,0,5,7
start,543454,Alex Llanos,0,6,8
start,572935,Anthony Howard,0,7,9
start,524188,Yunior Figueroa,0,8,5
start,542502,Adrian Martinez,0,9,10
start,572137,Crawford Simmons,0,0,1
start,543388,Jordan Keegan,1,1,7
start,596881,Qualon Millender,1,2,8
start,594895,Drew Lee,1,3,4
start,542941,Daniel Black,1,4,3
start,592660,Rangel Ravelo,1,5,5
start,572794,Robert Cummings,1,6,10
start,592715,Bradley Salgado,1,7,6
start,555543,Chase Blackwood,1,8,2
start,596880,J. D. Ashbrook,1,9,9
start,571547,Jarrett Casey,1,0,1
play,1,0,542371,,,K
play,1,0,594918,,,53/G,107.43,178.71
play,1,0,573183,,,E6,99.40,168.67
play,1,0,596306,,,K
play,1,1,543388,,,S7/F,71.29,121.49
play,1,1,596881,,,FC6/G.1X2(64);B-1,109.44,169.68
play,1,1,placeholder,,,POCS2(136)
play,1,1,594895,,,8/F,117.47,91.37
play,2,0,573001,,,K
play,2,0,543454,,,53/G,102.41,179.72
play,2,0,572935,,,K23
play,2,1,542941,,,K
play,2,1,592660,,,K
play,2,1,572794,,,63/G,120.48,173.69
play,3,0,524188,,,W
play,3,0,542502,,,S9/L.1-3,163.65,129.52
play,3,0,542371,,,D7/L.1-3;3-H,77.31,143.57
play,3,0,594918,,,FC5/G.3XH;BX1,101.41,185.74
play,3,0,573183,,,43/G,143.57,178.71
play,3,1,592715,,,K
play,3,1,555543,,,K
play,3,1,596880,,,43/G,131.53,174.70
play,4,0,596306,,,9/F,165.66,128.51
play,4,0,573001,,,HP
play,4,0,543454,,,K
play,4,0,572935,,,SB2
play,4,0,572935,,,PB.2-3
play,4,0,572935,,,K
play,4,1,543388,,,D8/F,103.41,105.42
play,4,1,596881,,,14/SH.2-3,129.52,195.78
play,4,1,594895,,,K
play,4,1,542941,,,8/F,106.43,81.33
play,5,0,524188,,,43/G,119.48,174.70
play,5,0,542502,,,S7/L,69.28,125.50
play,5,0,542371,,,K
play,5,0,594918,,,5/L,111.45,181.73
play,5,1,592660,,,K
play,5,1,572794,,,K
play,5,1,592715,,,K
play,6,0,573183,,,6/P,115.46,179.72
play,6,0,596306,,,3/G,144.58,179.72
play,6,0,573001,,,53/G,105.42,178.71
play,6,1,555543,,,8/F,96.39,103.41
play,6,1,596880,,,W
play,6,1,543388,,,FC1/B.1X2(16);B-1,124.50,198.80
play,6,1,596881,,,53/G,102.41,168.67
play,7,0,543454,,,NP
sub,519170,Kevin Rath,1,0,1
play,7,0,543454,,,53/G,108.43,177.71
play,7,0,572935,,,43/G,139.56,170.68
play,7,0,524188,,,43/G,124.50,172.69
play,7,1,594895,,,63/G,113.45,169.68
play,7,1,542941,,,8/F,98.39,98.39
play,7,1,592660,,,K
play,8,0,542502,,,K
play,8,0,542371,,,8/F,123.49,104.42
play,8,0,594918,,,K23
play,8,1,572794,,,K
play,8,1,592715,,,K23
play,8,1,555543,,,NP
sub,594776,Chas Byrne,0,0,1
play,8,1,555543,,,K
play,9,0,573183,,,NP
sub,598718,Terance Marin,1,0,1
play,9,0,573183,,,S7/G,79.32,147.59
play,9,0,596306,,,WP.1-2
play,9,0,596306,,,K
play,9,0,573001,,,9/F.2-3,201.81,110.44
play,9,0,543454,,,9/F,166.67,124.50
play,9,1,596880,,,NP
sub,506999,John Spatola,1,9,11
play,9,1,506999,,,K
play,9,1,543388,,,K
play,9,1,596881,,,7/F,87.35,125.50
id,BriAPP201008030
info,visteam,BurAPP
info,hometeam,BriAPP
info,date,2010/08/03
start,542371,Luis Piterson,0,1,4
start,594918,Alex McClure,0,2,6
start,573183,Ryan Stovall,0,3,10
start,573001,Gabe MacDougall,0,4,7
start,571461,Geoffrey Baldwin,0,5,3
start,543454,Alex Llanos,0,6,8
start,572935,Anthony Howard,0,7,9
start,542503,Edul Escobar,0,8,2
start,542502,Adrian Martinez,0,9,5
start,521835,Leonel Santiago,0,0,1
start,543388,Jordan Keegan,1,1,7
start,596881,Qualon Millender,1,2,8
start,594895,Drew Lee,1,3,4
start,506999,John Spatola,1,4,9
start,542941,Daniel Black,1,5,10
start,500875,Jeffer Patino,1,6,5
start,594990,Michael Schwartz,1,7,3
start,555543,Chase Blackwood,1,8,2
start,595033,Ethan Wilson,1,9,6
start,571765,Matthew Heidenreich,1,0,1
play,1,0,542371,,,13/G,126.51,198.80
play,1,0,594918,,,S1/G,122.49,192.77
play,1,0,573183,,,8/F,113.45,90.36
play,1,0,573001,,,K
play,1,1,543388,,,43/G,147.59,168.67
play,1,1,596881,,,53/G,105.42,176.71
play,1,1,594895,,,W
play,1,1,506999,,,S8/L.1-2,124.50,100.40
play,1,1,542941,,,3/G,146.59,179.72
play,2,0,571461,,,43/G,141.57,174.70
play,2,0,543454,,,E3,135.54,185.74
play,2,0,572935,,,3/G.1-2,148.59,184.74
play,2,0,542503,,,4/L,136.55,173.69
play,2,1,500875,,,S7/L,87.35,123.49
play,2,1,594990,,,8/F,104.42,106.43
play,2,1,555543,,,9/F,161.65,135.54
play,2,1,595033,,,K
play,3,0,542502,,,K
play,3,0,542371,,,8/F,107.43,105.42
play,3,0,594918,,,K
play,3,1,543388,,,E5.B-2,85.34,175.70
play,3,1,596881,,,13/SH.2-3,126.51,189.76
play,3,1,594895,,,D9/F.3-H,180.72,122.49
play,3,1,506999,,,8/F.2-3,135.54,92.37
play,3,1,542941,,,7/F,79.32,120.48
play,4,0,573183,,,8/F,130.52,95.38
play,4,0,573001,,,8/F,131.53,100.40
play,4,0,571461,,,43/G,140.56,174.70
play,4,1,500875,,,S8/L,116.47,115.46
play,4,1,594990,,,6(1)3/G6/GDP,104.42,173.69
play,4,1,555543,,,K+WP.B-1
play,4,1,595033,,,K
play,5,0,543454,,,S7/G,63.25,131.53
play,5,0,572935,,,SB2
play,5,0,572935,,,W
play,5,0,542503,,,CS3
play,5,0,542503,,,SB2
play,5,0,542503,,,FC1.2X3(162),127.51,191.77
play,5,0,542502,,,K
play,5,1,543388,,,63/G,105.42,179.72
play,5,1,596881,,,43/G,131.53,176.71
play,5,1,594895,,,S9/L,174.70,128.51
play,5,1,506999,,,2/PF,127.51,224.90
play,6,0,542371,,,7/F,62.25,126.51
play,6,0,594918,,,3/P,142.57,178.71
play,6,0,573183,,,9/F,188.76,116.47
play,6,1,542941,,,7/F,56.22,124.50
play,6,1,500875,,,7/F,47.19,127.51
play,6,1,594990,,,W
play,6,1,555543,,,5/L,106.43,178.71
play,7,0,573001,,,9/F,175.70,119.48
play,7,0,571461,,,43/G,127.51,174.70
play,7,0,543454,,,S5/BG,94.38,174.70
play,7,0,572935,,,FC6/G.1X2(64),103.41,168.67
play,7,1,595033,,,K
play,7,1,543388,,,43/G,131.53,173.69
play,7,1,596881,,,7/F,68.27,129.52
play,8,0,542503,,,NP
sub,518457,Josh Billeaud,1,0,1
play,8,0,542503,,,7/F,72.29,127.51
play,8,0,542502,,,NP
sub,524188,Yunior Figueroa,0,9,11
play,8,0,524188,,,3/G,134.54,179.72
play,8,0,542371,,,S7/L,64.26,123.49
play,8,0,594918,,,K
play,8,1,594895,,,NP
sub,524188,Yunior Figueroa,0,9,5
play,8,1,506999,,,NP
sub,572708,Claudio Bavera,0,0,1
play,8,1,594895,,,S8/L,154.62,115.46
play,8,1,506999,,,S9/G.1-3,171.69,128.51
play,8,1,542941,,,7/SF.3-H,61.24,100.40
play,8,1,500875,,,163/G1.1-2,112.45,192.77
play,8,1,594990,,,S8/L.2-H;B-2,112.45,98.39
play,8,1,555543,,,E5.2XH(72),108.43,177.71
play,9,0,573183,,,NP
sub,534743,Kevin Moran,1,0,1
play,9,0,573183,,,3/G,153.61,182.73
play,9,0,573001,,,63/G,99.40,179.72
play,9,0,571461,,,K
id,BriAPP201008061
info,visteam,JohAPP
info,hometeam,BriAPP
info,date,2010/08/06
start,594824,Greg Garcia,0,1,4
start,570805,Oscar Taveras,0,2,7
start,592774,Cody Stanley,0,3,10
start,595158,Philip Cerreto,0,4,3
start,521091,Romulo Ruiz,0,5,5
start,502023,Travis Tartamella,0,6,2
start,518802,Virgil Hill,0,7,9
start,572265,Reggie Williams,0,8,8
start,551750,Cesar Valera,0,9,6
start,572096,Trevor Rosenthal,0,0,1
start,543388,Jordan Keegan,1,1,7
start,596881,Qualon Millender,1,2,8
start,594895,Drew Lee,1,3,6
start,506999,John Spatola,1,4,3
start,592660,Rangel Ravelo,1,5,5
start,500875,Jeffer Patino,1,6,4
start,555543,Chase Blackwood,1,7,2
start,594948,Sean O'Connell,1,8,10
start,596882,Marcus Spencer,1,9,9
start,542890,Spencer Arroyo,1,0,1
play,1,0,594824,,,53/G,103.41,178.71
play,1,0,570805,,,13/G,122.49,192.77
play,1,0,592774,,,K
play,1,1,543388,,,K
play,1,1,596881,,,13/G,125.50,195.78
play,1,1,594895,,,K
play,2,0,595158,,,D9/G,177.71,106.43
play,2,0,521091,,,HP
play,2,0,502023,,,WP.1-2;2-3
play,2,0,502023,,,S7/G.2-3;3-H,74.30,125.50
play,2,0,518802,,,6216/GDP/G6.B-1,123.49,191.77
play,2,0,572265,,,9/F,194.78,106.43
play,2,1,placeholder,,,NP
sub,572953,Cale Johnson,0,0,1
play,2,1,506999,,,9/F,161.65,117.47
play,2,1,592660,,,6/L,118.47,165.66
play,2,1,500875,,,D9/G,169.68,113.45
play,2,1,555543,,,63/G,111.45,168.67
play,3,0,551750,,,K
play,3,0,594824,,,31/G,146.59,179.72
play,3,0,570805,,,K
play,3,1,594948,,,31/G,141.57,183.73
play,3,1,596882,,,3/P,140.56,177.71
play,3,1,543388,,,3/G,142.57,178.71
play,4,0,592774,,,E6,105.42,174.70
play,4,0,595158,,,K
play,4,0,521091,,,FC4/G.1X2(46);B-1,141.57,171.69
play,4,0,502023,,,WP.1-2
play,4,0,502023,,,63/G,112.45,172.69
play,4,1,596881,,,S8/F,142.57,89.36
play,4,1,594895,,,9/F,186.75,113.45
play,4,1,506999,,,HR/F.1-H,195.78,56.22
play,4,1,592660,,,53/G,109.44,175.70
play,4,1,500875,,,S8/L,131.53,101.41
play,4,1,555543,,,7/F,73.29,115.46
play,5,0,518802,,,8/L,162.65,83.33
play,5,0,572265,,,53/G,116.47,183.73
play,5,0,551750,,,K
play,5,1,594948,,,8/F,124.50,80.32
play,5,1,596882,,,5/L,101.41,184.74
play,5,1,543388,,,3/G,154.62,178.71
play,6,0,594824,,,D9/L,187.75,98.39
play,6,0,570805,,,63/G,105.42,175.70
play,6,0,592774,,,W
play,6,0,595158,,,4/P,137.55,172.69
play,6,0,521091,,,FC4/G.1X2(46),133.53,169.68
play,6,1,596881,,,6/L,93.37,176.71
play,6,1,594895,,,7/F,62.25,115.46
play,6,1,506999,,,D9/L,172.69,97.39
play,6,1,592660,,,9/F,171.69,112.45
play,7,0,502023,,,NP
sub,534743,Kevin Moran,1,0,1
play,7,0,502023,,,31/G,143.57,176.71
play,7,0,518802,,,43/G,152.61,186.75
play,7,0,572265,,,13/G,126.51,198.80
id,BriAPP201008062
info,visteam,JohAPP
info,hometeam,BriAPP
info,date,2010/08/06
start,594824,Greg Garcia,0,1,6
start,570805,Oscar Taveras,0,2,7
start,592774,Cody Stanley,0,3,2
start,595158,Philip Cerreto,0,4,3
start,521091,Romulo Ruiz,0,5,10
start,500675,Kleininger Teran,0,6,5
start,542465,Roberto Reyes,0,7,9
start,572265,Reggie Williams,0,8,8
start,592286,Patrick Elkins,0,9,4
start,543779,Kevin Siegrist,0,0,1
start,596881,Qualon Millender,1,1,8
start,596880,J. D. Ashbrook,1,2,7
start,594895,Drew Lee,1,3,10
start,506999,John Spatola,1,4,9
start,542941,Daniel Black,1,5,2
start,572794,Robert Cummings,1,6,5
start,594990,Michael Schwartz,1,7,3
start,592715,Bradley Salgado,1,8,6
start,595033,Ethan Wilson,1,9,4
start,572944,Ethan Icard,1,0,1
play,1,0,594824,,,43/G,146.59,177.71
play,1,0,570805,,,4/P,145.58,162.65
play,1,0,592774,,,T8/F,129.52,53.21
play,1,0,595158,,,S7/L.3-H,85.34,123.49
play,1,0,521091,,,SB2
play,1,0,521091,,,53/G,104.42,169.68
play,1,1,596881,,,9/L,156.63,114.46
play,1,1,596880,,,HP
play,1,1,placeholder,,,POCS2(136)
play,1,1,594895,,,K
play,2,0,500675,,,S6/G,90.36,164.66
play,2,0,542465,,,64(1)3/GDP/G6,108.43,174.70
play,2,0,572265,,,W
play,2,0,592286,,,SB2
play,2,0,592286,,,S7/F.2-H,100.40,123.49
play,2,0,594824,,,S7/L.1-2,82.33,109.44
play,2,0,570805,,,63/G,112.45,180.72
play,2,1,506999,,,K
play,2,1,542941,,,K
play,2,1,572794,,,K
play,3,0,592774,,,NP
sub,518457,Josh Billeaud,1,0,1
play,3,0,592774,,,K
play,3,0,595158,,,S8/L,137.55,98.39
play,3,0,521091,,,K
play,3,0,500675,,,K
play,3,1,594990,,,D8/F,90.36,64.26
play,3,1,592715,,,K
play,3,1,595033,,,3/L,156.63,174.70
play,3,1,596881,,,E3.2-H;B-2,161.65,172.69
play,3,1,596880,,,2/PF,121.49,229.92
play,4,0,542465,,,43/G,142.57,176.71
play,4,0,572265,,,K
play,4,0,592286,,,K
play,4,1,594895,,,K
play,4,1,506999,,,43/G,136.55,163.65
play,4,1,542941,,,HP
play,4,1,572794,,,3/P,161.65,171.69
play,5,0,594824,,,NP
sub,598384,Spencer Shelton,1,0,1
play,5,0,594824,,,W
play,5,0,570805,,,8/F,128.51,78.31
play,5,0,592774,,,SB2;1-3(E2)(E2/TH)
play,5,0,592774,,,W
play,5,0,595158,,,HP.1-2
play,5,0,521091,,,D7/L.1-H;2-H;3-H,80.32,97.39
play,5,0,500675,,,W
play,5,0,542465,,,D8/L.1-H;2-H,130.52,70.28
play,5,0,572265,,,NP
sub,570558,Darwin Matos,1,0,1
play,5,0,572265,,,K
play,5,0,592286,,,HP
play,5,0,594824,,,W.1-2;2-3
play,5,0,570805,,,9/F,110.44,109.44
play,5,1,594990,,,S8/L,110.44,185.74
play,5,1,592715,,,S5/G.1-3(E5)(E5/TH),114.46,180.72
play,5,1,595033,,,5(B)53()/LDP,0.00,0.00
play,5,1,596881,,,K
play,6,0,592774,,,S9/G,163.65,123.49
play,6,0,595158,,,SB2
play,6,0,595158,,,HR/F.2-H,42.17,75.30
play,6,0,521091,,,S6/G,109.44,166.67
play,6,0,500675,,,FC4/G.1X2(46);B-1,112.45,175.70
play,6,0,542465,,,WP.1-2
play,6,0,542465,,,6/P,81.33,157.63
play,6,0,572265,,,S9/L.2-H,196.79,120.48
play,6,0,592286,,,7/F,71.29,114.46
play,6,1,596880,,,NP
sub,542213,Charllan Jimenez,0,0,1
play,6,1,596880,,,S7/L,63.25,121.49
play,6,1,594895,,,6/PF,78.31,177.71
play,6,1,506999,,,K
play,6,1,542941,,,HR/F.1-H,208.84,69.28
play,6,1,572794,,,K
play,7,0,594824,,,NP
sub,572837,Austin Evans,1,0,1
play,7,0,594824,,,43/G,149.60,174.70
play,7,0,570805,,,S9/G,170.68,122.49
play,7,0,592774,,,K
play,7,0,595158,,,W.1-2
play,7,0,521091,,,S9/L.1-3;2-H,163.65,115.46
play,7,0,500675,,,7/F,69.28,111.45
play,7,1,594990,,,K
play,7,1,592715,,,W
play,7,1,595033,,,6(1)3/G6/GDP,120.48,152.61
id,BriAPP201008070
info,visteam,JohAPP
info,hometeam,BriAPP
info,date,2010/08/07
start,518802,Virgil Hill,0,1,9
start,570805,Oscar Taveras,0,2,7
start,592774,Cody Stanley,0,3,10
start,521091,Romulo Ruiz,0,4,5
start,502023,Travis Tartamella,0,5,2
start,500675,Kleininger Teran,0,6,3
start,572265,Reggie Williams,0,7,8
start,592286,Patrick Elkins,0,8,4
start,551750,Cesar Valera,0,9,6
start,595342,Jeff Nadeau,0,0,1
start,543388,Jordan Keegan,1,1,8
start,500875,Jeffer Patino,1,2,10
start,594895,Drew Lee,1,3,4
start,506999,John Spatola,1,4,9
start,542941,Daniel Black,1,5,3
start,592660,Rangel Ravelo,1,6,5
start,592715,Bradley Salgado,1,7,6
start,555543,Chase Blackwood,1,8,2
start,596882,Marcus Spencer,1,9,7
start,595473,Robert Young,1,0,1
play,1,0,518802,,,W
play,1,0,570805,,,K
play,1,0,592774,,,64(1)3/GDP/G6,110.44,166.67
play,1,1,543388,,,53/G,102.41,178.71
play,1,1,500875,,,S8/L,131.53,90.36
play,1,1,594895,,,9/F,181.73,112.45
play,1,1,506999,,,K
play,2,0,521091,,,7/L,68.27,113.45
play,2,0,502023,,,7/F,90.36,107.43
play,2,0,500675,,,S9/L,171.69,119.48
play,2,0,572265,,,W.1-2
play,2,0,592286,,,43/G,141.57,168.67
play,2,1,542941,,,7/L,73.29,117.47
play,2,1,592660,,,8/F,127.51,92.37
play,2,1,592715,,,8/F,131.53,94.38
play,3,0,551750,,,43/G,140.56,169.68
play,3,0,518802,,,3/PF,152.61,201.81
play,3,0,570805,,,63/G,110.44,167.67
play,3,1,555543,,,8/F,119.48,85.34
play,3,1,596882,,,K
play,3,1,543388,,,43/G,139.56,168.67
play,4,0,592774,,,43/G,132.53,167.67
play,4,0,521091,,,3/P,151.61,175.70
play,4,0,502023,,,K
play,4,1,500875,,,S7/F,74.30,122.49
play,4,1,594895,,,D7/F.1-3,51.20,105.42
play,4,1,506999,,,8/SF.2-3;3-H,126.51,71.29
play,4,1,542941,,,S7/L.3-H;B-2(E7),81.33,125.50
play,4,1,592660,,,7/F,68.27,113.45
play,4,1,592715,,,S8/L.2-H,110.44,91.37
play,4,1,555543,,,K
play,5,0,500675,,,3/G,148.59,180.72
play,5,0,572265,,,53/G,99.40,183.73
play,5,0,592286,,,D9/L,207.83,120.48
play,5,0,551750,,,E6.2-3,109.44,169.68
play,5,0,518802,,,43/G,140.56,166.67
play,5,1,596882,,,NP
sub,518447,Andrew Benes,0,0,1
play,5,1,596882,,,D8/L,110.44,73.29
play,5,1,543388,,,54/SH.2-3,113.45,194.78
play,5,1,500875,,,S7/L.3-H,82.33,125.50
play,5,1,594895,,,7/L,77.31,120.48
play,5,1,506999,,,K
play,6,0,570805,,,7/FF,51.20,145.58
play,6,0,592774,,,9/F,180.72,108.43
play,6,0,521091,,,E6,105.42,168.67
play,6,0,502023,,,S8/L.1-2,124.50,105.42
play,6,0,500675,,,W.1-2;2-3
play,6,0,572265,,,NP
sub,502280,Jamaal Hollis,1,0,1
play,6,0,572265,,,T8/L.1-H;2-H;3-H,128.51,54.22
play,6,0,592286,,,43/G,135.54,168.67
play,6,1,542941,,,NP
sub,595031,Boone Whiting,0,0,1
play,6,1,542941,,,S8/L,135.54,99.40
play,6,1,592660,,,FC5/G.1X2(54);B-1,104.42,179.72
play,6,1,592715,,,K
play,6,1,555543,,,K23
play,7,0,551750,,,K
play,7,0,518802,,,W
play,7,0,570805,,,S8/L.1-2,126.51,99.40
play,7,0,592774,,,W.1-2;2-3
play,7,0,521091,,,7/SF.1-2;2-3;3-H,51.20,87.35
play,7,0,502023,,,W
play,7,0,500675,,,NP
sub,519170,Kevin Rath,1,0,1
play,7,0,500675,,,43/G,140.56,168.67
play,7,1,596882,,,NP
sub,594824,Greg Garcia,0,4,4
play,7,1,543388,,,NP
sub,592286,Patrick Elkins,0,8,5
play,7,1,596882,,,S5/BG,111.45,192.77
play,7,1,543388,,,K
play,7,1,500875,,,43/G.1-2,141.57,169.68
play,7,1,594895,,,3/L,149.60,180.72
play,8,0,572265,,,K
play,8,0,592286,,,K
play,8,0,551750,,,K
play,8,1,506999,,,43/G,134.54,170.68
play,8,1,542941,,,S7/F,73.29,116.47
play,8,1,592660,,,NP
sub,596881,Qualon Millender,1,5,12
play,8,1,592660,,,S9/L.1-2,185.74,121.49
play,8,1,592715,,,9/F.2-3,185.74,108.43
play,8,1,555543,,,NP
sub,592515,Aidan Lucas,0,0,1
play,8,1,555543,,,3/G,152.61,178.71
play,9,0,518802,,,NP
sub,543388,Jordan Keegan,1,1,7
play,9,0,570805,,,NP
sub,506999,John Spatola,1,4,3
play,9,0,592774,,,NP
sub,596881,Qualon Millender,1,5,8
play,9,0,594824,,,NP
sub,596882,Marcus Spencer,1,9,9
play,9,0,518802,,,K
play,9,0,570805,,,K
play,9,0,592774,,,K
play,9,1,596882,,,1/P,127.51,185.74
play,9,1,543388,,,NP
sub,519185,Robert Revesz,0,0,1
play,9,1,543388,,,43/G,137.55,167.67
play,9,1,500875,,,13/G,125.50,189.76
play,10,0,594824,,,NP
sub,598718,Terance Marin,1,0,1
play,10,0,594824,,,K
play,10,0,502023,,,K
play,10,0,500675,,,7/FF,56.22,151.61
play,10,1,594895,,,8/F,137.55,89.36
play,10,1,506999,,,31/G,151.61,177.71
play,10,1,596881,,,S6/G,103.41,167.67
play,10,1,592660,,,S8/G.1-3,126.51,93.37
play,10,1,592715,,,NP
sub,523489,Hector Corpas,0,0,1
play,10,1,592715,,,FC4/G.1X2(46),134.54,164.66
play,11,0,572265,,,HP
play,11,0,592286,,,PO1(?3)
play,11,0,592286,,,S8/G,124.50,99.40
play,11,0,551750,,,43/G.1-2,139.56,169.68
play,11,0,518802,,,HP
play,11,0,570805,,,T9/L.1-H;2-H,184.74,85.34
play,11,0,592774,,,K23
play,11,1,555543,,,D7/F,53.21,91.37
play,11,1,596882,,,K
play,11,1,543388,,,K
play,11,1,500875,,,7/F,82.33,103.41
id,BriAPP201008220
info,visteam,JohAPP
info,hometeam,BriAPP
info,date,2010/08/22
start,518802,Virgil Hill,0,1,7
start,570805,Oscar Taveras,0,2,8
start,592774,Cody Stanley,0,3,10
start,500675,Kleininger Teran,0,4,3
start,521091,Romulo Ruiz,0,5,5
start,502023,Travis Tartamella,0,6,2
start,542465,Roberto Reyes,0,7,9
start,592286,Patrick Elkins,0,8,4
start,551750,Cesar Valera,0,9,6
start,571772,Hector Hernandez,0,0,1
start,543388,Jordan Keegan,1,1,7
start,596881,Qualon Millender,1,2,8
start,594895,Drew Lee,1,3,6
start,542941,Daniel Black,1,4,3
start,592660,Rangel Ravelo,1,5,5
start,594990,Michael Schwartz,1,6,10
start,555543,Chase Blackwood,1,7,2
start,595033,Ethan Wilson,1,8,4
start,596880,J. D. Ashbrook,1,9,9
start,571765,Matthew Heidenreich,1,0,1
play,1,0,518802,,,53/G,103.41,176.71
play,1,0,570805,,,S9/G,171.69,126.51
play,1,0,592774,,,S9/L.1-2,167.67,140.56
play,1,0,500675,,,K
play,1,0,521091,,,8/F,121.49,83.33
play,1,1,543388,,,8/F,129.52,88.35
play,1,1,596881,,,63/G,111.45,169.68
play,1,1,594895,,,S7/L,75.30,130.52
play,1,1,542941,,,K
play,2,0,502023,,,K
play,2,0,542465,,,8/F,122.49,85.34
play,2,0,592286,,,9/F,164.66,127.51
play,2,1,592660,,,43/G,132.53,169.68
play,2,1,594990,,,HP
play,2,1,555543,,,K
play,2,1,595033,,,8/F,120.48,87.35
play,3,0,551750,,,13/G,126.51,194.78
play,3,0,518802,,,S5/G,109.44,185.74
play,3,0,570805,,,8/F,138.55,92.37
play,3,0,592774,,,5/PF,89.36,184.74
play,3,1,596880,,,W
play,3,1,543388,,,5/L,99.40,176.71
play,3,1,596881,,,S6/P.1-2,115.46,167.67
play,3,1,594895,,,K
play,3,1,542941,,,S7/L.1-3;2-H;B-2,64.26,124.50
play,3,1,592660,,,63/G,115.46,170.68
play,4,0,500675,,,7/F,68.27,127.51
play,4,0,521091,,,S5/G,104.42,174.70
play,4,0,502023,,,54(1)3/GDP/G5,93.37,173.69
play,4,1,594990,,,53/G,100.40,177.71
play,4,1,555543,,,9/F,165.66,119.48
play,4,1,595033,,,K
play,5,0,542465,,,S5/G,105.42,181.73
play,5,0,592286,,,CS2
play,5,0,592286,,,43/G,128.51,170.68
play,5,0,551750,,,K
play,5,1,596880,,,4/P,137.55,170.68
play,5,1,543388,,,13/G,122.49,198.80
play,5,1,596881,,,9/F,163.65,111.45
play,6,0,518802,,,K
play,6,0,570805,,,K
play,6,0,592774,,,K
play,6,1,594895,,,NP
sub,595166,Ryan Copeland,0,0,1
play,6,1,594895,,,53/G,99.40,173.69
play,6,1,542941,,,63/G,112.45,163.65
play,6,1,592660,,,S7/L,91.37,116.47
play,6,1,594990,,,FC6/G.1X2(64),114.46,173.69
play,7,0,500675,,,NP
sub,519170,Kevin Rath,1,0,1
play,7,0,500675,,,S7/L,69.28,116.47
play,7,0,521091,,,K
play,7,0,502023,,,53/G.1-2,101.41,179.72
play,7,0,542465,,,31/G,143.57,178.71
play,7,1,555543,,,53/G,106.43,182.73
play,7,1,595033,,,8/F,119.48,87.35
play,7,1,596880,,,K
play,8,0,592286,,,W
play,8,0,551750,,,13/SH.1-2,121.49,198.80
play,8,0,518802,,,WP.2-3
play,8,0,518802,,,K+WP.3-H;B-1
play,8,0,570805,,,S7/G.1X3;B-2,80.32,103.41
play,8,0,592774,,,D8/L.2-H,129.52,78.31
play,8,0,500675,,,S9/F.2-H,191.77,115.46
play,8,0,521091,,,FC6/G.1X2(64),118.47,163.65
play,8,1,543388,,,K
play,8,1,596881,,,13/G,122.49,200.80
play,8,1,594895,,,53/G,95.38,174.70
play,9,0,502023,,,NP
sub,572944,Ethan Icard,1,0,1
play,9,0,502023,,,K
play,9,0,542465,,,S7/G,59.24,117.47
play,9,0,592286,,,W.1-2
play,9,0,551750,,,6(1)3/G6/GDP,111.45,169.68
play,9,1,542941,,,NP
sub,523489,Hector Corpas,0,0,1
play,9,1,542941,,,31/G,145.58,179.72
play,9,1,592660,,,K23
play,9,1,594990,,,K23
id,BriAPP201008230
info,visteam,JohAPP
info,hometeam,BriAPP
info,date,2010/08/23
start,594824,Greg Garcia,0,1,6
start,570805,Oscar Taveras,0,2,10
start,592774,Cody Stanley,0,3,2
start,500675,Kleininger Teran,0,4,3
start,521091,Romulo Ruiz,0,5,5
start,542465,Roberto Reyes,0,6,9
start,518802,Virgil Hill,0,7,7
start,592286,Patrick Elkins,0,8,4
start,572265,Reggie Williams,0,9,8
start,572797,Patrick Daugherty,0,0,1
start,543388,Jordan Keegan,1,1,7
start,596881,Qualon Millender,1,2,8
start,594895,Drew Lee,1,3,4
start,542941,Daniel Black,1,4,2
start,500875,Jeffer Patino,1,5,5
start,572794,Robert Cummings,1,6,10
start,592715,Bradley Salgado,1,7,6
start,594990,Michael Schwartz,1,8,3
start,596880,J. D. Ashbrook,1,9,9
start,518457,Josh Billeaud,1,0,1
play,1,0,594824,,,63/G,107.43,166.67
play,1,0,570805,,,S9/L,163.65,128.51
play,1,0,592774,,,FC5/G.1X2(54);B-1,109.44,183.73
play,1,0,500675,,,K
play,1,1,543388,,,K
play,1,1,596881,,,7/F,81.33,123.49
play,1,1,594895,,,S7/L,77.31,135.54
play,1,1,542941,,,K
play,2,0,521091,,,D7/L,78.31,122.49
play,2,0,542465,,,7/FF,49.20,146.59
play,2,0,518802,,,WP.2-3
play,2,0,518802,,,13/G,125.50,192.77
play,2,0,592286,,,S7/L.3-H,71.29,135.54
play,2,0,572265,,,K
play,2,1,500875,,,8/L,120.48,115.46
play,2,1,572794,,,3/P,143.57,186.75
play,2,1,592715,,,HP
play,2,1,594990,,,SB2
play,2,1,594990,,,W
play,2,1,596880,,,63/G,104.42,175.70
play,3,0,594824,,,K
play,3,0,570805,,,43/G,137.55,165.66
play,3,0,592774,,,K
play,3,1,543388,,,W
play,3,1,596881,,,13/SH.1-2,127.51,190.76
play,3,1,594895,,,E1/TH.2-H,127.51,191.77
play,3,1,542941,,,S9/G.1-3,170.68,141.57
play,3,1,500875,,,WP.1-2;3-H
play,3,1,500875,,,7/F,51.20,123.49
play,3,1,572794,,,53/G,102.41,186.75
play,4,0,500675,,,S8/G,119.48,126.51
play,4,0,521091,,,6(1)3/G6/GDP,109.44,171.69
play,4,0,542465,,,D9/L,179.72,145.58
play,4,0,518802,,,13/G,123.49,201.81
play,4,1,592715,,,NP
sub,518447,Andrew Benes,0,0,1
play,4,1,592715,,,S9/L,186.75,127.51
play,4,1,594990,,,W.1-2
play,4,1,596880,,,PO2(1?)
play,4,1,596880,,,2/PF,126.51,214.86
play,4,1,543388,,,FC5/G.1X2(54),100.40,185.74
play,5,0,592286,,,NP
sub,595364,Samuel Phippen,1,0,1
play,5,0,592286,,,K
play,5,0,572265,,,S7/L,83.33,126.51
play,5,0,594824,,,S5/BG.1-2,109.44,186.75
play,5,0,570805,,,OA.2X3(25)
play,5,0,570805,,,K
play,5,1,596881,,,K
play,5,1,594895,,,7/F,65.26,135.54
play,5,1,542941,,,T8/F,134.54,72.29
play,5,1,500875,,,K
play,6,0,592774,,,NP
sub,502280,Jamaal Hollis,1,0,1
play,6,0,592774,,,S9/L,164.66,125.50
play,6,0,500675,,,SB2
play,6,0,500675,,,K
play,6,0,521091,,,SB3
play,6,0,521091,,,W
play,6,0,542465,,,W.1-2
play,6,0,518802,,,K
play,6,0,592286,,,6/PF,89.36,182.73
play,6,1,572794,,,NP
sub,542203,Angel De Jesus,0,0,1
play,6,1,572794,,,4/L,133.53,176.71
play,6,1,592715,,,W
play,6,1,594990,,,6/P,117.47,169.68
play,6,1,596880,,,53/G,106.43,179.72
play,7,0,572265,,,53/G,102.41,173.69
play,7,0,594824,,,3/G,154.62,186.75
play,7,0,570805,,,3/G,140.56,181.73
play,7,1,543388,,,W
play,7,1,596881,,,13/SH.1-2,129.52,192.77
play,7,1,594895,,,K
play,7,1,542941,,,K
play,8,0,592774,,,NP
sub,598718,Terance Marin,1,0,1
play,8,0,592774,,,8/F,113.45,106.43
play,8,0,500675,,,13/G,128.51,186.75
play,8,0,521091,,,E1/TH,124.50,195.78
play,8,0,542465,,,NP
sub,551750,Cesar Valera,0,5,12
play,8,0,542465,,,WP.1-2
play,8,0,542465,,,43/G,147.59,172.69
play,8,1,500875,,,NP
sub,594824,Greg Garcia,0,1,4
play,8,1,572794,,,NP
sub,551750,Cesar Valera,0,5,6
play,8,1,592715,,,NP
sub,592286,Patrick Elkins,0,8,5
play,8,1,500875,,,HP
play,8,1,572794,,,FC1/B.1X2(16);B-1,123.49,190.76
play,8,1,592715,,,NP
sub,596882,Marcus Spencer,1,6,12
play,8,1,592715,,,K+CS2
play,9,0,518802,,,NP
sub,596882,Marcus Spencer,1,6,10
play,9,0,518802,,,S8/G,114.46,101.41
play,9,0,592286,,,13/SH.1-2,125.50,191.77
play,9,0,572265,,,S8/G.2-H,133.53,85.34
play,9,0,594824,,,S7/L.1-2,63.25,134.54
play,9,0,570805,,,K
play,9,0,592774,,,FC5/G.2X3(5),103.41,186.75
play,9,1,594990,,,NP
sub,519185,Robert Revesz,0,0,1
play,9,1,594990,,,6/L,102.41,166.67
play,9,1,596880,,,63/G,113.45,168.67
play,9,1,543388,,,K
play,10,0,500675,,,K
play,10,0,551750,,,53/G,101.41,186.75
play,10,0,542465,,,K
play,10,1,596881,,,53/G,111.45,182.73
play,10,1,594895,,,63/G,116.47,171.69
play,10,1,542941,,,63/G,107.43,171.69
play,11,0,518802,,,NP
sub,562366,Richard Marshall,1,0,1
play,11,0,518802,,,K
play,11,0,592286,,,53/G,103.41,189.76
play,11,0,572265,,,8/F,136.55,72.29
play,11,1,500875,,,NP
sub,592515,Aidan Lucas,0,0,1
play,11,1,500875,,,43/G,143.57,169.68
play,11,1,596882,,,S9/L,174.70,126.51
play,11,1,592715,,,9/F,184.74,140.56
play,11,1,594990,,,W.1-2
play,11,1,596880,,,9/F,167.67,124.50
play,12,0,594824,,,W
play,12,0,570805,,,43/G.1-2,129.52,177.71
play,12,0,592774,,,S9/L.2-H;B-2,170.68,128.51
play,12,0,500675,,,CS3
play,12,0,500675,,,6/P,115.46,169.68
play,12,1,543388,,,NP
sub,523489,Hector Corpas,0,0,1
play,12,1,543388,,,6/PF,70.28,169.68
play,12,1,596881,,,K+WP.B-1
play,12,1,594895,,,WP.1-2
play,12,1,594895,,,K23
play,12,1,542941,,,8/L,116.47,79.32
id,BriAPP201008240
info,visteam,JohAPP
info,hometeam,BriAPP
info,date,2010/08/24
start,594824,Greg Garcia,0,1,4
start,518802,Virgil Hill,0,2,7
start,500675,Kleininger Teran,0,3,3
start,521091,Romulo Ruiz,0,4,10
start,502023,Travis Tartamella,0,5,2
start,542465,Roberto Reyes,0,6,9
start,572265,Reggie Williams,0,7,8
start,592286,Patrick Elkins,0,8,5
start,551750,Cesar Valera,0,9,6
start,572953,Cale Johnson,0,0,1
start,543388,Jordan Keegan,1,1,7
start,596881,Qualon Millender,1,2,8
start,594895,Drew Lee,1,3,4
start,594990,Michael Schwartz,1,4,3
start,592660,Rangel Ravelo,1,5,5
start,592715,Bradley Salgado,1,6,6
start,555543,Chase Blackwood,1,7,2
start,594948,Sean O'Connell,1,8,8
start,596882,Marcus Spencer,1,9,9
start,542890,Spencer Arroyo,1,0,1
play,1,0,594824,,,6/L,114.46,168.67
play,1,0,518802,,,K
play,1,0,500675,,,K
play,1,1,543388,,,43/G,141.57,169.68
play,1,1,596881,,,3/G,140.56,183.73
play,1,1,594895,,,D8/F,124.50,57.23
play,1,1,594990,,,K
play,2,0,521091,,,K
play,2,0,502023,,,7/F,71.29,122.49
play,2,0,542465,,,63/G,113.45,165.66
play,2,1,592660,,,53/G,102.41,182.73
play,2,1,592715,,,53/G,104.42,182.73
play,2,1,555543,,,7/F,69.28,119.48
play,3,0,572265,,,K
play,3,0,592286,,,S9/G,159.64,142.57
play,3,0,551750,,,FC5/G.1X2(54);B-1,105.42,180.72
play,3,0,594824,,,9/L,159.64,117.47
play,3,1,594948,,,K
play,3,1,596882,,,53/G,104.42,179.72
play,3,1,543388,,,5/PF,95.38,192.77
play,4,0,518802,,,9/L,173.69,116.47
play,4,0,500675,,,3/G,145.58,183.73
play,4,0,521091,,,9/F,171.69,113.45
play,4,1,596881,,,7/F,72.29,130.52
play,4,1,594895,,,43/G,139.56,165.66
play,4,1,594990,,,7/F,55.22,111.45
play,5,0,502023,,,S7/L,84.34,150.60
play,5,0,542465,,,K
play,5,0,572265,,,FC6/G.1X2(64);B-1,120.48,165.66
play,5,0,592286,,,PO1(E?).1-2
play,5,0,592286,,,K23
play,5,1,592660,,,S4/G,138.55,163.65
play,5,1,592715,,,64(1)3/GDP/G6,110.44,165.66
play,5,1,555543,,,53/G,107.43,182.73
play,6,0,551750,,,53/G,113.45,179.72
play,6,0,594824,,,43/G,139.56,169.68
play,6,0,518802,,,9/F,167.67,118.47
play,6,1,594948,,,63/G,116.47,166.67
play,6,1,596882,,,2/PF,117.47,215.86
play,6,1,543388,,,K23
play,7,0,500675,,,3/G,141.57,186.75
play,7,0,521091,,,K
play,7,0,502023,,,63/G,114.46,170.68
play,7,1,596881,,,5/L,102.41,178.71
play,7,1,594895,,,8/F,122.49,92.37
play,7,1,594990,,,7/F,57.23,121.49
play,8,0,542465,,,NP
sub,598384,Spencer Shelton,1,0,1
play,8,0,542465,,,63/G,113.45,165.66
play,8,0,572265,,,HR/F,188.76,61.24
play,8,0,592286,,,K+WP.B-1
play,8,0,551750,,,S9/L.1-2,155.62,149.60
play,8,0,594824,,,K
play,8,0,518802,,,K
play,8,1,592660,,,NP
sub,572096,Trevor Rosenthal,0,0,1
play,8,1,592660,,,K
play,8,1,592715,,,D9/F,209.84,104.42
play,8,1,555543,,,9/F,176.71,113.45
play,8,1,594948,,,NP
sub,542941,Daniel Black,1,8,11
play,8,1,542941,,,31/G,139.56,191.77
play,9,0,500675,,,NP
sub,542941,Daniel Black,1,8,10
play,9,0,500675,,,K
play,9,0,521091,,,63/G,107.43,180.72
play,9,0,502023,,,K
play,9,1,596882,,,D9/F,185.74,80.32
play,9,1,543388,,,5/BPF,105.42,203.82
play,9,1,596881,,,K
play,9,1,594895,,,3/G,148.59,186.75
id,BriAPP201008250
info,visteam,BluAPP
info,hometeam,BriAPP
info,date,2010/08/25
start,489314,Jeremy Shelby,0,1,8
start,570727,Dudley Leonora,0,2,5
start,570731,Jonathan Schoop,0,3,6
start,543848,Corey Thomas,0,4,3
start,572000,Michael Ohlman,0,5,2
start,598415,Greyson Schram,0,6,10
start,594785,Chris Clinton,0,7,9
start,543024,Edwin Cintron,0,8,7
start,500161,Javier Santana,0,9,4
start,543496,Jarret Martin,0,0,1
start,543388,Jordan Keegan,1,1,7
start,596881,Qualon Millender,1,2,8
start,594895,Drew Lee,1,3,6
start,542941,Daniel Black,1,4,3
start,572794,Robert Cummings,1,5,10
start,592660,Rangel Ravelo,1,6,5
start,555543,Chase Blackwood,1,7,2
start,595033,Ethan Wilson,1,8,4
start,596880,J. D. Ashbrook,1,9,9
start,595473,Robert Young,1,0,1
play,1,0,489314,,,7/F,62.25,124.50
play,1,0,570727,,,K
play,1,0,570731,,,7/F,82.33,128.51
play,1,1,543388,,,63/G,109.44,171.69
play,1,1,596881,,,S8/G,123.49,97.39
play,1,1,594895,,,7/F,89.36,122.49
play,1,1,542941,,,SB2
play,1,1,542941,,,SB3
play,1,1,542941,,,W
play,1,1,572794,,,13/G,128.51,195.78
play,2,0,543848,,,K
play,2,0,572000,,,S8/G,134.54,115.46
play,2,0,placeholder,,,PO1(??)
play,2,0,598415,,,3/P,148.59,179.72
play,2,1,592660,,,43/G,138.55,179.72
play,2,1,555543,,,K
play,2,1,595033,,,K
play,3,0,594785,,,S9/L,167.67,142.57
play,3,0,543024,,,K
play,3,0,500161,,,9/L,192.77,119.48
play,3,0,489314,,,FC6/G.1X2(64),112.45,167.67
play,3,1,596880,,,63/G,118.47,158.63
play,3,1,543388,,,7/F,83.33,126.51
play,3,1,596881,,,K
play,4,0,570727,,,S8/L,119.48,111.45
play,4,0,570731,,,46(1)3/GDP/G4,140.56,173.69
play,4,0,543848,,,K
play,4,1,594895,,,K
play,4,1,542941,,,8/F,117.47,95.38
play,4,1,572794,,,K
play,5,0,572000,,,63/G,117.47,168.67
play,5,0,598415,,,K
play,5,0,594785,,,4/L,150.60,165.66
play,5,1,592660,,,D9/F,163.65,123.49
play,5,1,555543,,,31/G.2-3,150.60,185.74
play,5,1,595033,,,K
play,5,1,596880,,,W
play,5,1,543388,,,HP.1-2
play,5,1,596881,,,S7/L.1-3;2-H;3-H;B-2,97.39,150.60
play,5,1,594895,,,W
play,5,1,542941,,,W+WP.1-3;2-H;3-H
play,5,1,572794,,,NP
sub,571540,Dustin Carder,0,0,1
play,5,1,572794,,,S5/G.1-2;3-H,109.44,185.74
play,5,1,592660,,,43/G,141.57,172.69
play,6,0,543024,,,K
play,6,0,500161,,,13/G,119.48,189.76
play,6,0,489314,,,S8/G,134.54,125.50
play,6,0,570727,,,K+WP.1-2;B-1
play,6,0,570731,,,WP.2-3
play,6,0,570731,,,E5/TH.1-2;3-H,109.44,180.72
play,6,0,543848,,,K
play,6,1,555543,,,K
play,6,1,595033,,,9/F,193.78,133.53
play,6,1,596880,,,K
play,7,0,572000,,,NP
sub,476134,Brian Omogrosso,1,0,1
play,7,0,572000,,,W
play,7,0,598415,,,W.1-2
play,7,0,594785,,,4(1)3/G4/GDP.2-3,126.51,166.67
play,7,0,543024,,,K
play,7,1,543388,,,6/L,113.45,174.70
play,7,1,596881,,,K
play,7,1,594895,,,E3,143.57,179.72
play,7,1,542941,,,8/F,107.43,92.37
play,8,0,500161,,,NP
sub,572837,Austin Evans,1,0,1
play,8,0,500161,,,S6/G,119.48,173.69
play,8,0,489314,,,FC1/G.1X2(16);B-1,125.50,197.79
play,8,0,570727,,,WP.1-2
play,8,0,570727,,,FC6.2X3(654),118.47,174.70
play,8,0,570731,,,8/F,121.49,64.26
play,8,1,572794,,,W
play,8,1,592660,,,54(1)3/GDP/G5,104.42,175.70
play,8,1,555543,,,HP
play,8,1,595033,,,5/PF,62.25,200.80
play,9,0,543848,,,8/L,139.56,100.40
play,9,0,572000,,,4/L,126.51,181.73
play,9,0,598415,,,K
id,BriAPP201008260
info,visteam,BluAPP
info,hometeam,BriAPP
info,date,2010/08/26
start,572932,Kyle Hoppy,0,1,7
start,525988,Moises Ciriaco,0,2,4
start,572245,Brenden Webb,0,3,8
start,572803,Brad Decater,0,4,5
start,543848,Corey Thomas,0,5,3
start,572000,Michael Ohlman,0,6,2
start,570731,Jonathan Schoop,0,7,6
start,501531,Luis Ramirez,0,8,9
start,594785,Chris Clinton,0,9,10
start,595360,Jacob Petitt,0,0,1
start,596881,Qualon Millender,1,1,8
start,596880,J. D. Ashbrook,1,2,9
start,594895,Drew Lee,1,3,10
start,542941,Daniel Black,1,4,3
start,500875,Jeffer Patino,1,5,5
start,592715,Bradley Salgado,1,6,6
start,596882,Marcus Spencer,1,7,7
start,594948,Sean O'Connell,1,8,2
start,595033,Ethan Wilson,1,9,4
start,571547,Jarrett Casey,1,0,1
play,1,0,572932,,,S6/G,107.43,166.67
play,1,0,525988,,,S9/L.1-H;B-2,210.84,120.48
play,1,0,572245,,,WP.2-3
play,1,0,572245,,,K
play,1,0,572803,,,S8/L.3-H,116.47,111.45
play,1,0,543848,,,FC5/G.1X2(54);B-1,111.45,187.75
play,1,0,572000,,,W.1-2
play,1,0,570731,,,8/F,116.47,75.30
play,1,1,596881,,,K
play,1,1,596880,,,3/PF,149.60,199.80
play,1,1,594895,,,D7/L,40.16,107.43
play,1,1,542941,,,K
play,2,0,501531,,,43/G,141.57,170.68
play,2,0,594785,,,3/PF,149.60,198.80
play,2,0,572932,,,K
play,2,1,500875,,,63/G,109.44,170.68
play,2,1,592715,,,K
play,2,1,596882,,,K23
play,3,0,525988,,,13/G,127.51,196.79
play,3,0,572245,,,3/L,151.61,188.76
play,3,0,572803,,,3/G,147.59,179.72
play,3,1,594948,,,HP
play,3,1,595033,,,9/F,173.69,121.49
play,3,1,596881,,,1(B)13()/LDP.1X1,122.49,190.76
play,4,0,543848,,,8/F,124.50,83.33
play,4,0,572000,,,S9/F,197.79,118.47
play,4,0,570731,,,BK.1-2
play,4,0,570731,,,W
play,4,0,501531,,,43/G.1-2;2-3,139.56,168.67
play,4,0,594785,,,8/F,120.48,79.32
play,4,1,596880,,,K
play,4,1,594895,,,7/F,64.26,110.44
play,4,1,542941,,,8/F,117.47,76.31
play,5,0,572932,,,NP
sub,595364,Samuel Phippen,1,0,1
play,5,0,572932,,,K
play,5,0,525988,,,3/G,148.59,185.74
play,5,0,572245,,,K
play,5,1,500875,,,HR/F,221.89,77.31
play,5,1,592715,,,S8/G,121.49,105.42
play,5,1,596882,,,CS2
play,5,1,596882,,,K
play,5,1,594948,,,K23
play,6,0,572803,,,8/L,114.46,82.33
play,6,0,543848,,,K
play,6,0,572000,,,K
play,6,1,595033,,,9/F,172.69,112.45
play,6,1,596881,,,53/BG,112.45,194.78
play,6,1,596880,,,W
play,6,1,594895,,,K
play,7,0,570731,,,NP
sub,572944,Ethan Icard,1,0,1
play,7,0,570731,,,43/G,137.55,168.67
play,7,0,501531,,,D9/L,213.86,120.48
play,7,0,594785,,,HP
play,7,0,572932,,,S7/L.1-2;2-3,53.21,121.49
play,7,0,525988,,,E4/TH.1-3;2-H;3-H;B-2,140.56,167.67
play,7,0,572245,,,S9/L.2-H;3-H,197.79,115.46
play,7,0,572803,,,HP.1-2
play,7,0,543848,,,4(1)3/G4/GDP,136.55,171.69
play,7,1,542941,,,NP
sub,596745,Chris Petrini,0,0,1
play,7,1,542941,,,W
play,7,1,500875,,,3(1)6/G3/GDP,151.61,187.75
play,7,1,592715,,,K
play,8,0,572000,,,NP
sub,562366,Richard Marshall,1,0,1
play,8,0,572000,,,13/G,122.49,193.78
play,8,0,570731,,,53/G,101.41,181.73
play,8,0,501531,,,D9/L,210.84,118.47
play,8,0,594785,,,S8/G.2-H,118.47,98.39
play,8,0,572932,,,K
play,8,1,596882,,,K
play,8,1,594948,,,K
play,8,1,595033,,,W
play,8,1,596881,,,WP.1-2
play,8,1,596881,,,53/G,101.41,180.72
play,9,0,525988,,,43/G,136.55,167.67
play,9,0,572245,,,13/G,123.49,194.78
play,9,0,572803,,,W
play,9,0,543848,,,K
play,9,1,596880,,,K
play,9,1,594895,,,K
play,9,1,542941,,,K
id,BriAPP201008270
info,visteam,BluAPP
info,hometeam,BriAPP
info,date,2010/08/27
start,572932,Kyle Hoppy,0,1,7
start,570727,Dudley Leonora,0,2,5
start,572245,Brenden Webb,0,3,8
start,572803,Brad Decater,0,4,3
start,573220,Joe Velleggia,0,5,10
start,501531,Luis Ramirez,0,6,9
start,525988,Moises Ciriaco,0,7,4
start,516670,Janensis Guerrero,0,8,2
start,500161,Javier Santana,0,9,6
start,516671,Angel Cespedes,0,0,1
start,543388,Jordan Keegan,1,1,7
start,596881,Qualon Millender,1,2,8
start,594895,Drew Lee,1,3,4
start,542941,Daniel Black,1,4,3
start,500875,Jeffer Patino,1,5,5
start,592660,Rangel Ravelo,1,6,10
start,592715,Bradley Salgado,1,7,6
start,555543,Chase Blackwood,1,8,2
start,596880,J. D. Ashbrook,1,9,9
start,571765,Matthew Heidenreich,1,0,1
play,1,0,572932,,,5/L,105.42,182.73
play,1,0,570727,,,63/G,116.47,170.68
play,1,0,572245,,,K
play,1,1,543388,,,53/G,103.41,181.73
play,1,1,596881,,,D7/L,35.14,111.45
play,1,1,594895,,,9(B)96(2)/LDP,173.69,113.45
play,2,0,572803,,,K
play,2,0,573220,,,63/G,112.45,167.67
play,2,0,501531,,,S6/G,123.49,164.66
play,2,0,525988,,,T7/F.1-H,35.14,112.45
play,2,0,516670,,,4/P,134.54,164.66
play,2,1,542941,,,W
play,2,1,500875,,,S9/G.1-2,180.72,133.53
play,2,1,592660,,,53/SH.1-2;2-3,111.45,193.78
play,2,1,592715,,,4/P,141.57,166.67
play,2,1,555543,,,7/F,57.23,117.47
play,3,0,500161,,,K
play,3,0,572932,,,8/F,119.48,88.35
play,3,0,570727,,,43/G,138.55,170.68
play,3,1,596880,,,8/F,116.47,85.34
play,3,1,543388,,,K
play,3,1,596881,,,43/G,143.57,167.67
play,4,0,572245,,,S9/G,186.75,118.47
play,4,0,572803,,,8/F,134.54,93.37
play,4,0,573220,,,S7/G.1-2,76.31,127.51
play,4,0,501531,,,5/P,100.40,176.71
play,4,0,525988,,,FC6/G.1X2(64),106.43,167.67
play,4,1,594895,,,7/F,82.33,107.43
play,4,1,542941,,,D8/F,171.69,67.27
play,4,1,500875,,,S8/L.2-3;B-2,113.45,99.40
play,4,1,592660,,,D7/L.2-H;3-H,38.15,109.44
play,4,1,592715,,,D9/L.2-H,210.84,114.46
play,4,1,555543,,,9/F,174.70,114.46
play,4,1,596880,,,K
play,5,0,516670,,,T9/L,218.88,116.47
play,5,0,500161,,,W
play,5,0,572932,,,WP.1-2
play,5,0,572932,,,K
play,5,0,570727,,,43/G.2-3;3-H,142.57,167.67
play,5,0,572245,,,T8/F.3-H,125.50,57.23
play,5,0,572803,,,43/G,139.56,172.69
play,5,1,543388,,,S9/G,168.67,138.55
play,5,1,596881,,,13/SH.1-2,120.48,201.81
play,5,1,594895,,,K
play,5,1,542941,,,S7/G.2-H,96.39,128.51
play,5,1,500875,,,NP
sub,598171,Cory Ast,0,0,1
play,5,1,500875,,,K
play,6,0,573220,,,NP
sub,519170,Kevin Rath,1,0,1
play,6,0,573220,,,53/G,104.42,181.73
play,6,0,501531,,,S8/G,111.45,106.43
play,6,0,525988,,,E1.1-3,126.51,185.74
play,6,0,516670,,,K
play,6,0,500161,,,K
play,6,1,592660,,,8/F,117.47,74.30
play,6,1,592715,,,K23
play,6,1,555543,,,W
play,6,1,596880,,,E5/TH.1-3,103.41,181.73
play,6,1,543388,,,S9/L.1-2;3-H,189.76,124.50
play,6,1,596881,,,K
play,7,0,572932,,,K
play,7,0,570727,,,S7/G,74.30,122.49
play,7,0,572245,,,6(1)3/G6/GDP,118.47,172.69
play,7,1,594895,,,NP
sub,596741,Andy Deain,0,0,1
play,7,1,594895,,,S9/L,185.74,118.47
play,7,1,542941,,,S9/L.1-2,161.65,125.50
play,7,1,500875,,,SH.1-2;2-H;B-1,126.51,199.80
play,7,1,592660,,,D9/L.1-H;2-H,216.87,111.45
play,7,1,592715,,,W
play,7,1,555543,,,FC5/G.1-2;2X3(5);B-1,103.41,182.73
play,7,1,596880,,,54(1)3/GDP/G5,109.44,184.74
play,8,0,572803,,,NP
sub,598718,Terance Marin,1,0,1
play,8,0,572803,,,63/G,114.46,158.63
play,8,0,573220,,,S9/L,181.73,127.51
play,8,0,501531,,,K
play,8,0,525988,,,D7/L.1-3,44.18,117.47
play,8,0,516670,,,S9/L.2-H;3-H,203.82,125.50
play,8,0,500161,,,SB2
play,8,0,500161,,,K
play,8,1,543388,,,NP
sub,504322,Sam Taveras,0,0,1
play,8,1,543388,,,63/G,111.45,171.69
play,8,1,596881,,,K
play,8,1,594895,,,63/G,116.47,161.65
play,9,0,572932,,,23/G,121.49,205.82
play,9,0,570727,,,8/F,115.46,95.38
play,9,0,572245,,,31/G,143.57,182.73
id,BriAPP201008280
info,visteam,PulAPP
info,hometeam,BriAPP
info,date,2010/08/28
start,573095,Derek Poppert,0,1,7
start,595400,Jake Schlander,0,2,4
start,500716,Jorge Agudelo,0,3,10
start,595143,Matt Browning,0,4,5
start,515055,Jose Rivero,0,5,8
start,462088,Jetsy Extrano,0,6,6
start,518466,Jabari Blash,0,7,9
start,595351,Ethan Paquette,0,8,3
start,542546,Hassiel Jimenez,0,9,2
start,570884,George Mieses,0,0,1
start,543388,Jordan Keegan,1,1,7
start,596881,Qualon Millender,1,2,8
start,594895,Drew Lee,1,3,6
start,542941,Daniel Black,1,4,3
start,500875,Jeffer Patino,1,5,4
start,592660,Rangel Ravelo,1,6,5
start,594990,Michael Schwartz,1,7,10
start,555543,Chase Blackwood,1,8,2
start,596880,J. D. Ashbrook,1,9,9
start,518457,Josh Billeaud,1,0,1
play,1,0,573095,,,W
play,1,0,595400,,,WP.1-2
play,1,0,595400,,,W
play,1,0,500716,,,FC5/G.1X2(54);2-3;B-1,96.39,183.73
play,1,0,595143,,,9/SF.3-H,160.64,109.44
play,1,0,515055,,,53/G,106.43,176.71
play,1,1,543388,,,3/L,153.61,168.67
play,1,1,596881,,,W
play,1,1,594895,,,S9/L.1-2,156.63,126.51
play,1,1,542941,,,8/F.2-3,133.53,89.36
play,1,1,500875,,,8/F,128.51,99.40
play,2,0,462088,,,HP
play,2,0,518466,,,FC4/G.1X2(46);B-1,143.57,171.69
play,2,0,595351,,,FC6/G.1X2(64);B-1,108.43,167.67
play,2,0,542546,,,SB2
play,2,0,542546,,,K23
play,2,1,592660,,,S7/G,79.32,142.57
play,2,1,594990,,,K
play,2,1,555543,,,D8/F.1-H;B-3,96.39,78.31
play,2,1,596880,,,HP
play,2,1,543388,,,S7/F.1-2;3-H,87.35,135.54
play,2,1,596881,,,5/P,109.44,176.71
play,2,1,594895,,,5/P,111.45,174.70
play,3,0,573095,,,S7/L,79.32,127.51
play,3,0,595400,,,S9/G.1-3,156.63,133.53
play,3,0,500716,,,E6.1-2;3-H,102.41,165.66
play,3,0,595143,,,S7/L.1-3;2-H;B-2(E2/TH),93.37,148.59
play,3,0,515055,,,S8/L.2-3;3-H;B-2,108.43,124.50
play,3,0,462088,,,4/P,138.55,164.66
play,3,0,518466,,,63/G.2-3;3-H,106.43,162.65
play,3,0,595351,,,63/G,103.41,164.66
play,3,1,542941,,,W
play,3,1,500875,,,3(1)6/G3/GDP,147.59,179.72
play,3,1,592660,,,63/G,111.45,162.65
play,4,0,542546,,,NP
sub,476134,Brian Omogrosso,1,0,1
play,4,0,542546,,,8/F,113.45,111.45
play,4,0,573095,,,S5/G,108.43,179.72
play,4,0,595400,,,K
play,4,0,500716,,,9/F,171.69,91.37
play,4,1,594990,,,9/F,167.67,106.43
play,4,1,555543,,,K
play,4,1,596880,,,53/G,110.44,167.67
play,5,0,595143,,,NP
sub,598014,Raymond Copenhaver,1,0,1
play,5,0,595143,,,K
play,5,0,515055,,,63/G,105.42,164.66
play,5,0,462088,,,K
play,5,1,543388,,,S9/F.B-2(E9),163.65,127.51
play,5,1,596881,,,S5/G.2-3,101.41,181.73
play,5,1,594895,,,2/PF,119.48,219.88
play,5,1,542941,,,S9/L.1-3;3-H,151.61,157.63
play,5,1,500875,,,6/P,105.42,162.65
play,5,1,592660,,,S6/G.1-2;3-H,105.42,159.64
play,5,1,594990,,,FC6/G.1X2(6),118.47,167.67
play,6,0,518466,,,53/G,100.40,178.71
play,6,0,595351,,,43/G,158.63,173.69
play,6,0,542546,,,K
play,6,1,555543,,,NP
sub,598217,Michael Vitale,0,0,1
play,6,1,555543,,,HP
play,6,1,596880,,,PO1(13)
play,6,1,596880,,,53/G,90.36,176.71
play,6,1,543388,,,63/G,117.47,171.69
play,7,0,573095,,,NP
sub,572837,Austin Evans,1,0,1
play,7,0,573095,,,43/G,133.53,158.63
play,7,0,595400,,,63/G,103.41,166.67
play,7,0,500716,,,53/G,107.43,179.72
play,7,1,596881,,,T9/L,173.69,144.58
play,7,1,594895,,,53/G,98.39,183.73
play,7,1,542941,,,E6.3-H,122.49,158.63
play,7,1,500875,,,S7/F.1-2,80.32,134.54
play,7,1,592660,,,D7/L.1-3;2-H,75.30,147.59
play,7,1,594990,,,S7/L.2-H;3-H,90.36,130.52
play,7,1,555543,,,NP
sub,526911,Nolan Diaz,0,0,1
play,7,1,555543,,,HP.1-2
play,7,1,596880,,,S7/L.1-3(E7)(E7);2-H;B-2,90.36,124.50
play,7,1,543388,,,K
play,7,1,596881,,,K
play,8,0,595143,,,4/P,137.55,161.65
play,8,0,515055,,,HR/F,127.51,33.13
play,8,0,462088,,,S9/F,156.63,142.57
play,8,0,518466,,,FC6/G.1X2(64);B-1,113.45,178.71
play,8,0,595351,,,S8/L.1-2,138.55,109.44
play,8,0,542546,,,S7/L.2XH,82.33,134.54
play,8,1,594895,,,7/F,82.33,124.50
play,8,1,542941,,,3/L,142.57,177.71
play,8,1,500875,,,31/G,138.55,172.69
play,9,0,573095,,,NP
sub,562366,Richard Marshall,1,0,1
play,9,0,573095,,,6/L,115.46,162.65
play,9,0,595400,,,K
play,9,0,500716,,,63/G,110.44,166.67
id,BurAPP201006220
info,visteam,GreAPP
info,hometeam,BurAPP
info,date,2010/06/22
start,595831,Jonathan Merritt,0,1,6
start,500767,Ricardo Garcia,0,2,4
start,516430,Emilio King,0,3,9
start,455390,Jhonny Medrano,0,4,5
start,548300,Chris Wallace,0,5,2
start,571981,Telvin Nash,0,6,7
start,595832,Marcus Nidiffer,0,7,3
start,516429,Ricardo Heredia,0,8,10
start,595291,Bryce Lane,0,9,8
start,542300,Euris Quezada,0,0,1
start,543454,Alex Llanos,1,1,8
start,542371,Luis Piterson,1,2,4
start,571461,Geoffrey Baldwin,1,3,3
start,573183,Ryan Stovall,1,4,5
start,571683,Seth Furmanek,1,5,10
start,594918,Alex McClure,1,6,6
start,596306,Phillip Jenkins,1,7,2
start,579009,Reggie Taylor,1,8,7
start,519214,Derek Rodriguez,1,9,9
start,572137,Crawford Simmons,1,0,1
play,1,0,595831,,,K
play,1,0,500767,,,4/P,148.59,164.66
play,1,0,516430,,,K
play,1,1,543454,,,S7/L,71.29,122.49
play,1,1,542371,,,53/SH.1-2,122.49,187.75
play,1,1,571461,,,8/F,137.55,88.35
play,1,1,573183,,,53/G,115.46,178.71
play,2,0,455390,,,HR/F,37.15,70.28
play,2,0,548300,,,W
play,2,0,571981,,,D8/F.1-3,146.59,79.32
play,2,0,595832,,,K
play,2,0,516429,,,FC5/G.3XH;BX2,112.45,184.74
play,2,1,571683,,,6/P,100.40,161.65
play,2,1,594918,,,S9/G,169.68,126.51
play,2,1,596306,,,FC5/G.1X2(54);B-1,107.43,179.72
play,2,1,579009,,,BK.1-2
play,2,1,579009,,,K
play,3,0,595291,,,S7/G,75.30,132.53
play,3,0,595831,,,SB2
play,3,0,595831,,,S8/G.2-3,116.47,109.44
play,3,0,500767,,,S7/F.1-2;3-H,69.28,128.51
play,3,0,516430,,,FC5/G.1X2(54);2-H;B-2(E4/TH),107.43,173.69
play,3,0,455390,,,K
play,3,0,548300,,,9/F,176.71,118.47
play,3,1,519214,,,S5/BG,99.40,175.70
play,3,1,543454,,,9/F,186.75,112.45
play,3,1,542371,,,SB2
play,3,1,542371,,,S9/F.2-3,170.68,126.51
play,3,1,571461,,,SB2.2-3(E2/TH);3-H
play,3,1,571461,,,S8/F.3-H,98.71,121.75
play,3,1,573183,,,8/F,152.61,90.36
play,3,1,571683,,,S9/F.1-3,170.68,119.48
play,3,1,594918,,,S8/G.1-2;3-H,117.47,106.43
play,3,1,596306,,,53/G,109.44,179.72
play,4,0,571981,,,K
play,4,0,595832,,,3/G,147.59,171.69
play,4,0,516429,,,13/G,128.51,193.78
play,4,1,579009,,,53/G,110.44,178.71
play,4,1,519214,,,8/F,128.51,89.36
play,4,1,543454,,,53/G,101.41,173.69
play,5,0,595291,,,7/F,69.28,117.47
play,5,0,595831,,,K
play,5,0,500767,,,S8/F,136.55,103.41
play,5,0,516430,,,K
play,5,1,542371,,,NP
sub,577208,John Frawley,0,0,1
play,5,1,542371,,,K
play,5,1,571461,,,43/G,149.60,168.67
play,5,1,573183,,,W
play,5,1,571683,,,SB2;1-3(E2)(E2/TH)
play,5,1,571683,,,K
play,6,0,455390,,,NP
sub,594801,Gates Dooley,1,0,1
play,6,0,455390,,,S9/F,175.70,125.50
play,6,0,548300,,,K
play,6,0,571981,,,D9/F.1-3,162.65,111.45
play,6,0,595832,,,8/SF.3-H,123.49,98.39
play,6,0,516429,,,43/G,140.56,167.67
play,6,1,594918,,,9/F,174.70,118.47
play,6,1,596306,,,63/G,106.43,164.66
play,6,1,579009,,,K
play,7,0,595291,,,9/FF,191.77,163.65
play,7,0,595831,,,K
play,7,0,500767,,,53/G,104.42,182.73
play,7,1,519214,,,31/G,139.56,182.73
play,7,1,543454,,,K
play,7,1,542371,,,S9/G,160.64,131.53
play,7,1,571461,,,NP
sub,518514,Garrett Bullock,0,0,1
play,7,1,571461,,,FC6/G.1X2(64),113.45,168.67
play,8,0,516430,,,NP
sub,572026,Robert Penny,1,0,1
play,8,0,516430,,,K23
play,8,0,455390,,,S8/F,121.49,102.41
play,8,0,548300,,,SB2
play,8,0,548300,,,HR/F.2-H,207.83,65.26
play,8,0,571981,,,W
play,8,0,595832,,,D7/F.1-3,64.26,106.43
play,8,0,516429,,,7/SF.3-H,61.24,116.47
play,8,0,595291,,,NP
sub,573256,Josh Worrell,1,0,1
play,8,0,595291,,,3/P,149.60,175.70
play,8,1,573183,,,NP
sub,574988,Philip Rorabaugh,0,0,1
play,8,1,573183,,,53/G,93.37,175.70
play,8,1,571683,,,13/G,132.53,193.78
play,8,1,594918,,,53/G,108.43,182.73
play,9,0,595831,,,K
play,9,0,500767,,,K
play,9,0,516430,,,63/G,104.42,155.62
play,9,1,596306,,,8/F,115.46,102.41
play,9,1,579009,,,143/G1,129.52,187.75
play,9,1,519214,,,13/G,129.52,192.77
id,BurAPP201006230
info,visteam,GreAPP
info,hometeam,BurAPP
info,date,2010/06/23
start,595831,Jonathan Merritt,0,1,6
start,500767,Ricardo Garcia,0,2,4
start,516430,Emilio King,0,3,9
start,455390,Jhonny Medrano,0,4,3
start,571981,Telvin Nash,0,5,7
start,573245,Bubby Williams,0,6,2
start,572938,Ryan Humphrey,0,7,10
start,595291,Bryce Lane,0,8,8
start,542605,Hector Rodriguez,0,9,5
start,517328,Angel Gonzalez,0,0,1
start,543454,Alex Llanos,1,1,8
start,542371,Luis Piterson,1,2,4
start,571461,Geoffrey Baldwin,1,3,3
start,573001,Gabe MacDougall,1,4,7
start,573183,Ryan Stovall,1,5,5
start,594918,Alex McClure,1,6,6
start,571683,Seth Furmanek,1,7,10
start,595379,Drew Robertson,1,8,2
start,519214,Derek Rodriguez,1,9,9
start,521835,Leonel Santiago,1,0,1
play,1,0,595831,,,W
play,1,0,500767,,,D8/F.1-H;BX3(865),89.36,68.27
play,1,0,516430,,,S7/G,100.40,94.38
play,1,0,455390,,,S8/F.1-2,145.58,87.35
play,1,0,571981,,,K
play,1,0,573245,,,D5/G.1-3;2-H,54.22,117.47
play,1,0,572938,,,3/P,151.61,162.65
play,1,1,543454,,,W
play,1,1,542371,,,43/G.1-2,128.51,154.62
play,1,1,571461,,,SB3
play,1,1,571461,,,HP
play,1,1,573001,,,9/SF.3-H,192.77,88.35
play,1,1,573183,,,HR/F.1-H,94.38,46.18
play,1,1,594918,,,13/G,118.47,186.75
play,2,0,595291,,,7/L,67.27,100.40
play,2,0,542605,,,9/F,172.69,97.39
play,2,0,595831,,,W
play,2,0,500767,,,S9/F.1-3,179.72,96.39
play,2,0,516430,,,SB2
play,2,0,516430,,,K
play,2,1,571683,,,43/G,127.51,159.64
play,2,1,595379,,,63/G,117.47,157.63
play,2,1,519214,,,63/G,117.47,153.61
play,3,0,455390,,,3/P,149.60,167.67
play,3,0,571981,,,63/G,119.48,152.61
play,3,0,573245,,,HR/F,70.28,35.14
play,3,0,572938,,,S9/F,148.59,91.37
play,3,0,595291,,,K
play,3,1,543454,,,7/F,38.15,110.44
play,3,1,542371,,,D8/F,89.36,72.29
play,3,1,571461,,,PO2(E?).2-3
play,3,1,571461,,,K
play,3,1,573001,,,W
play,3,1,573183,,,T7/F.1-H;3-H,57.23,102.41
play,3,1,594918,,,9/F,166.67,89.36
play,4,0,542605,,,63/G,114.46,150.60
play,4,0,595831,,,T8/F,70.28,69.28
play,4,0,500767,,,7/F.3XH(72),45.18,95.38
play,4,1,571683,,,NP
sub,545247,Andrea Lucati,0,0,1
play,4,1,571683,,,S4/G,139.56,158.63
play,4,1,595379,,,4(B)43(1)/LDP,145.58,151.61
play,4,1,519214,,,W
play,4,1,543454,,,SB2
play,4,1,543454,,,31/G,155.62,154.62
play,5,0,516430,,,9/F,179.72,88.35
play,5,0,455390,,,K
play,5,0,571981,,,53/G,99.40,173.69
play,5,1,542371,,,S8/F,120.48,78.31
play,5,1,571461,,,SB2
play,5,1,573001,,,PO2(E?).2-3
play,5,1,571461,,,K
play,5,1,573001,,,T8/F.3-H;BXH(862),110.44,61.24
play,5,1,573183,,,W
play,5,1,594918,,,CS2
play,6,0,573245,,,NP
sub,595300,Anthony Lohden,1,0,1
play,6,0,573245,,,9/F,181.73,82.33
play,6,0,572938,,,63/G,113.45,156.63
play,6,0,595291,,,4/P,143.57,147.59
play,6,1,571683,,,NP
sub,592225,Ryan Cole,0,0,1
play,6,1,594918,,,K
play,6,1,571683,,,43/G,133.53,158.63
play,6,1,595379,,,43/G,131.53,152.61
play,7,0,542605,,,9/F,168.67,90.36
play,7,0,595831,,,41/G,140.56,158.63
play,7,0,500767,,,K
play,7,1,519214,,,NP
sub,572173,Brian Streilein,0,0,1
play,7,1,519214,,,K
play,7,1,543454,,,53/G,103.41,173.69
play,7,1,542371,,,13/G,125.50,181.73
play,8,0,516430,,,D7/F,73.29,102.41
play,8,0,455390,,,3/P,157.63,160.64
play,8,0,571981,,,9/F.2-3,187.75,93.37
play,8,0,573245,,,K
play,8,1,571461,,,NP
sub,518767,Justin Harper,0,0,1
play,8,1,571461,,,HP
play,8,1,573001,,,WP.1-3
play,8,1,573001,,,K
play,8,1,573183,,,WP.3-H
play,8,1,573183,,,W
play,8,1,594918,,,WP.1-2
play,8,1,594918,,,W
play,8,1,571683,,,NP
sub,596571,Ryan McCurdy,0,6,2
play,8,1,595379,,,NP
sub,571585,Jamaine Cotton,0,0,1
play,8,1,571683,,,SB3
play,8,1,571683,,,SBH;SB2
play,8,1,571683,,,8/F.2-3,108.43,62.25
play,8,1,595379,,,S7/G.3-H,82.33,96.39
play,8,1,519214,,,K
play,9,0,placeholder,,,NP
sub,594776,Chas Byrne,1,0,1
play,9,0,572938,,,E3,153.61,164.66
play,9,0,595291,,,K
play,9,0,542605,,,S9/F.1-2,147.59,89.36
play,9,0,595831,,,K
play,9,0,500767,,,9/F,183.73,90.36
id,BurAPP201006240
info,visteam,GreAPP
info,hometeam,BurAPP
info,date,2010/06/24
start,595831,Jonathan Merritt,0,1,6
start,500767,Ricardo Garcia,0,2,10
start,516430,Emilio King,0,3,9
start,455390,Jhonny Medrano,0,4,5
start,548300,Chris Wallace,0,5,2
start,571981,Telvin Nash,0,6,7
start,595832,Marcus Nidiffer,0,7,3
start,542165,Pedro Feliz,0,8,4
start,595291,Bryce Lane,0,9,8
start,595798,Ruben Alaniz,0,0,1
start,543454,Alex Llanos,1,1,8
start,542371,Luis Piterson,1,2,4
start,571461,Geoffrey Baldwin,1,3,3
start,573001,Gabe MacDougall,1,4,7
start,573183,Ryan Stovall,1,5,10
start,594918,Alex McClure,1,6,6
start,524188,Yunior Figueroa,1,7,5
start,542503,Edul Escobar,1,8,2
start,519214,Derek Rodriguez,1,9,9
start,571709,Michael Giovenco,1,0,1
play,1,0,595831,,,K
play,1,0,500767,,,HP
play,1,0,516430,,,K
play,1,0,455390,,,S8/L.1-2,111.45,108.43
play,1,0,548300,,,SB3;.1-2
play,1,0,548300,,,K
play,1,1,543454,,,4/P,135.54,175.70
play,1,1,542371,,,S7/G,108.43,99.40
play,1,1,571461,,,23/G.1-2,120.48,198.80
play,1,1,573001,,,63/G,122.49,171.69
play,2,0,571981,,,9/F,178.71,126.51
play,2,0,595832,,,HP
play,2,0,542165,,,S9/G.1-2,186.75,122.49
play,2,0,595291,,,4(1)3/G4/GDP,137.55,174.70
play,2,1,573183,,,8/F,128.51,91.37
play,2,1,594918,,,K
play,2,1,524188,,,D9/F,144.58,134.54
play,2,1,542503,,,K
play,3,0,595831,,,HR/F,203.82,56.22
play,3,0,500767,,,S7/L,92.37,121.49
play,3,0,516430,,,K
play,3,0,455390,,,K
play,3,0,548300,,,6/L,82.33,125.50
play,3,1,519214,,,E4,141.57,173.69
play,3,1,543454,,,SB2
play,3,1,543454,,,13/SH.2-3,127.51,204.82
play,3,1,542371,,,S8/L.3-H,110.44,95.38
play,3,1,571461,,,CS2
play,3,1,571461,,,K
play,4,0,571981,,,9/F,169.68,120.48
play,4,0,595832,,,S7/L,70.28,105.42
play,4,0,542165,,,NP
sub,572965,Jonathon Keck,1,0,1
play,4,0,542165,,,S9/L.1-3;B-2(E6/TH),153.61,126.51
play,4,0,595291,,,43/G.2-3;3-H,141.57,171.69
play,4,0,595831,,,W
play,4,0,500767,,,63/G,111.45,173.69
play,4,1,573001,,,HP
play,4,1,573183,,,FC6/G.1X2(64);B-1,119.48,177.71
play,4,1,594918,,,HP.1-2
play,4,1,524188,,,S8/L.1-2;2-3,114.46,102.41
play,4,1,542503,,,64(1)3/GDP/G6,115.46,170.68
play,5,0,516430,,,9/F,164.66,127.51
play,5,0,455390,,,S7/L,75.30,108.43
play,5,0,548300,,,K
play,5,0,571981,,,43/G,137.55,177.71
play,5,1,519214,,,5/P,108.43,182.73
play,5,1,543454,,,9/F,174.70,131.53
play,5,1,542371,,,53/G,111.45,185.74
play,6,0,595832,,,8/F,112.45,95.38
play,6,0,542165,,,W
play,6,0,595291,,,7/F,88.35,102.41
play,6,0,595831,,,CS2
play,6,1,571461,,,NP
sub,518514,Garrett Bullock,0,0,1
play,6,1,571461,,,K
play,6,1,573001,,,K
play,6,1,573183,,,9/F,166.67,110.44
play,7,0,500767,,,NP
sub,592540,Justin Mazur,1,0,1
play,7,0,595831,,,6/L,118.47,172.69
play,7,0,500767,,,K
play,7,0,516430,,,D8/F,146.59,90.36
play,7,0,455390,,,6/L,115.46,172.69
play,7,1,594918,,,9/F,202.81,116.47
play,7,1,524188,,,43/G,139.56,177.71
play,7,1,542503,,,8/F,107.43,96.39
play,8,0,548300,,,8/F,150.60,100.40
play,8,0,571981,,,63/G,110.44,172.69
play,8,0,595832,,,D8/F,122.49,104.42
play,8,0,542165,,,NP
sub,542605,Hector Rodriguez,0,7,12
play,8,0,542165,,,43/G,144.58,166.67
play,8,1,519214,,,NP
sub,455390,Jhonny Medrano,0,4,3
play,8,1,543454,,,NP
sub,572938,Ryan Humphrey,0,6,7
play,8,1,542371,,,NP
sub,542605,Hector Rodriguez,0,7,5
play,8,1,519214,,,K
play,8,1,543454,,,NP
sub,595800,B. J. Hagen,0,0,1
play,8,1,543454,,,8/F,139.56,99.40
play,8,1,542371,,,D8/F,146.59,107.43
play,8,1,571461,,,NP
sub,572142,Travis Smink,0,0,1
play,8,1,571461,,,K23
play,9,0,595291,,,NP
sub,572708,Claudio Bavera,1,0,1
play,9,0,595291,,,9/F,170.68,112.45
play,9,0,595831,,,K
play,9,0,500767,,,43/G,127.51,169.68
play,9,1,573001,,,S8/G,167.67,98.39
play,9,1,573183,,,6(1)3/G6/GDP,111.45,179.72
play,9,1,594918,,,3/G,143.57,186.75
id,BurAPP201006280
info,visteam,BluAPP
info,hometeam,BurAPP
info,date,2010/06/28
start,572932,Kyle Hoppy,0,1,7
start,525988,Moises Ciriaco,0,2,4
start,572245,Brenden Webb,0,3,8
start,594934,Michael Mosby,0,4,5
start,543848,Corey Thomas,0,5,3
start,572000,Michael Ohlman,0,6,2
start,594785,Christopher Clinton,0,7,10
start,489314,Jeremy Shelby,0,8,9
start,595041,Vincent Zazueta,0,9,6
start,543496,Jarret Martin,0,0,1
start,543454,Alex Llanos,1,1,8
start,542371,Luis Piterson,1,2,4
start,573183,Ryan Stovall,1,3,5
start,573001,Gabe MacDougall,1,4,7
start,571461,Geoffrey Baldwin,1,5,3
start,594918,Alex McClure,1,6,6
start,596306,Ryan Jenkins,1,7,10
start,542503,Edul Escobar,1,8,2
start,519214,Derek Rodriguez,1,9,9
start,521835,Leonel Santiago,1,0,1
play,1,0,572932,,,E4/TH,137.55,170.68
play,1,0,525988,,,13/SH.1-2,126.51,202.81
play,1,0,572245,,,63/G.2-3,113.45,170.68
play,1,0,594934,,,W
play,1,0,543848,,,FC5/G.1X2(54),106.43,182.73
play,1,1,543454,,,K.B-1(E)
play,1,1,placeholder,,,FLE9/PF
play,1,1,542371,,,D8/L.1-H,101.29,121.75
play,1,1,573183,,,W
play,1,1,573001,,,SB3;SB2
play,1,1,573001,,,K
play,1,1,571461,,,WP.2-3;3-H
play,1,1,571461,,,3/G.3-H,154.62,180.72
play,1,1,594918,,,53/G,103.41,178.71
play,2,0,572000,,,D8/L,117.47,71.29
play,2,0,594785,,,K
play,2,0,489314,,,53/G,98.39,177.71
play,2,0,595041,,,13/G,128.51,188.76
play,2,1,placeholder,,,NP
sub,516653,Dashenko Ricardo,0,6,2
play,2,1,596306,,,2/P,124.50,204.82
play,2,1,542503,,,K
play,2,1,519214,,,43/G,140.56,171.69
play,3,0,572932,,,53/G,104.42,178.71
play,3,0,525988,,,4/P,131.53,166.67
play,3,0,572245,,,31/G,152.61,185.74
play,3,1,543454,,,D9/F,212.85,117.47
play,3,1,542371,,,SB3
play,3,1,542371,,,HR/F.3-H,64.26,54.22
play,3,1,573183,,,D5/G,85.34,161.65
play,3,1,573001,,,9/F,169.68,110.44
play,3,1,571461,,,K
play,3,1,594918,,,K
play,4,0,594934,,,K
play,4,0,543848,,,K
play,4,0,516653,,,23/G,122.49,205.82
play,4,1,596306,,,1/L,122.49,192.77
play,4,1,542503,,,4/P,138.55,165.66
play,4,1,519214,,,W
play,4,1,543454,,,CS2
play,5,0,594785,,,53/G,110.44,180.72
play,5,0,489314,,,K
play,5,0,595041,,,K
play,5,1,543454,,,K
play,5,1,542371,,,S6/G,109.44,168.67
play,5,1,573183,,,W.1-2
play,5,1,573001,,,D9/F.1-H;2-H,212.85,113.45
play,5,1,571461,,,31/G.2-3,154.62,178.71
play,5,1,594918,,,NP
sub,543637,Zachary Petersime,0,0,1
play,5,1,594918,,,K
play,6,0,572932,,,43/G,142.57,168.67
play,6,0,525988,,,8/L,117.47,86.35
play,6,0,572245,,,K
play,6,1,596306,,,NP
sub,572932,Kyle Hoppy,0,1,8
play,6,1,542503,,,NP
sub,571559,Anderson Childers,0,2,4
play,6,1,519214,,,NP
sub,543024,Edwin Cintron,0,3,7
play,6,1,596306,,,9/F,198.80,108.43
play,6,1,542503,,,3/P,149.60,183.73
play,6,1,519214,,,43/G,141.57,170.68
play,7,0,placeholder,,,NP
sub,572026,Robert Penny,1,0,1
play,7,0,594934,,,W
play,7,0,543848,,,54(1)3/GDP/G5,98.39,177.71
play,7,0,516653,,,E3,148.59,192.77
play,7,0,594785,,,FC6/G.1X2(64),116.47,171.69
play,7,1,543454,,,NP
sub,516763,Eiris Ramirez,0,0,1
play,7,1,543454,,,D7/F,41.16,118.47
play,7,1,542371,,,HP
play,7,1,573183,,,54(1)3/GDP/G5.2-3,105.42,177.71
play,7,1,573001,,,D8/F.3-H,117.47,56.22
play,7,1,571461,,,S8/F.2-H,145.58,74.30
play,7,1,594918,,,NP
sub,595429,Travis Strong,0,0,1
play,7,1,594918,,,K
play,8,0,489314,,,NP
sub,572965,Jonathon Keck,1,0,1
play,8,0,489314,,,W
play,8,0,595041,,,E3.1-2,148.59,186.75
play,8,0,572932,,,S3/G.1-2;2-3,146.59,185.74
play,8,0,571559,,,9/SF.2-3;3-H,186.75,115.46
play,8,0,543024,,,K
play,8,0,594934,,,K
play,8,1,596306,,,NP
sub,595611,Riley Hornback,0,6,2
play,8,1,596306,,,9/F,201.81,119.48
play,8,1,542503,,,9/F,181.73,104.42
play,8,1,519214,,,NP
sub,579009,Reggie Taylor,1,9,11
play,8,1,579009,,,K
play,9,0,543848,,,NP
sub,579009,Reggie Taylor,1,9,9
play,9,0,543848,,,NP
sub,573220,Joseph Velleggia,0,5,11
play,9,0,573220,,,W
play,9,0,595611,,,9/F,200.80,125.50
play,9,0,594785,,,FC4/G.1X2(46);B-1,137.55,173.69
play,9,0,489314,,,63/G,108.43,170.68
id,BurAPP201006290
info,visteam,BluAPP
info,hometeam,BurAPP
info,date,2010/06/29
start,500161,Javier Santana,0,1,6
start,571559,Anderson Childers,0,2,4
start,572245,Brenden Webb,0,3,8
start,572803,Brad Decater,0,4,5
start,543848,Corey Thomas,0,5,3
start,501531,Luis Ramirez,0,6,9
start,516653,Dashenko Ricardo,0,7,2
start,595472,Cody Young,0,8,10
start,594785,Christopher Clinton,0,9,7
start,516671,Angel Cespedes,0,0,1
start,543454,Alex Llanos,1,1,8
start,542371,Luis Piterson,1,2,4
start,573183,Ryan Stovall,1,3,5
start,573001,Gabe MacDougall,1,4,7
start,571461,Geoffrey Baldwin,1,5,3
start,594918,Alex McClure,1,6,6
start,524188,Yunior Figueroa,1,7,10
start,542503,Edul Escobar,1,8,2
start,519214,Derek Rodriguez,1,9,9
start,571709,Michael Giovenco,1,0,1
play,1,0,500161,,,53/G,95.38,186.75
play,1,0,571559,,,S8/F,126.51,125.50
play,1,0,572245,,,8/F,124.50,109.44
play,1,0,572803,,,SB2
play,1,0,572803,,,K
play,1,1,543454,,,S8/G,131.53,117.47
play,1,1,542371,,,54(1)3/GDP/G5,106.43,179.72
play,1,1,573183,,,53/G,114.46,177.71
play,2,0,543848,,,K
play,2,0,501531,,,S9/L,168.67,125.50
play,2,0,placeholder,,,POCS2(136)
play,2,0,516653,,,K
play,2,1,573001,,,53/G,116.47,180.72
play,2,1,571461,,,43/G,137.55,174.70
play,2,1,594918,,,43/G,131.53,173.69
play,3,0,595472,,,K
play,3,0,594785,,,S7/G,67.27,129.52
play,3,0,500161,,,SB2
play,3,0,500161,,,S9/L.2-3,156.63,120.48
play,3,0,571559,,,PO?(E?).1-2;3-H
play,3,0,571559,,,9/F.2-3,190.76,104.42
play,3,0,572245,,,T9/F.3-H,190.76,96.39
play,3,0,572803,,,K
play,3,1,524188,,,9/F,196.79,126.51
play,3,1,542503,,,D7/G,71.29,119.48
play,3,1,519214,,,E3.2-3,141.57,187.75
play,3,1,543454,,,SB2
play,3,1,543454,,,63/G.2-3;3-H,115.46,165.66
play,3,1,542371,,,9/F,182.73,113.45
play,4,0,543848,,,3/G,152.61,183.73
play,4,0,501531,,,S9/G,163.65,126.51
play,4,0,516653,,,SB2
play,4,0,516653,,,K23
play,4,0,595472,,,W
play,4,0,594785,,,S9/G.1-3;2-H,161.65,119.48
play,4,0,500161,,,3/G,144.58,178.71
play,4,1,573183,,,63/G,105.42,170.68
play,4,1,573001,,,7/F,63.25,114.46
play,4,1,571461,,,S7/G,74.30,112.45
play,4,1,594918,,,7/F,76.31,118.47
play,5,0,571559,,,NP
sub,572708,Claudio Bavera,1,0,1
play,5,0,571559,,,63/G,108.43,168.67
play,5,0,572245,,,5/P,111.45,181.73
play,5,0,572803,,,S9/G,169.68,119.48
play,5,0,543848,,,S8/G.1-2,120.48,123.49
play,5,0,501531,,,BK.1-2;2-3
play,5,0,501531,,,6/P,112.45,165.66
play,5,1,524188,,,8/F,131.53,104.42
play,5,1,542503,,,4/P,133.53,170.68
play,5,1,519214,,,K
play,6,0,516653,,,43/G,141.57,174.70
play,6,0,595472,,,K
play,6,0,594785,,,K
play,6,1,543454,,,9/L,178.71,113.45
play,6,1,542371,,,FLE3/PF
play,6,1,542371,,,43/G,97.00,116.57
play,6,1,573183,,,63/G,107.43,167.67
play,7,0,500161,,,13/G,123.49,185.74
play,7,0,571559,,,3/G,131.53,181.73
play,7,0,572245,,,S8/G,114.46,112.45
play,7,0,572803,,,NP
sub,592540,Justin Mazur,1,0,1
play,7,0,572803,,,4/P,144.58,174.70
play,7,1,573001,,,63/G,111.45,168.67
play,7,1,571461,,,63/G,109.44,168.67
play,7,1,594918,,,K
play,8,0,543848,,,D7/L,51.20,108.43
play,8,0,501531,,,S8/G.2-3,116.47,121.49
play,8,0,516653,,,53/G.1-2,105.42,180.72
play,8,0,595472,,,K23
play,8,0,594785,,,E3.2-H;3-H,136.55,185.74
play,8,0,500161,,,SB2
play,8,0,500161,,,K
play,8,1,524188,,,8/F,126.51,95.38
play,8,1,542503,,,43/G,143.57,176.71
play,8,1,519214,,,43/G,143.57,173.69
play,9,0,571559,,,43/G,138.55,173.69
play,9,0,572245,,,5/P,104.42,175.70
play,9,0,572803,,,W
play,9,0,543848,,,FC5/G.1X2(54),102.41,172.69
play,9,1,543454,,,NP
sub,504322,Sam Taveras,0,0,1
play,9,1,543454,,,K
play,9,1,542371,,,K
play,9,1,573183,,,W
play,9,1,573001,,,HP.1-2
play,9,1,571461,,,K
id,BurAPP201006300
info,visteam,BluAPP
info,hometeam,BurAPP
info,date,2010/06/30
start,572932,Kyle Hoppy,0,1,7
start,525988,Moises Ciriaco,0,2,4
start,572245,Brenden Webb,0,3,8
start,594934,Michael Mosby,0,4,5
start,543848,Corey Thomas,0,5,3
start,501531,Luis Ramirez,0,6,9
start,595611,Riley Hornback,0,7,2
start,573220,Joseph Velleggia,0,8,10
start,595041,Vincent Zazueta,0,9,6
start,571458,David Baker,0,0,1
start,543454,Alex Llanos,1,1,8
start,542371,Luis Piterson,1,2,4
start,573183,Ryan Stovall,1,3,3
start,573001,Gabe MacDougall,1,4,7
start,571461,Geoffrey Baldwin,1,5,10
start,594918,Alex McClure,1,6,6
start,524188,Yunior Figueroa,1,7,5
start,596306,Ryan Jenkins,1,8,2
start,519214,Derek Rodriguez,1,9,9
start,534508,Willian Avinazar,1,0,1
play,1,0,572932,,,K
play,1,0,525988,,,HP
play,1,0,572245,,,S7/L.1-2,75.30,103.41
play,1,0,594934,,,K
play,1,0,543848,,,W.1-2;2-3
play,1,0,501531,,,3/G,140.56,180.72
play,1,1,543454,,,53/G,112.45,170.68
play,1,1,542371,,,3/P,152.61,164.66
play,1,1,573183,,,53/G,108.43,165.66
play,2,0,595611,,,43/G,130.52,148.59
play,2,0,573220,,,K
play,2,0,595041,,,K
play,2,1,573001,,,3/L,147.59,165.66
play,2,1,571461,,,K
play,2,1,594918,,,63/G,116.47,161.65
play,3,0,572932,,,43/G,140.56,159.64
play,3,0,525988,,,63/G,117.47,150.60
play,3,0,572245,,,K
play,3,1,524188,,,53/G,98.39,171.69
play,3,1,596306,,,D7/L,48.19,107.43
play,3,1,519214,,,W
play,3,1,543454,,,W.1-2;2-3
play,3,1,542371,,,HR/F.1-H;2-H;3-H,49.20,52.21
play,3,1,573183,,,2/PF,105.42,202.81
play,3,1,573001,,,53/G,110.44,168.67
play,4,0,594934,,,4/P,140.56,159.64
play,4,0,543848,,,E5,100.40,176.71
play,4,0,501531,,,S9/F.1-2,151.61,94.38
play,4,0,595611,,,HP.1-2;2-3
play,4,0,573220,,,9/SF.2-3;3-H,193.78,97.39
play,4,0,595041,,,K
play,4,1,571461,,,31/G,162.65,173.69
play,4,1,594918,,,63/G,104.42,157.63
play,4,1,524188,,,31/G,149.60,166.67
play,5,0,572932,,,5/L,105.42,167.67
play,5,0,525988,,,W
play,5,0,572245,,,FC4/G.1X2(46);B-2(E6/TH),139.56,152.61
play,5,0,594934,,,K
play,5,1,596306,,,NP
sub,572000,Michael Ohlman,0,7,2
play,5,1,596306,,,63/G,116.47,158.63
play,5,1,519214,,,S9/F,159.64,77.31
play,5,1,543454,,,S9/F.1-3,170.68,91.37
play,5,1,542371,,,SBH;SB2
play,5,1,542371,,,S9/F.2-H,147.59,86.35
play,5,1,573183,,,NP
sub,457724,Pat McCrory,0,0,1
play,5,1,573183,,,BK.1-2
play,5,1,573183,,,S8/F.2-H,116.47,84.34
play,5,1,573001,,,K
play,5,1,571461,,,W.1-2
play,5,1,594918,,,S6/G.1-2;2-3,114.46,155.62
play,5,1,524188,,,9/F,165.66,94.38
play,6,0,543848,,,NP
sub,573256,Josh Worrell,1,0,1
play,6,0,543848,,,5/L,107.43,166.67
play,6,0,501531,,,6/L,112.45,153.61
play,6,0,572000,,,43/G,144.58,150.60
play,6,1,596306,,,NP
sub,575248,Andrew Huebner,0,0,1
play,6,1,596306,,,4/P,128.51,148.59
play,6,1,519214,,,7/F,50.20,108.43
play,6,1,543454,,,K
play,7,0,573220,,,7/F,62.25,100.40
play,7,0,595041,,,9/F,159.64,88.35
play,7,0,572932,,,63/G,115.46,154.62
play,7,1,542371,,,31/G,153.61,164.66
play,7,1,573183,,,S7/F,64.26,93.37
play,7,1,573001,,,K
play,7,1,571461,,,53/G,94.38,162.65
play,8,0,525988,,,NP
sub,594776,Chas Byrne,1,0,1
play,8,0,525988,,,31/G,140.56,162.65
play,8,0,572245,,,K
play,8,0,594934,,,43/G,133.53,156.63
play,8,1,594918,,,NP
sub,595315,Steven Mazur,0,0,1
play,8,1,594918,,,S8/F,100.40,81.33
play,8,1,524188,,,7/F,65.26,94.38
play,8,1,596306,,,7/L,77.31,91.37
play,8,1,519214,,,63/G,110.44,148.59
play,9,0,543848,,,HR/F,209.84,64.26
play,9,0,501531,,,63/G,103.41,158.63
play,9,0,572000,,,K
play,9,0,573220,,,K
id,BurAPP201007040
info,visteam,EliAPP
info,hometeam,BurAPP
info,date,2010/07/04
start,594849,Jamaal Hawkins,0,1,4
start,594973,Lance Ray,0,2,9
start,542455,Oswaldo Arcia,0,3,8
start,571861,Kyle Knudson,0,4,10
start,543611,Daniel Ortiz,0,5,7
start,594896,Andy Leer,0,6,6
start,592184,Brian Burke,0,7,3
start,516612,Jhonatan Arias,0,8,2
start,475774,Gunner Glad,0,9,5
start,594951,Ryan O'Rourke,0,0,1
start,543454,Alex Llanos,1,1,8
start,542371,Luis Piterson,1,2,4
start,573183,Ryan Stovall,1,3,3
start,573001,Gabe MacDougall,1,4,7
start,524188,Yunior Figueroa,1,5,5
start,594918,Alex McClure,1,6,6
start,596306,Ryan Jenkins,1,7,2
start,542502,Adrian Martinez,1,8,10
start,519214,Derek Rodriguez,1,9,9
start,571709,Michael Giovenco,1,0,1
play,1,0,594849,,,K
play,1,0,594973,,,K
play,1,0,542455,,,S8/F,117.47,98.39
play,1,0,571861,,,FC6/G.1X2(64),110.44,164.66
play,1,1,543454,,,S8/F,126.51,100.40
play,1,1,542371,,,S7/G.1-2,84.34,126.51
play,1,1,573183,,,SB3;SB2
play,1,1,573183,,,53/G.2-3;3-H,107.43,177.71
play,1,1,573001,,,5/L,108.43,186.75
play,1,1,524188,,,8/F,126.51,92.37
play,2,0,543611,,,4/P,137.55,170.68
play,2,0,594896,,,7/F,71.29,101.41
play,2,0,592184,,,D7/F,36.14,114.46
play,2,0,516612,,,7/F,88.35,104.42
play,2,1,594918,,,7/F,66.27,113.45
play,2,1,596306,,,63/G,116.47,178.71
play,2,1,542502,,,63/G,114.46,167.67
play,3,0,475774,,,K
play,3,0,594849,,,43/G,139.56,169.68
play,3,0,594973,,,8/F,125.50,82.33
play,3,1,519214,,,K
play,3,1,543454,,,S8/G,130.52,109.44
play,3,1,542371,,,SB2
play,3,1,542371,,,SB3
play,3,1,542371,,,2/PF,133.53,225.90
play,3,1,573183,,,43/G,134.54,176.71
play,4,0,542455,,,E4,137.55,165.66
play,4,0,571861,,,SB2
play,4,0,571861,,,E5.2-3,95.38,174.70
play,4,0,543611,,,7/SF.3-H,66.27,123.49
play,4,0,594896,,,K
play,4,0,592184,,,K
play,4,1,573001,,,9/F,179.72,111.45
play,4,1,524188,,,13/G,122.49,183.73
play,4,1,594918,,,K
play,5,0,516612,,,7/F,75.30,124.50
play,5,0,475774,,,S8/F,134.54,101.41
play,5,0,594849,,,BK.1-2
play,5,0,594849,,,K23
play,5,0,594973,,,31/G,157.63,178.71
play,5,1,596306,,,53/G,104.42,184.74
play,5,1,542502,,,K
play,5,1,519214,,,53/G,107.43,176.71
play,6,0,542455,,,K
play,6,0,571861,,,K23
play,6,0,543611,,,43/G,137.55,170.68
play,6,1,543454,,,K
play,6,1,542371,,,63/G,114.46,172.69
play,6,1,573183,,,63/G,111.45,166.67
play,7,0,594896,,,NP
sub,573256,Josh Worrell,1,0,1
play,7,0,594896,,,S8/F,126.51,97.39
play,7,0,592184,,,WP.1-2
play,7,0,592184,,,HP
play,7,0,516612,,,54/SH.1-2;2-3,116.47,201.81
play,7,0,475774,,,9/F,172.69,119.48
play,7,0,594849,,,K
play,7,1,573001,,,S7/G,81.33,124.50
play,7,1,524188,,,64(1)3/GDP/G6,116.47,170.68
play,7,1,594918,,,HP
play,7,1,596306,,,FC6/G.1X2(64),113.45,173.69
play,8,0,594973,,,NP
sub,572708,Claudio Bavera,1,0,1
play,8,0,594973,,,43/G,139.56,170.68
play,8,0,542455,,,S8/G,119.48,106.43
play,8,0,571861,,,POCS2(134)
play,8,0,571861,,,63/G,112.45,167.67
play,8,1,542502,,,NP
sub,493556,David Gutierrez,0,0,1
play,8,1,542502,,,S5/G,95.38,178.71
play,8,1,519214,,,13/SH.1-2,128.51,194.78
play,8,1,543454,,,63/G.2-3,113.45,167.67
play,8,1,542371,,,K
play,9,0,543611,,,8/F,125.50,71.29
play,9,0,594896,,,43/G,138.55,163.65
play,9,0,592184,,,53/G,104.42,182.73
play,9,1,573183,,,S6/G,111.45,164.66
play,9,1,573001,,,2/PF,123.49,230.92
play,9,1,524188,,,D7/L.1-H,40.16,119.48
id,BurAPP201007050
info,visteam,EliAPP
info,hometeam,BurAPP
info,date,2010/07/05
start,594849,Jamaal Hawkins,0,1,6
start,594973,Lance Ray,0,2,9
start,542455,Oswaldo Arcia,0,3,8
start,571861,Kyle Knudson,0,4,10
start,543611,Daniel Ortiz,0,5,7
start,594896,Andy Leer,0,6,5
start,592184,Brian Burke,0,7,3
start,516612,Jhonatan Arias,0,8,2
start,527033,Hyeong-rok Choi,0,9,4
start,516614,Manuel Soliman,0,0,1
start,543454,Alex Llanos,1,1,8
start,542371,Luis Piterson,1,2,4
start,573183,Ryan Stovall,1,3,3
start,573001,Gabe MacDougall,1,4,7
start,524188,Yunior Figueroa,1,5,10
start,594918,Alex McClure,1,6,6
start,596306,Ryan Jenkins,1,7,2
start,542502,Adrian Martinez,1,8,5
start,579009,Reggie Taylor,1,9,9
start,534508,Willian Avinazar,1,0,1
play,1,0,594849,,,63/G,105.42,180.72
play,1,0,594973,,,K
play,1,0,542455,,,7/F,77.31,112.45
play,1,1,543454,,,K
play,1,1,542371,,,HP
play,1,1,573183,,,W.1-2
play,1,1,573001,,,K
play,1,1,524188,,,K
play,2,0,571861,,,HR/F,25.10,54.22
play,2,0,543611,,,S8/G,114.46,109.44
play,2,0,placeholder,,,PO1(?3)
play,2,0,594896,,,8/F,112.45,89.36
play,2,0,592184,,,9/F,172.69,110.44
play,2,1,594918,,,53/G,103.41,181.73
play,2,1,596306,,,K
play,2,1,542502,,,3/PF,138.55,204.82
play,3,0,516612,,,53/G,113.45,182.73
play,3,0,527033,,,63/G,112.45,175.70
play,3,0,594849,,,4/P,140.56,154.62
play,3,1,579009,,,K
play,3,1,543454,,,K
play,3,1,542371,,,K
play,4,0,594973,,,7/F,82.33,92.37
play,4,0,542455,,,K
play,4,0,571861,,,53/G,99.40,179.72
play,4,1,573183,,,43/G,137.55,178.71
play,4,1,573001,,,S4/G,134.54,174.70
play,4,1,524188,,,S8/F.1-2,138.55,103.41
play,4,1,594918,,,S9/G.1-3;2-H,175.70,120.48
play,4,1,596306,,,D9/F.1-H;3-H,195.78,100.40
play,4,1,542502,,,43/G.2-3,134.54,180.72
play,4,1,579009,,,S8/F.3-H,124.50,107.43
play,4,1,543454,,,SB2;1-3(E2)(E2/TH)
play,4,1,543454,,,D8/F.3-H,103.00,152.83
play,4,1,542371,,,3/PF,157.63,191.77
play,5,0,543611,,,9/F,177.71,105.42
play,5,0,594896,,,3/PF,148.59,197.79
play,5,0,592184,,,K
play,5,1,573183,,,53/G,104.42,182.73
play,5,1,573001,,,HP
play,5,1,524188,,,3/G.1-2,154.62,182.73
play,5,1,594918,,,63/G,111.45,170.68
play,6,0,516612,,,W
play,6,0,527033,,,K
play,6,0,594849,,,D7/G.1-3,64.26,123.49
play,6,0,594973,,,7/F,78.31,107.43
play,6,0,542455,,,43/G,138.55,170.68
play,6,1,596306,,,NP
sub,572155,Sam Spangler,0,0,1
play,6,1,596306,,,HR/F,67.27,52.21
play,6,1,542502,,,D8/F,148.59,75.30
play,6,1,579009,,,K
play,6,1,543454,,,S7/G.2-H,64.26,107.43
play,6,1,542371,,,6(B)63(1)/LDP,103.41,175.70
play,7,0,571861,,,NP
sub,572026,Robert Penny,1,0,1
play,7,0,571861,,,53/G,100.40,183.73
play,7,0,543611,,,8/F,125.50,96.39
play,7,0,594896,,,9/F,155.62,115.46
play,7,1,573183,,,D9/L,176.71,93.37
play,7,1,573001,,,K23
play,7,1,524188,,,63/G.2-3,113.45,176.71
play,7,1,594918,,,13/G,131.53,188.76
play,8,0,592184,,,K
play,8,0,516612,,,4/P,127.51,168.67
play,8,0,527033,,,K
play,8,1,596306,,,NP
sub,501717,Jean Mijares,0,0,1
play,8,1,596306,,,4/P,149.60,167.67
play,8,1,542502,,,W
play,8,1,579009,,,64(1)3/GDP/G6,108.43,172.69
play,9,0,594849,,,43/G,121.49,172.69
play,9,0,594973,,,S8/G,121.49,100.40
play,9,0,542455,,,W.1-2
play,9,0,571861,,,6(1)3/G6/GDP,112.45,177.71
id,BurAPP201007060
info,visteam,EliAPP
info,hometeam,BurAPP
info,date,2010/07/06
start,542454,Daniel Santana,0,1,6
start,594973,Lance Ray,0,2,3
start,542455,Oswaldo Arcia,0,3,8
start,571861,Kyle Knudson,0,4,10
start,543611,Daniel Ortiz,0,5,7
start,594896,Andy Leer,0,6,5
start,475774,Gunner Glad,0,7,9
start,571972,Buddy Munroe,0,8,2
start,594849,Jamaal Hawkins,0,9,4
start,517372,Martire Garcia,0,0,1
start,543454,Alex Llanos,1,1,8
start,542371,Luis Piterson,1,2,4
start,573183,Ryan Stovall,1,3,10
start,571461,Geoffrey Baldwin,1,4,3
start,594918,Alex McClure,1,5,6
start,542502,Adrian Martinez,1,6,5
start,579009,Reggie Taylor,1,7,7
start,542503,Edul Escobar,1,8,2
start,519214,Derek Rodriguez,1,9,9
start,594801,Jonathan Dooley,1,0,1
play,1,0,542454,,,W
play,1,0,594973,,,BK.1-2
play,1,0,594973,,,S7/G.2-3,95.38,131.53
play,1,0,542455,,,3/G.1-2;3-H,124.50,186.75
play,1,0,571861,,,53/G,93.37,175.70
play,1,0,543611,,,E5/TH.2-H;B-2,103.41,180.72
play,1,0,594896,,,K
play,1,1,543454,,,W
play,1,1,542371,,,W.1-2
play,1,1,573183,,,S6/G.1-2;2-3,110.44,175.70
play,1,1,571461,,,8/SF.3-H,125.50,92.37
play,1,1,594918,,,K
play,1,1,542502,,,WP.1-2;2-3
play,1,1,542502,,,K
play,2,0,475774,,,4/P,150.60,171.69
play,2,0,571972,,,63/G,115.46,172.69
play,2,0,594849,,,S4/G,143.57,174.70
play,2,0,542454,,,SB2
play,2,0,542454,,,S4/G.2-3,127.51,174.70
play,2,0,594973,,,SB2
play,2,0,594973,,,43/G,134.54,173.69
play,2,1,579009,,,S7/G,76.31,149.60
play,2,1,542503,,,63/G.1-2,111.45,176.71
play,2,1,519214,,,W
play,2,1,543454,,,D9/F.1-3;2-H,172.69,130.52
play,2,1,542371,,,FC5.2-3;3XH(52),104.42,184.74
play,2,1,573183,,,K
play,3,0,542455,,,7/F,68.27,119.48
play,3,0,571861,,,K
play,3,0,543611,,,43/G,140.56,178.71
play,3,1,571461,,,W
play,3,1,594918,,,8/F,143.57,96.39
play,3,1,542502,,,13/G.1-2,122.49,195.78
play,3,1,579009,,,63/G,122.49,168.67
play,4,0,594896,,,S8/G,120.48,129.52
play,4,0,475774,,,S8/G.1-2,86.35,131.53
play,4,0,571972,,,3/P,136.55,183.73
play,4,0,594849,,,W.1-2;2-3
play,4,0,542454,,,D8/F.1-3;2-H;3-H,98.39,81.33
play,4,0,594973,,,53/G.2-3;3-H,96.39,181.73
play,4,0,542455,,,NP
sub,592540,Justin Mazur,1,0,1
play,4,0,542455,,,HR/F.3-H,30.12,67.27
play,4,0,571861,,,9/F,184.74,133.53
play,4,1,542503,,,S8/F,136.55,98.39
play,4,1,519214,,,SH.1-2;B-1,127.51,195.78
play,4,1,543454,,,9/F.2-3,197.79,105.42
play,4,1,542371,,,PB.1-2
play,4,1,542371,,,7/F.3XH(72),84.34,135.54
play,5,0,543611,,,T8/F,118.47,83.33
play,5,0,594896,,,D7/F.3-H,37.15,122.49
play,5,0,475774,,,W
play,5,0,571972,,,K
play,5,0,594849,,,2/PF,20.08,186.75
play,5,0,542454,,,K
play,5,1,573183,,,D8/F,96.39,97.39
play,5,1,571461,,,K
play,5,1,594918,,,D8/F.2-H,103.41,96.39
play,5,1,542502,,,NP
sub,573624,Zach See,0,0,1
play,5,1,542502,,,63/G,112.45,168.67
play,5,1,579009,,,63/G,121.49,166.67
play,6,0,594973,,,NP
sub,596306,Ryan Jenkins,1,8,2
play,6,0,594973,,,K23
play,6,0,542455,,,HR/F,205.82,62.25
play,6,0,571861,,,4/P,143.57,171.69
play,6,0,543611,,,9/F,163.65,134.54
play,6,1,596306,,,63/G,116.47,171.69
play,6,1,519214,,,31/G,149.60,179.72
play,6,1,543454,,,63/G,113.45,165.66
play,7,0,594896,,,NP
sub,595300,Cole Lohden,1,0,1
play,7,0,594896,,,4/P,146.59,154.62
play,7,0,475774,,,7/F,75.30,125.50
play,7,0,571972,,,HR/F,148.59,36.14
play,7,0,594849,,,4/P,148.59,162.65
play,7,1,542371,,,13/G,131.53,189.76
play,7,1,573183,,,S8/F,153.61,99.40
play,7,1,571461,,,K
play,7,1,594918,,,S7/F.1-2,71.29,122.49
play,7,1,542502,,,W.1-2;2-3
play,7,1,579009,,,9/F,177.71,123.49
play,8,0,542454,,,S7/F,90.36,139.56
play,8,0,594973,,,8/F,87.35,113.45
play,8,0,542455,,,FC3/G.1X2(36);B-1,136.55,172.69
play,8,0,571861,,,9/F,144.58,123.49
play,8,1,596306,,,NP
sub,518701,Nelvin Fuentes,0,0,1
play,8,1,596306,,,W
play,8,1,519214,,,K
play,8,1,543454,,,K
play,8,1,542371,,,K
play,9,0,543611,,,NP
sub,502719,J. Leaper,1,0,1
play,9,0,543611,,,8/F,129.52,99.40
play,9,0,594896,,,63/G,106.43,163.65
play,9,0,475774,,,W
play,9,0,571972,,,K
play,9,1,573183,,,K
play,9,1,571461,,,8/F,131.53,101.41
play,9,1,594918,,,7/F,62.25,121.49
id,BurAPP201007100
info,visteam,PriAPP
info,hometeam,BurAPP
info,date,2010/07/10
start,595281,Kevin Kiermaier,0,1,8
start,571711,Todd Glaesmann,0,2,10
start,581660,Scott Lawson,0,3,3
start,572853,Bryan Fogle,0,4,7
start,501675,Ruben Contreras,0,5,9
start,541660,Alejandro Segovia,0,6,2
start,553889,Hector Guevara,0,7,4
start,541653,Felix Gonzalez,0,8,6
start,596335,Brian Harris,0,9,5
start,542311,Eliazer Suero,0,0,1
start,519214,Derek Rodriguez,1,1,8
start,542371,Luis Piterson,1,2,4
start,596306,Ryan Jenkins,1,3,10
start,573001,Gabe MacDougall,1,4,7
start,571461,Geoffrey Baldwin,1,5,3
start,572935,Anthony Howard,1,6,9
start,594918,Alex McClure,1,7,6
start,524188,Yunior Figueroa,1,8,5
start,542503,Edul Escobar,1,9,2
start,534508,Willian Avinazar,1,0,1
play,1,0,595281,,,43/G,146.59,175.70
play,1,0,571711,,,9/F,164.66,93.37
play,1,0,581660,,,13/G,117.47,192.77
play,1,1,519214,,,43/G,132.53,160.64
play,1,1,542371,,,K
play,1,1,596306,,,D9/F,149.60,119.48
play,1,1,573001,,,9/F,189.76,101.41
play,2,0,572853,,,K
play,2,0,501675,,,63/G,118.47,174.70
play,2,0,541660,,,43/G,139.56,166.67
play,2,1,571461,,,2/PF,120.48,213.86
play,2,1,572935,,,8/F,102.41,96.39
play,2,1,594918,,,43/G,139.56,171.69
play,3,0,553889,,,8/F,106.43,77.31
play,3,0,541653,,,K
play,3,0,596335,,,S8/F,108.43,119.48
play,3,0,595281,,,W.1-2
play,3,0,571711,,,53/G,106.43,176.71
play,3,1,524188,,,63/G,94.38,169.68
play,3,1,542503,,,S7/L,87.35,161.65
play,3,1,519214,,,53/G.1-2,113.45,183.73
play,3,1,542371,,,63/G,108.43,170.68
play,4,0,581660,,,8/F,123.49,85.34
play,4,0,572853,,,K
play,4,0,501675,,,D9/F,141.57,123.49
play,4,0,541660,,,S8/F.2-H,111.45,139.56
play,4,0,553889,,,53/G,99.40,170.68
play,4,1,596306,,,43/G,147.59,175.70
play,4,1,573001,,,HP
play,4,1,571461,,,K+CS2
play,5,0,541653,,,S3/BG,141.57,166.67
play,5,0,596335,,,CS2
play,5,0,596335,,,K
play,5,0,595281,,,3/G,140.56,176.71
play,5,1,572935,,,7/F,67.27,101.41
play,5,1,594918,,,K
play,5,1,524188,,,3/G,148.59,186.75
play,6,0,571711,,,53/G,108.43,176.71
play,6,0,581660,,,9/F,196.79,110.44
play,6,0,572853,,,3/PF,156.63,192.77
play,6,1,542503,,,63/G,111.45,169.68
play,6,1,519214,,,63/G,98.39,183.73
play,6,1,542371,,,D7/L,47.19,124.50
play,6,1,596306,,,4/P,137.55,174.70
play,7,0,501675,,,3/L,145.58,173.69
play,7,0,541660,,,K23
play,7,0,553889,,,K
play,7,1,573001,,,NP
sub,592434,George Jensen,0,0,1
play,7,1,573001,,,HR/F,196.79,61.24
play,7,1,571461,,,S8/G,119.48,130.52
play,7,1,572935,,,OA.1X2(26)
play,7,1,572935,,,T9/L,174.70,113.45
play,7,1,594918,,,9/SF.3-H,167.67,110.44
play,7,1,524188,,,S7/G.B-2(E7),105.42,140.56
play,7,1,542503,,,S6/G.2-3,107.43,176.71
play,7,1,519214,,,D9/F.1-3;3-H,187.75,107.43
play,7,1,542371,,,8/F,131.53,64.26
play,8,0,541653,,,NP
sub,592540,Justin Mazur,1,0,1
play,8,0,541653,,,K
play,8,0,596335,,,W
play,8,0,595281,,,FC5/G.1X2(54);B-1,114.46,179.72
play,8,0,571711,,,W.1-2
play,8,0,581660,,,T8/F.1-H;2-H,116.47,75.30
play,8,0,572853,,,W
play,8,0,501675,,,NP
sub,572708,Claudio Bavera,1,0,1
play,8,0,501675,,,K
play,8,1,596306,,,K
play,8,1,573001,,,K
play,8,1,571461,,,8/F,129.52,72.29
play,9,0,541660,,,13/G,122.49,182.73
play,9,0,553889,,,W
play,9,0,541653,,,46(1)3/GDP/G4,139.56,168.67
play,9,1,572935,,,6/L,111.45,171.69
play,9,1,594918,,,K
play,9,1,524188,,,8/F,123.49,86.35
play,10,0,596335,,,K23
play,10,0,595281,,,W
play,10,0,571711,,,43/G.1-2,146.59,171.69
play,10,0,581660,,,43/G,135.54,169.68
play,10,1,542503,,,NP
sub,595263,Mickey Jannis,0,0,1
play,10,1,542503,,,W
play,10,1,519214,,,FC5/G.1X2(56);B-1,103.41,175.70
play,10,1,542371,,,S8/G.1-3,128.51,122.49
play,10,1,596306,,,SB2
play,10,1,596306,,,53/G,101.41,170.68
play,10,1,573001,,,IW
play,10,1,571461,,,K
play,11,0,572853,,,NP
sub,517028,Cesar Guillen,0,4,11
play,11,0,517028,,,K
play,11,0,501675,,,S9/L,107.43,142.57
play,11,0,541660,,,SB2
play,11,0,541660,,,S7/F.2-H,88.35,142.57
play,11,0,553889,,,NP
sub,573256,Josh Worrell,1,0,1
play,11,0,553889,,,FC5/G.1X2(54);B-1,111.45,179.72
play,11,0,541653,,,SB2
play,11,0,541653,,,S9/G.2XH,147.59,150.60
play,11,1,572935,,,NP
sub,517028,Cesar Guillen,0,4,7
play,11,1,572935,,,5/P,88.35,174.70
play,11,1,594918,,,W
play,11,1,524188,,,64(1)3/GDP/G6,113.45,170.68
id,BurAPP201007110
info,visteam,PriAPP
info,hometeam,BurAPP
info,date,2010/07/11
start,595281,Kevin Kiermaier,0,1,8
start,517028,Cesar Guillen,0,2,9
start,581660,Scott Lawson,0,3,5
start,572874,Geno Glynn,0,4,10
start,501675,Ruben Contreras,0,5,7
start,517021,Gerardo Olivares,0,6,2
start,541653,Felix Gonzalez,0,7,6
start,545349,Jeff Malm,0,8,3
start,596335,Brian Harris,0,9,4
start,572015,Jacob Partridge,0,0,1
start,543454,Alex Llanos,1,1,8
start,542371,Luis Piterson,1,2,4
start,596306,Ryan Jenkins,1,3,10
start,573001,Gabe MacDougall,1,4,7
start,571461,Geoffrey Baldwin,1,5,3
start,594918,Alex McClure,1,6,6
start,524188,Yunior Figueroa,1,7,5
start,542503,Edul Escobar,1,8,2
start,519214,Derek Rodriguez,1,9,9
start,594801,Jonathan Dooley,1,0,1
play,1,0,595281,,,43/G,154.62,165.66
play,1,0,517028,,,43/G,135.54,174.70
play,1,0,581660,,,K
play,1,1,543454,,,K
play,1,1,542371,,,8/F,120.48,99.40
play,1,1,596306,,,53/G,107.43,176.71
play,2,0,572874,,,K
play,2,0,501675,,,S8/L,123.49,138.55
play,2,0,517021,,,54(1)3/GDP/G5,106.43,171.69
play,2,1,573001,,,S9/F,162.65,140.56
play,2,1,571461,,,BK.1-2
play,2,1,571461,,,K
play,2,1,594918,,,S6/G.2-H;B-2,110.44,166.67
play,2,1,524188,,,63/G,123.49,177.71
play,2,1,542503,,,3/P,138.55,180.72
play,3,0,placeholder,,,NP
sub,542502,Adrian Martinez,1,7,5
play,3,0,541653,,,43/G,140.56,167.67
play,3,0,545349,,,S9/L,135.54,131.53
play,3,0,596335,,,WP.1-2
play,3,0,596335,,,S7/G.2-3,75.30,130.52
play,3,0,595281,,,CS2
play,3,0,595281,,,7/F,60.24,130.52
play,3,1,519214,,,S8/G,143.57,156.63
play,3,1,543454,,,PO1(?3)
play,3,1,543454,,,K
play,3,1,542371,,,D7/F,63.25,101.41
play,3,1,596306,,,S9/G.2-H,162.65,142.57
play,3,1,573001,,,PO1(?3)
play,4,0,517028,,,K
play,4,0,581660,,,3/G,145.58,176.71
play,4,0,572874,,,D9/L,176.71,117.47
play,4,0,501675,,,8/F,119.48,93.37
play,4,1,573001,,,HP
play,4,1,571461,,,1/BP,122.49,182.73
play,4,1,594918,,,9/F,162.65,132.53
play,4,1,542502,,,SB2
play,4,1,542502,,,63/G,109.44,180.72
play,5,0,517021,,,63/G,105.42,175.70
play,5,0,541653,,,K.B-1(E)
play,5,0,545349,,,E4.1-2,110.44,175.70
play,5,0,596335,,,53/G.1-2;2-3,99.40,170.68
play,5,0,595281,,,43/G,144.58,167.67
play,5,1,542503,,,W
play,5,1,519214,,,8/F,118.47,82.33
play,5,1,543454,,,9/F,140.56,111.45
play,5,1,542371,,,NP
sub,517014,Victor Mateo,0,0,1
play,5,1,542371,,,K
play,6,0,517028,,,NP
sub,594776,Chas Byrne,1,0,1
play,6,0,517028,,,K
play,6,0,581660,,,3/G,140.56,181.73
play,6,0,572874,,,43/G,143.57,155.62
play,6,1,596306,,,7/F,73.29,102.41
play,6,1,573001,,,E3/TH,143.57,180.72
play,6,1,571461,,,W.1-2
play,6,1,594918,,,S6/G.1-2;2-3,89.36,175.70
play,6,1,542502,,,FC5/G.1-2;2-3;3XH(52);B-1,110.44,180.72
play,6,1,542503,,,FC6/G.1X2(64),104.42,170.68
play,7,0,501675,,,S8/L,131.53,130.52
play,7,0,517021,,,K
play,7,0,541653,,,SB2
play,7,0,541653,,,W
play,7,0,545349,,,64(1)3/GDP/G6,111.45,172.69
play,7,1,519214,,,7/F,47.19,110.44
play,7,1,543454,,,13/G,125.50,185.74
play,7,1,542371,,,K
play,8,0,596335,,,S9/L,176.71,134.54
play,8,0,595281,,,9/F,184.74,102.41
play,8,0,517028,,,6(1)3/G6/GDP,129.52,170.68
play,8,1,596306,,,9/F,173.69,116.47
play,8,1,573001,,,3/PF,151.61,190.76
play,8,1,571461,,,13/G,127.51,182.73
play,9,0,581660,,,K
play,9,0,572874,,,K
play,9,0,501675,,,5/P,107.43,172.69
id,BurAPP201007120
info,visteam,PriAPP
info,hometeam,BurAPP
info,date,2010/07/12
start,595281,Kevin Kiermaier,0,1,8
start,571711,Todd Glaesmann,0,2,9
start,581660,Scott Lawson,0,3,5
start,501675,Ruben Contreras,0,4,10
start,517021,Gerardo Olivares,0,5,2
start,553889,Hector Guevara,0,6,4
start,517028,Cesar Guillen,0,7,7
start,545349,Jeff Malm,0,8,3
start,596335,Brian Harris,0,9,6
start,544836,Enny Romero,0,0,1
start,543454,Alex Llanos,1,1,8
start,542371,Luis Piterson,1,2,4
start,596306,Ryan Jenkins,1,3,2
start,573001,Gabe MacDougall,1,4,7
start,571461,Geoffrey Baldwin,1,5,3
start,572935,Anthony Howard,1,6,9
start,594918,Alex McClure,1,7,6
start,542502,Adrian Martinez,1,8,5
start,519214,Derek Rodriguez,1,9,10
start,572137,Crawford Simmons,1,0,1
play,1,0,595281,,,D9/L,186.75,122.49
play,1,0,571711,,,K
play,1,0,581660,,,S8/G.2-3,137.55,103.41
play,1,0,501675,,,8/SF.3-H,120.48,60.24
play,1,0,517021,,,43/G,136.55,172.69
play,1,1,543454,,,8/F,124.50,89.36
play,1,1,542371,,,13/G,128.51,189.76
play,1,1,596306,,,63/G,99.40,163.65
play,2,0,553889,,,HR/F,37.15,68.27
play,2,0,517028,,,13/G,127.51,191.77
play,2,0,545349,,,143/G1,121.49,188.76
play,2,0,596335,,,8/F,125.50,79.32
play,2,1,573001,,,3/P,148.59,179.72
play,2,1,571461,,,K
play,2,1,572935,,,K
play,3,0,595281,,,13/G,124.50,195.78
play,3,0,571711,,,8/F,108.43,80.32
play,3,0,581660,,,53/G,98.39,166.67
play,3,1,594918,,,S8/L,118.47,115.46
play,3,1,542502,,,3/G.1-2,145.58,172.69
play,3,1,519214,,,6/P,108.43,164.66
play,3,1,543454,,,K
play,4,0,501675,,,D7/F,51.20,111.45
play,4,0,517021,,,43/G.2-3,136.55,174.70
play,4,0,553889,,,WP.3-H
play,4,0,553889,,,K
play,4,0,517028,,,K
play,4,1,542371,,,63/G,108.43,167.67
play,4,1,596306,,,K
play,4,1,573001,,,D8/F,115.46,62.25
play,4,1,571461,,,K
play,5,0,545349,,,K
play,5,0,596335,,,7/F,53.21,114.46
play,5,0,595281,,,K
play,5,1,572935,,,S9/L,172.69,125.50
play,5,1,594918,,,FC5/G.1X2(54);B-1,98.39,170.68
play,5,1,542502,,,WP.1-2
play,5,1,542502,,,K+SB3
play,5,1,519214,,,S9/L.3-H,163.65,129.52
play,5,1,543454,,,S9/L.1-3,171.69,128.51
play,5,1,542371,,,53/G,97.39,167.67
play,6,0,571711,,,NP
sub,572026,Robert Penny,1,0,1
play,6,0,571711,,,63/G,103.41,170.68
play,6,0,581660,,,S8/L,117.47,105.42
play,6,0,501675,,,SB2
play,6,0,501675,,,K
play,6,0,517021,,,53/G,105.42,175.70
play,6,1,596306,,,S8/G,116.47,106.43
play,6,1,573001,,,K
play,6,1,571461,,,13/G.1-2,120.48,190.76
play,6,1,572935,,,K
play,7,0,553889,,,63/G,105.42,165.66
play,7,0,517028,,,S7/F,77.31,121.49
play,7,0,545349,,,43/G.1-2,141.57,173.69
play,7,0,596335,,,53/G,97.39,167.67
play,7,1,594918,,,NP
sub,595371,Chris Rearick,0,0,1
play,7,1,594918,,,43/G,140.56,173.69
play,7,1,542502,,,63/G,109.44,174.70
play,7,1,519214,,,S7/L,53.21,119.48
play,7,1,543454,,,WP.1-2
play,7,1,543454,,,13/G,123.49,194.78
play,8,0,595281,,,NP
sub,595300,Cole Lohden,1,0,1
play,8,0,595281,,,5/PF,82.33,179.72
play,8,0,571711,,,K
play,8,0,581660,,,W
play,8,0,501675,,,K
play,8,1,542371,,,4/L,133.53,170.68
play,8,1,596306,,,W
play,8,1,573001,,,HP.1-2
play,8,1,571461,,,K
play,8,1,572935,,,S7/L.1-2;2-3,73.29,126.51
play,8,1,594918,,,HP.1-2;2-3;3-H
play,8,1,542502,,,53/G,100.40,170.68
play,9,0,517021,,,8/F,108.43,92.37
play,9,0,553889,,,S9/F,180.72,130.52
play,9,0,517028,,,54(1)3/GDP/G5,103.41,172.69
play,9,1,519214,,,S7/L,70.28,126.51
play,9,1,543454,,,NP
sub,592176,Wade Broyles,0,0,1
play,9,1,543454,,,T7/F.1-H,52.21,105.42
play,9,1,542371,,,53/G,106.43,176.71
play,9,1,596306,,,4/P,139.56,167.67
play,9,1,573001,,,IW
play,9,1,571461,,,DI.1-2
play,9,1,571461,,,K
play,10,0,545349,,,8/F,115.46,80.32
play,10,0,596335,,,53/G,105.42,171.69
play,10,0,595281,,,K
play,10,1,572935,,,63/G,104.42,171.69
play,10,1,594918,,,S8/L,121.49,113.45
play,10,1,542502,,,NP
sub,524188,Yunior Figueroa,1,8,11
play,10,1,524188,,,3/G.1-2,142.57,174.70
play,10,1,519214,,,S7/L.2-3,58.23,118.47
play,10,1,543454,,,DI.1-2
play,10,1,543454,,,W
play,10,1,542371,,,2/PF,117.47,221.89
play,11,0,571711,,,NP
sub,524188,Yunior Figueroa,1,8,5
play,11,0,581660,,,NP
sub,573256,Josh Worrell,1,0,1
play,11,0,571711,,,S8/L,124.50,104.42
play,11,0,581660,,,SH.1-2;B-1,139.56,179.72
play,11,0,501675,,,FC3/G.1-2;2X3(35);B-1,120.48,186.75
play,11,0,517021,,,64(1)3/GDP/G6,98.39,164.66
play,11,1,596306,,,S7/L,73.29,133.53
play,11,1,573001,,,FC4/G.1X2(46);B-1,138.55,169.68
play,11,1,571461,,,BK.1-2
play,11,1,571461,,,K
play,11,1,572935,,,S9/L.2-H,161.65,132.53
id,BurAPP201007200
info,visteam,PriAPP
info,hometeam,BurAPP
info,date,2010/07/20
start,595281,Kevin Kiermaier,0,1,9
start,571711,Todd Glaesmann,0,2,8
start,581660,Scott Lawson,0,3,5
start,572853,Bryan Fogle,0,4,10
start,517028,Cesar Guillen,0,5,7
start,517021,Gerardo Olivares,0,6,2
start,541653,Felix Gonzalez,0,7,6
start,545349,Jeff Malm,0,8,3
start,596335,Brian Harris,0,9,4
start,542316,Braulio Lara,0,0,1
start,543454,Alex Llanos,1,1,8
start,542371,Luis Piterson,1,2,4
start,573183,Ryan Stovall,1,3,5
start,596306,Ryan Jenkins,1,4,10
start,571461,Geoffrey Baldwin,1,5,3
start,573001,Gabe MacDougall,1,6,7
start,572935,Anthony Howard,1,7,9
start,594918,Alex McClure,1,8,6
start,542503,Edul Escobar,1,9,2
start,571709,Michael Giovenco,1,0,1
play,1,0,595281,,,K
play,1,0,571711,,,53/G,103.41,184.74
play,1,0,581660,,,63/G,102.41,169.68
play,1,1,543454,,,S8/G,136.55,108.43
play,1,1,542371,,,CS2
play,1,1,542371,,,9/F,200.80,106.43
play,1,1,573183,,,S7/F,79.32,124.50
play,1,1,596306,,,FC5/G.1X2(54),97.39,184.74
play,2,0,572853,,,K
play,2,0,517028,,,5/L,104.42,184.74
play,2,0,517021,,,K
play,2,1,571461,,,43/G,153.61,169.68
play,2,1,573001,,,9/F,181.73,114.46
play,2,1,572935,,,W
play,2,1,594918,,,FC5/G.1X2(54),129.52,177.71
play,3,0,541653,,,S9/F,171.69,127.51
play,3,0,545349,,,53/G.1-2,112.45,185.74
play,3,0,596335,,,K
play,3,0,595281,,,D9/G.2-H,171.69,122.49
play,3,0,571711,,,W+CS3
play,3,1,542503,,,8/F,129.52,94.38
play,3,1,543454,,,43/G,135.54,162.65
play,3,1,542371,,,9/F,171.69,119.48
play,4,0,581660,,,W
play,4,0,572853,,,D7/G.1-H,42.17,96.39
play,4,0,517028,,,W
play,4,0,517021,,,54/SH.1-2;2-3,113.45,193.78
play,4,0,541653,,,S7/G.2-3;3-H,77.31,123.49
play,4,0,545349,,,SB2.2-3(E2/TH);3-H
play,4,0,545349,,,W
play,4,0,596335,,,W.1-2
play,4,0,595281,,,NP
sub,573256,Josh Worrell,1,0,1
play,4,0,595281,,,K
play,4,0,571711,,,S8/G.1X3;2-H;3-H,128.51,99.40
play,4,1,573183,,,8/F,115.46,110.44
play,4,1,596306,,,53/G,101.41,178.71
play,4,1,571461,,,31/G,147.59,175.70
play,5,0,581660,,,5/P,93.37,178.71
play,5,0,572853,,,8/F,124.50,90.36
play,5,0,517028,,,K
play,5,1,573001,,,K
play,5,1,572935,,,HP
play,5,1,594918,,,WP.1-2
play,5,1,594918,,,WP.2-3
play,5,1,594918,,,W
play,5,1,542503,,,S9/G.1-2;3-H,178.71,123.49
play,5,1,543454,,,K
play,5,1,542371,,,FC5/G.1X2(54),110.44,181.73
play,6,0,517021,,,D7/G,55.22,90.36
play,6,0,541653,,,D7/F.2-H,59.24,107.43
play,6,0,545349,,,W
play,6,0,596335,,,S8/F.1-2;2-3,139.56,108.43
play,6,0,595281,,,NP
sub,572708,Claudio Bavera,1,0,1
play,6,0,595281,,,4(1)3/G4/GDP.2-3;3-H,139.56,169.68
play,6,0,571711,,,K
play,6,1,573183,,,NP
sub,592677,C. J. Riefenhauser,0,0,1
play,6,1,573183,,,1/PF,98.39,194.78
play,6,1,596306,,,S9/F,197.79,126.51
play,6,1,571461,,,43/G.1-2,148.59,174.70
play,6,1,573001,,,POCS3(145)
play,7,0,581660,,,NP
sub,572874,Geno Glynn,0,3,11
play,7,0,572874,,,63/G,118.47,179.72
play,7,0,572853,,,S1/G,120.48,185.74
play,7,0,517028,,,53/G.1-2,103.41,177.71
play,7,0,517021,,,8/F,117.47,91.37
play,7,1,572935,,,NP
sub,572874,Geno Glynn,0,3,5
play,7,1,594918,,,NP
sub,501675,Ruben Contreras,0,5,7
play,7,1,542503,,,NP
sub,596334,Zane Williams,0,6,2
play,7,1,573001,,,K23
play,7,1,572935,,,13/G,104.42,186.75
play,7,1,594918,,,8/F,117.47,87.35
play,8,0,placeholder,,,NP
sub,592540,Justin Mazur,1,0,1
play,8,0,541653,,,7/F,89.36,118.47
play,8,0,545349,,,W
play,8,0,596335,,,36(1)3/GDP/G3,147.59,186.75
play,8,1,542503,,,NP
sub,517014,Victor Mateo,0,0,1
play,8,1,542503,,,K
play,8,1,543454,,,E6,97.39,166.67
play,8,1,542371,,,S7/G.1-2,90.36,119.48
play,8,1,573183,,,W.1-2;2-3
play,8,1,596306,,,7/F,72.29,114.46
play,8,1,571461,,,S3/G.1-2;2-3;3-H,139.56,187.75
play,8,1,573001,,,4/P,125.50,147.59
play,9,0,595281,,,S8/F,124.50,108.43
play,9,0,571711,,,64(1)3/GDP/G6,107.43,174.70
play,9,0,572874,,,K
play,9,1,572935,,,NP
sub,596332,Garret Carruth,0,0,1
play,9,1,572935,,,43/G,145.58,166.67
play,9,1,594918,,,53/G,107.43,189.76
play,9,1,542503,,,43/G,126.51,189.76
id,BurAPP201007210
info,visteam,PriAPP
info,hometeam,BurAPP
info,date,2010/07/21
start,595281,Kevin Kiermaier,0,1,8
start,571711,Todd Glaesmann,0,2,9
start,581660,Scott Lawson,0,3,5
start,501675,Ruben Contreras,0,4,10
start,517021,Gerardo Olivares,0,5,2
start,553889,Hector Guevara,0,6,4
start,572874,Geno Glynn,0,7,3
start,541653,Felix Gonzalez,0,8,6
start,517028,Cesar Guillen,0,9,7
start,542311,Eliazer Suero,0,0,1
start,543454,Alex Llanos,1,1,8
start,542371,Luis Piterson,1,2,4
start,573183,Ryan Stovall,1,3,10
start,571461,Geoffrey Baldwin,1,4,3
start,572935,Anthony Howard,1,5,9
start,594918,Alex McClure,1,6,6
start,524188,Yunior Figueroa,1,7,5
start,542503,Edul Escobar,1,8,2
start,519214,Derek Rodriguez,1,9,7
start,534508,Willian Avinazar,1,0,1
play,1,0,595281,,,8/F,109.44,114.46
play,1,0,571711,,,7/F,98.39,100.40
play,1,0,581660,,,5/P,84.34,173.69
play,1,1,543454,,,9/F,151.61,106.43
play,1,1,542371,,,43/G,138.55,175.70
play,1,1,573183,,,D9/G,188.76,115.46
play,1,1,571461,,,S8/L.2-H,157.63,96.39
play,1,1,572935,,,CS2
play,2,0,501675,,,S9/F,178.71,117.47
play,2,0,517021,,,8/F,135.54,84.34
play,2,0,553889,,,CS2
play,2,0,553889,,,53/G,106.43,171.69
play,2,1,572935,,,K
play,2,1,594918,,,43/G,140.56,178.71
play,2,1,524188,,,S9/L,162.65,121.49
play,2,1,542503,,,S9/L.1-2,181.73,116.47
play,2,1,519214,,,FC6/G.1X2(64),112.45,169.68
play,3,0,572874,,,K
play,3,0,541653,,,8/F,106.43,88.35
play,3,0,517028,,,8/F,103.41,85.34
play,3,1,543454,,,23/BG,124.50,203.82
play,3,1,542371,,,3/P,143.57,175.70
play,3,1,573183,,,43/G,126.51,182.73
play,4,0,595281,,,K
play,4,0,571711,,,3/P,152.61,174.70
play,4,0,581660,,,43/G,148.59,172.69
play,4,1,571461,,,K
play,4,1,572935,,,K
play,4,1,594918,,,43/G,137.55,173.69
play,5,0,501675,,,K
play,5,0,517021,,,8/F,156.63,73.29
play,5,0,553889,,,K
play,5,1,524188,,,31/G,144.58,172.69
play,5,1,542503,,,HR/F,53.21,72.29
play,5,1,519214,,,2/G,128.51,202.81
play,5,1,543454,,,S3/P,149.60,159.64
play,5,1,542371,,,8/F,109.44,83.33
play,6,0,572874,,,K
play,6,0,541653,,,D9/F,182.73,96.39
play,6,0,517028,,,D8/F.2-H,133.53,66.27
play,6,0,595281,,,K+SB3
play,6,0,571711,,,E5.3-H;B-2(E5/TH),104.42,185.74
play,6,0,581660,,,HR/F.2-H,211.85,86.35
play,6,0,501675,,,NP
sub,502719,J. Leaper,1,0,1
play,6,0,501675,,,31/G,146.59,182.73
play,6,1,573183,,,NP
sub,592434,George Jensen,0,0,1
play,6,1,573183,,,53/G,98.39,181.73
play,6,1,571461,,,D8/F,96.39,65.26
play,6,1,572935,,,S8/L.2-H;B-2,126.51,74.30
play,6,1,594918,,,S9/L.2-H,171.69,112.45
play,6,1,524188,,,S9/L.1-3,167.67,109.44
play,6,1,542503,,,FC5/G.1X2(54);3-H;B-1,108.43,178.71
play,6,1,519214,,,13/G,138.55,190.76
play,7,0,517021,,,9/F,163.65,111.45
play,7,0,553889,,,9/F,182.73,121.49
play,7,0,572874,,,W
play,7,0,541653,,,CS2
play,7,1,543454,,,K23
play,7,1,542371,,,53/G,110.44,181.73
play,7,1,573183,,,S8/L,132.53,102.41
play,7,1,571461,,,K
play,8,0,517028,,,NP
sub,594776,Chas Byrne,1,0,1
play,8,0,541653,,,8/F,117.47,88.35
play,8,0,517028,,,S9/L,165.66,131.53
play,8,0,595281,,,K+SB2
play,8,0,571711,,,WP.2-3
play,8,0,571711,,,T9/F.3-H,198.80,91.37
play,8,0,581660,,,K
play,8,1,572935,,,43/G,143.57,173.69
play,8,1,594918,,,K
play,8,1,524188,,,3/L,140.56,176.71
play,9,0,501675,,,53/G,111.45,176.71
play,9,0,517021,,,3/P,157.63,172.69
play,9,0,553889,,,S8/L,101.41,113.45
play,9,0,572874,,,WP.1-2
play,9,0,572874,,,K
play,9,1,542503,,,NP
sub,596333,Matthew Gilson,0,0,1
play,9,1,542503,,,31/G,139.56,180.72
play,9,1,519214,,,63/G,110.44,178.71
play,9,1,543454,,,43/G,138.55,172.69
play,10,0,541653,,,NP
sub,573001,Gabe MacDougall,1,1,7
play,10,0,517028,,,NP
sub,519214,Derek Rodriguez,1,9,8
play,10,0,541653,,,13/G,133.53,188.76
play,10,0,517028,,,63/G,110.44,167.67
play,10,0,595281,,,S9/L,152.61,118.47
play,10,0,571711,,,2/G(BATINT),126.51,207.83
play,10,1,542371,,,13/G,125.50,189.76
play,10,1,573183,,,D7/F,77.31,108.43
play,10,1,571461,,,K+SB3
play,10,1,572935,,,3/G,145.58,179.72
play,11,0,581660,,,NP
sub,572026,Robert Penny,1,0,1
play,11,0,581660,,,W
play,11,0,501675,,,K
play,11,0,517021,,,K+SB2
play,11,0,553889,,,SB3
play,11,0,553889,,,W
play,11,0,572874,,,DI.1-2
play,11,0,572874,,,13/G,111.45,185.74
play,11,1,594918,,,HP
play,11,1,524188,,,K
play,11,1,542503,,,6/P,101.41,168.67
play,11,1,519214,,,53/G,105.42,180.72
play,12,0,541653,,,43/G,138.55,170.68
play,12,0,517028,,,43/G,140.56,176.71
play,12,0,595281,,,63/G,103.41,169.68
play,12,1,573001,,,43/G,135.54,179.72
play,12,1,542371,,,53/G,98.39,184.74
play,12,1,573183,,,3/G,155.62,178.71
play,13,0,571711,,,W
play,13,0,581660,,,6(1)3/G6/GDP,116.47,172.69
play,13,0,501675,,,K
play,13,1,571461,,,NP
sub,543190,Bradley Furdal,0,0,1
play,13,1,571461,,,K
play,13,1,572935,,,HR/F,232.93,80.32
id,BurAPP201007220
info,visteam,PriAPP
info,hometeam,BurAPP
info,date,2010/07/22
start,595281,Kevin Kiermaier,0,1,10
start,571711,Todd Glaesmann,0,2,8
start,581660,Scott Lawson,0,3,5
start,572853,Bryan Fogle,0,4,7
start,541660,Alejandro Segovia,0,5,2
start,553889,Hector Guevara,0,6,4
start,517028,Cesar Guillen,0,7,9
start,545349,Jeff Malm,0,8,3
start,596335,Brian Harris,0,9,6
start,572015,Jacob Partridge,0,0,1
start,519214,Derek Rodriguez,1,1,8
start,594918,Alex McClure,1,2,6
start,573183,Ryan Stovall,1,3,3
start,596306,Ryan Jenkins,1,4,2
start,571683,Seth Furmanek,1,5,10
start,572935,Anthony Howard,1,6,9
start,573001,Gabe MacDougall,1,7,7
start,524188,Yunior Figueroa,1,8,5
start,542502,Adrian Martinez,1,9,4
start,594801,Jonathan Dooley,1,0,1
play,1,0,595281,,,W
play,1,0,571711,,,S6/G.1-2,110.44,166.67
play,1,0,581660,,,K
play,1,0,572853,,,SB3.2-H;SB2;1-3(E2)(E2/TH)
play,1,0,572853,,,K
play,1,0,541660,,,53/G,103.41,176.71
play,1,1,519214,,,S7/L,59.24,117.47
play,1,1,594918,,,9/F,193.78,110.44
play,1,1,573183,,,SB2
play,1,1,573183,,,W+CS3
play,1,1,placeholder,,,PO1(E?).1-2
play,1,1,596306,,,7/F,64.26,111.45
play,2,0,553889,,,53/G,104.42,182.73
play,2,0,517028,,,9/F,190.76,117.47
play,2,0,545349,,,9/F,163.65,94.38
play,2,1,571683,,,4/P,139.56,162.65
play,2,1,572935,,,K
play,2,1,573001,,,W
play,2,1,524188,,,53/G,108.43,182.73
play,3,0,596335,,,HP
play,3,0,595281,,,13/SH.1-2,128.51,203.82
play,3,0,571711,,,HP
play,3,0,581660,,,K
play,3,0,572853,,,D9/L.1-H;2-H,215.86,115.46
play,3,0,541660,,,2/PF,125.50,223.90
play,3,1,542502,,,13/BG,126.51,188.76
play,3,1,519214,,,K23
play,3,1,594918,,,S8/L,134.54,98.39
play,3,1,573183,,,13/G,126.51,196.79
play,4,0,553889,,,63/G,116.47,169.68
play,4,0,517028,,,9/F,178.71,134.54
play,4,0,545349,,,13/G,119.48,189.76
play,4,1,596306,,,W
play,4,1,571683,,,4/P,139.56,169.68
play,4,1,572935,,,K
play,4,1,573001,,,8/F,110.44,87.35
play,5,0,596335,,,53/G,99.40,185.74
play,5,0,595281,,,63/G,117.47,167.67
play,5,0,571711,,,T8/F,135.54,59.24
play,5,0,581660,,,S8/G.3-H,129.52,106.43
play,5,0,572853,,,8/F,119.48,77.31
play,5,1,524188,,,S8/L,116.47,97.39
play,5,1,542502,,,46(1)3/GDP/G4,137.55,171.69
play,5,1,519214,,,HR/F,72.29,57.23
play,5,1,594918,,,S7/L,81.33,127.51
play,5,1,573183,,,FC5/G.1X2(54),104.42,176.71
play,6,0,541660,,,NP
sub,572965,Jonathon Keck,1,0,1
play,6,0,541660,,,K
play,6,0,553889,,,K
play,6,0,517028,,,K
play,6,1,596306,,,NP
sub,592176,Wade Broyles,0,0,1
play,6,1,596306,,,7/FF,47.19,139.56
play,6,1,571683,,,4/P,132.53,168.67
play,6,1,572935,,,K
play,7,0,545349,,,2/PF,121.49,226.91
play,7,0,596335,,,K
play,7,0,595281,,,K
play,7,1,573001,,,63/G,112.45,170.68
play,7,1,524188,,,13/G,127.51,191.77
play,7,1,542502,,,53/G,101.41,184.74
play,8,0,571711,,,NP
sub,595300,Cole Lohden,1,0,1
play,8,0,571711,,,HR/F,71.29,59.24
play,8,0,581660,,,S9/L,195.78,131.53
play,8,0,572853,,,FC4/G.1X2(46);B-1,134.54,173.69
play,8,0,541660,,,S9/L.1-2,176.71,116.47
play,8,0,553889,,,8/F,118.47,94.38
play,8,0,517028,,,FC5/G.1X2(54),108.43,176.71
play,8,1,519214,,,63/G,110.44,171.69
play,8,1,594918,,,K
play,8,1,573183,,,63/G,112.45,170.68
play,9,0,545349,,,2/PF,118.47,227.91
play,9,0,596335,,,9/F,198.80,114.46
play,9,0,595281,,,W
play,9,0,571711,,,HR/F.1-H,43.17,73.29
play,9,0,581660,,,43/G,142.57,170.68
play,9,1,596306,,,S9/L,184.74,102.41
play,9,1,571683,,,W.1-2
play,9,1,572935,,,NP
sub,542933,J. R. Betts-Robinson,0,0,1
play,9,1,572935,,,D8/F.1-3;2-H,118.47,60.24
play,9,1,573001,,,K23
play,9,1,524188,,,S6/G.3-H,106.43,166.67
play,9,1,542502,,,64(1)3/GDP/G6,115.46,164.66
id,BurAPP201007260
info,visteam,JohAPP
info,hometeam,BurAPP
info,date,2010/07/26
start,594824,Greg Garcia,0,1,4
start,570805,Oscar Taveras,0,2,8
start,592774,Cody Stanley,0,3,10
start,595158,Philip Cerreto,0,4,3
start,571641,Christopher Edmondson,0,5,7
start,502023,Travis Tartamella,0,6,2
start,518802,Virgil Hill,0,7,9
start,551750,Cesar Valera,0,8,6
start,592286,Patrick Elkins,0,9,5
start,543779,Kevin Siegrist,0,0,1
start,542371,Luis Piterson,1,1,4
start,594918,Alex McClure,1,2,6
start,573183,Ryan Stovall,1,3,10
start,596306,Ryan Jenkins,1,4,2
start,571461,Geoffrey Baldwin,1,5,3
start,543454,Alex Llanos,1,6,8
start,572935,Anthony Howard,1,7,9
start,524188,Yunior Figueroa,1,8,5
start,519214,Derek Rodriguez,1,9,7
start,534508,Willian Avinazar,1,0,1
play,1,0,594824,,,S8/G,113.45,132.53
play,1,0,570805,,,S9/G.1-3,138.55,154.62
play,1,0,592774,,,PB.1-2;3-H
play,1,0,592774,,,S4/G.2-3,132.53,181.73
play,1,0,595158,,,SBH;SB2
play,1,0,595158,,,K
play,1,0,571641,,,W
play,1,0,502023,,,8/F.1-2;2-3,126.51,117.47
play,1,0,518802,,,K
play,1,1,542371,,,W
play,1,1,594918,,,S9/F.1-2,183.73,126.51
play,1,1,573183,,,K
play,1,1,596306,,,9/F,123.49,161.65
play,1,1,571461,,,K
play,2,0,551750,,,W
play,2,0,592286,,,63/G.1-2,97.39,174.70
play,2,0,594824,,,3/G.2-3,143.57,179.72
play,2,0,570805,,,K
play,2,1,543454,,,K
play,2,1,572935,,,S9/G,182.73,114.46
play,2,1,524188,,,53/G.1-2,110.44,177.71
play,2,1,519214,,,63/G,89.36,190.76
play,3,0,592774,,,5/PF,96.39,171.69
play,3,0,595158,,,K
play,3,0,571641,,,9/F,170.68,132.53
play,3,1,542371,,,D7/G,71.29,134.54
play,3,1,594918,,,1/L,144.58,175.70
play,3,1,573183,,,63/G.2-3,113.45,175.70
play,3,1,596306,,,S6/G.3-H,104.42,159.64
play,3,1,571461,,,PO1(13)
play,4,0,502023,,,D7/F,74.30,132.53
play,4,0,518802,,,S5/BG.2-3,98.39,181.73
play,4,0,551750,,,FC6/G.1X2(64);3-H;B-1,113.45,173.69
play,4,0,592286,,,SB2
play,4,0,592286,,,S7/G.2-3,67.27,146.59
play,4,0,594824,,,S8/G.1-2;3-H,125.50,113.45
play,4,0,570805,,,NP
sub,595300,Cole Lohden,1,0,1
play,4,0,570805,,,PB.2-3
play,4,0,570805,,,8/SF.3-H,123.49,113.45
play,4,0,592774,,,S9/G.1-2,176.71,136.55
play,4,0,595158,,,13/G,153.61,187.75
play,4,1,571461,,,E6,80.32,165.66
play,4,1,543454,,,8/F,93.37,146.59
play,4,1,572935,,,CS2
play,4,1,572935,,,8/F,110.44,123.49
play,5,0,571641,,,W
play,5,0,502023,,,4/P,148.59,176.71
play,5,0,518802,,,K
play,5,0,551750,,,S8/F.1X3,123.49,128.51
play,5,1,524188,,,E6,103.41,174.70
play,5,1,519214,,,64(1)3/GDP/G6,103.41,178.71
play,5,1,542371,,,43/G,138.55,174.70
play,6,0,592286,,,6/P,123.49,180.72
play,6,0,594824,,,7/F,78.31,125.50
play,6,0,570805,,,43/G,130.52,170.68
play,6,1,594918,,,NP
sub,542213,Charllan Jimenez,0,0,1
play,6,1,594918,,,13/G,85.34,180.72
play,6,1,573183,,,S6/G,108.43,174.70
play,6,1,596306,,,64(1)3/GDP/G6,103.41,169.68
play,7,0,592774,,,NP
sub,594776,Chas Byrne,1,0,1
play,7,0,592774,,,63/G,112.45,171.69
play,7,0,595158,,,7/F,72.29,131.53
play,7,0,571641,,,7/F,69.28,136.55
play,7,1,571461,,,S9/G,157.63,131.53
play,7,1,543454,,,WP.1-2
play,7,1,543454,,,7/F,84.34,128.51
play,7,1,572935,,,3(B)36(2)/LDP,143.57,184.74
play,8,0,502023,,,43/G,130.52,183.73
play,8,0,518802,,,K
play,8,0,551750,,,K
play,8,1,524188,,,6/P,120.48,167.67
play,8,1,519214,,,13/BG,114.46,183.73
play,8,1,542371,,,6/P,108.43,164.66
play,9,0,592286,,,NP
sub,573256,Josh Worrell,1,0,1
play,9,0,592286,,,S4/G,147.59,161.65
play,9,0,594824,,,K
play,9,0,570805,,,K
play,9,0,592774,,,SB2
play,9,0,592774,,,E3.2-3,141.57,184.74
play,9,0,595158,,,FC6/G.1X2(6),118.47,167.67
play,9,1,594918,,,NP
sub,523489,Hector Corpas,0,0,1
play,9,1,594918,,,3/G,122.49,177.71
play,9,1,573183,,,S6/G,101.41,176.71
play,9,1,596306,,,8/F,128.51,105.42
play,9,1,571461,,,PO1(23)
id,BurAPP201007270
info,visteam,JohAPP
info,hometeam,BurAPP
info,date,2010/07/27
start,594824,Greg Garcia,0,1,4
start,570805,Oscar Taveras,0,2,8
start,592774,Cody Stanley,0,3,2
start,571641,Christopher Edmondson,0,4,7
start,521091,Romulo Ruiz,0,5,5
start,516650,Juan Castillo,0,6,10
start,500675,Kleininger Teran,0,7,3
start,551750,Cesar Valera,0,8,6
start,542465,Roberto Reyes,0,9,9
start,595031,Boone Whiting,0,0,1
start,542371,Luis Piterson,1,1,4
start,594918,Alex McClure,1,2,6
start,573183,Ryan Stovall,1,3,5
start,573001,Gabe MacDougall,1,4,7
start,571461,Geoffrey Baldwin,1,5,3
start,543454,Alex Llanos,1,6,8
start,572935,Anthony Howard,1,7,9
start,542503,Edul Escobar,1,8,10
start,519214,Derek Rodriguez,1,9,10
start,594801,Jonathan Dooley,1,0,1
play,1,0,594824,,,K
play,1,0,570805,,,63/G,121.49,170.68
play,1,0,592774,,,53/G,98.39,177.71
play,1,1,542371,,,7/F,74.30,115.46
play,1,1,594918,,,K
play,1,1,573183,,,43/G,132.53,167.67
play,2,0,571641,,,W
play,2,0,521091,,,K+SB2
play,2,0,516650,,,K
play,2,0,500675,,,K
play,2,1,573001,,,9/F,171.69,121.49
play,2,1,571461,,,K
play,2,1,543454,,,43/G,151.61,169.68
play,3,0,551750,,,K
play,3,0,542465,,,S7/G,68.27,149.60
play,3,0,594824,,,E2.1-2;B-1,114.16,94.12
play,3,0,570805,,,43/G.1-2;2-3,148.59,166.67
play,3,0,592774,,,S6/G.2-3;3-H,109.44,169.68
play,3,0,571641,,,K
play,3,1,572935,,,T9/F,156.63,87.35
play,3,1,542503,,,43/G.3-H,130.52,160.64
play,3,1,519214,,,4/L,142.57,179.72
play,3,1,542371,,,13/G,133.53,195.78
play,4,0,521091,,,8/F,121.49,105.42
play,4,0,516650,,,53/G,103.41,185.74
play,4,0,500675,,,S7/F,60.24,137.55
play,4,0,551750,,,9/F,151.61,129.52
play,4,1,594918,,,6/L,95.38,153.61
play,4,1,573183,,,S8/F,117.47,108.43
play,4,1,573001,,,CS2
play,4,1,573001,,,K
play,5,0,542465,,,3/G,141.57,185.74
play,5,0,594824,,,S7/F,72.29,117.47
play,5,0,570805,,,CS2
play,5,0,570805,,,D7/F,73.29,124.50
play,5,0,592774,,,PO2(E?).2-3
play,5,0,592774,,,K
play,5,1,571461,,,W
play,5,1,543454,,,S9/G.1-2,145.58,139.56
play,5,1,572935,,,6/P,112.45,152.61
play,5,1,542503,,,8/F,97.39,98.39
play,5,1,519214,,,W.1-2;2-3
play,5,1,542371,,,S7/F.1-2;2-H;3-H,80.32,126.51
play,5,1,594918,,,NP
sub,595342,Jeff Nadeau,0,0,1
play,5,1,594918,,,D8/F.1-H;2-H,122.49,71.29
play,5,1,573183,,,D8/F.2-H,90.36,87.35
play,5,1,573001,,,9/F,186.75,114.46
play,6,0,571641,,,NP
sub,572965,Jonathon Keck,1,0,1
play,6,0,571641,,,8/F,120.48,75.30
play,6,0,521091,,,E5/TH,105.42,183.73
play,6,0,516650,,,54(1)3/GDP/G5,107.43,182.73
play,6,1,571461,,,K
play,6,1,543454,,,K23
play,6,1,572935,,,43/G,137.55,173.69
play,7,0,500675,,,NP
sub,573183,Ryan Stovall,1,3,3
play,7,0,551750,,,NP
sub,524188,Yunior Figueroa,1,5,5
play,7,0,500675,,,W
play,7,0,551750,,,W.1-2
play,7,0,542465,,,S6/G.1-2;2-3,119.48,173.69
play,7,0,594824,,,HP.1-2;2-3;3-H
play,7,0,570805,,,K
play,7,0,592774,,,K
play,7,0,571641,,,S7/F.1-2;2-H;3-H,70.28,139.56
play,7,0,521091,,,NP
sub,502719,J. Leaper,1,0,1
play,7,0,521091,,,FC5/G.1X2(54),103.41,182.73
play,7,1,542503,,,S8/F,110.44,114.46
play,7,1,519214,,,9/F,187.75,124.50
play,7,1,542371,,,FC5/G.1X2(54);B-1,108.43,178.71
play,7,1,594918,,,POCS2(136)
play,8,0,516650,,,S8/F,107.43,92.37
play,8,0,500675,,,S8/F.1-2,82.33,112.45
play,8,0,551750,,,K
play,8,0,542465,,,4(1)3/G4/GDP,142.57,172.69
play,8,1,594918,,,K
play,8,1,573183,,,E5/TH,101.41,176.71
play,8,1,573001,,,8/F,97.39,77.31
play,8,1,524188,,,S8/G.1-2,120.48,121.49
play,8,1,543454,,,WP.1-2;2-3
play,8,1,543454,,,W
play,8,1,572935,,,43/G,138.55,169.68
play,9,0,594824,,,K
play,9,0,570805,,,D9/F,171.69,134.54
play,9,0,592774,,,63/G.2-3,110.44,170.68
play,9,0,571641,,,9/F,157.63,127.51
id,BurAPP201007280
info,visteam,JohAPP
info,hometeam,BurAPP
info,date,2010/07/28
start,594824,Greg Garcia,0,1,6
start,518802,Virgil Hill,0,2,7
start,595158,Philip Cerreto,0,3,9
start,571641,Christopher Edmondson,0,4,10
start,521091,Romulo Ruiz,0,5,5
start,500675,Kleininger Teran,0,6,3
start,516650,Juan Castillo,0,7,2
start,592286,Patrick Elkins,0,8,4
start,572265,Reggie Williams,0,9,8
start,571772,Hector Hernandez,0,0,1
start,542371,Luis Piterson,1,1,4
start,594918,Alex McClure,1,2,6
start,573183,Ryan Stovall,1,3,3
start,573001,Gabe MacDougall,1,4,7
start,596306,Ryan Jenkins,1,5,2
start,543454,Alex Llanos,1,6,8
start,572935,Anthony Howard,1,7,9
start,524188,Yunior Figueroa,1,8,5
start,542502,Adrian Martinez,1,9,10
start,572137,Crawford Simmons,1,0,1
play,1,0,594824,,,E2,123.49,196.79
play,1,0,518802,,,S8/F.1-2,118.47,112.45
play,1,0,595158,,,WP.1-2;2-3
play,1,0,595158,,,D8/F.2-H;3-H,128.51,107.43
play,1,0,571641,,,7/F,62.25,123.49
play,1,0,521091,,,K
play,1,0,500675,,,63/G,111.45,177.71
play,1,1,542371,,,K
play,1,1,594918,,,63/G,98.39,179.72
play,1,1,573183,,,63/G,103.41,177.71
play,2,0,516650,,,HR/F,30.12,92.37
play,2,0,592286,,,K
play,2,0,572265,,,43/G,145.58,178.71
play,2,0,594824,,,D8/F,123.49,107.43
play,2,0,518802,,,K
play,2,1,573001,,,43/G,144.58,175.70
play,2,1,596306,,,63/G,110.44,179.72
play,2,1,543454,,,63/G,108.43,172.69
play,3,0,595158,,,63/G,107.43,173.69
play,3,0,571641,,,5/PF,88.35,187.75
play,3,0,521091,,,S7/G,80.32,132.53
play,3,0,500675,,,W.1-2
play,3,0,516650,,,S7/G.1-2;2-3,71.29,138.55
play,3,0,592286,,,K
play,3,1,572935,,,W
play,3,1,placeholder,,,OA.1X2(24)
play,3,1,524188,,,63/G,111.45,172.69
play,3,1,542502,,,4/P,142.57,174.70
play,4,0,572265,,,S8/F,135.54,100.40
play,4,0,594824,,,K
play,4,0,518802,,,WP.1-3(E2)(E2/TH)
play,4,0,518802,,,W
play,4,0,595158,,,WP.1-2
play,4,0,595158,,,E5.2-3;3-H,121.49,186.75
play,4,0,571641,,,K
play,4,0,521091,,,NP
sub,592540,Justin Mazur,1,0,1
play,4,0,521091,,,K
play,4,1,542371,,,53/G,103.41,172.69
play,4,1,594918,,,K
play,4,1,573183,,,S9/F,155.62,133.53
play,4,1,573001,,,PO1(?3)
play,5,0,500675,,,43/G,118.47,169.68
play,5,0,516650,,,8/F,131.53,104.42
play,5,0,592286,,,S9/F,177.71,133.53
play,5,0,572265,,,43/G,131.53,179.72
play,5,1,573001,,,S8/G,129.52,120.48
play,5,1,596306,,,D9/F.1-3,179.72,139.56
play,5,1,543454,,,S5/G.3-H,102.41,175.70
play,5,1,572935,,,13/SH.1-2;2-3,123.49,184.74
play,5,1,524188,,,S7/G.2-3;3-H,62.25,123.49
play,5,1,542502,,,PO?(E?).1-3;3-H
play,5,1,542502,,,K
play,5,1,542371,,,WP.3-H
play,5,1,542371,,,31/G,151.61,177.71
play,6,0,594824,,,8/F,147.59,106.43
play,6,0,518802,,,K
play,6,0,595158,,,HR/F,36.14,87.35
play,6,0,571641,,,9/F,158.63,131.53
play,6,1,594918,,,NP
sub,595166,Ryan Copeland,0,0,1
play,6,1,594918,,,63/G,108.43,182.73
play,6,1,573183,,,8/F,123.49,121.49
play,6,1,573001,,,43/G,135.54,174.70
play,7,0,521091,,,4/P,142.57,166.67
play,7,0,500675,,,43/G,136.55,179.72
play,7,0,516650,,,K
play,7,1,596306,,,9/F,167.67,130.52
play,7,1,543454,,,8/F,124.50,101.41
play,7,1,572935,,,3/G,142.57,185.74
play,8,0,592286,,,NP
sub,572708,Claudio Bavera,1,0,1
play,8,0,592286,,,63/G,101.41,168.67
play,8,0,572265,,,53/G,102.41,178.71
play,8,0,594824,,,63/G,113.45,166.67
play,8,1,524188,,,E5,110.44,174.70
play,8,1,542502,,,K
play,8,1,542371,,,31/G.1-2,148.59,164.66
play,8,1,594918,,,63/G,115.46,175.70
play,9,0,518802,,,S9/F,161.65,134.54
play,9,0,595158,,,54(1)3/GDP/G5,105.42,174.70
play,9,0,571641,,,43/G,144.58,171.69
play,9,1,573183,,,NP
sub,594824,Greg Garcia,0,1,4
play,9,1,573001,,,NP
sub,551750,Cesar Valera,0,5,6
play,9,1,596306,,,NP
sub,592286,Patrick Elkins,0,8,5
play,9,1,543454,,,NP
sub,523489,Hector Corpas,0,0,1
play,9,1,573183,,,S6/G,105.42,178.71
play,9,1,573001,,,SB2
play,9,1,573001,,,K
play,9,1,596306,,,S7/G.2-H;B-2,77.31,136.55
play,9,1,543454,,,NP
sub,519214,Derek Rodriguez,1,5,12
play,9,1,543454,,,CS3
play,9,1,543454,,,S9/G,178.71,131.53
play,9,1,572935,,,SB2
play,9,1,572935,,,IW
play,9,1,524188,,,FC4/G.1X2(46),139.56,179.72
play,10,0,placeholder,,,NP
sub,542503,Edul Escobar,1,5,2
play,10,0,placeholder,,,NP
sub,594776,Chas Byrne,1,0,1
play,10,0,551750,,,K
play,10,0,500675,,,S9/F,159.64,122.49
play,10,0,516650,,,S9/F.1-2,156.63,128.51
play,10,0,592286,,,5/PF,103.41,182.73
play,10,0,572265,,,NP
sub,542465,Roberto Reyes,0,6,12
play,10,0,572265,,,NP
sub,570805,Oscar Taveras,0,9,11
play,10,0,570805,,,7/F,100.40,133.53
play,10,1,542502,,,NP
sub,595158,Philip Cerreto,0,3,3
play,10,1,542371,,,NP
sub,542465,Roberto Reyes,0,6,9
play,10,1,594918,,,NP
sub,570805,Oscar Taveras,0,9,8
play,10,1,573183,,,NP
sub,592515,Aidan Lucas,0,0,1
play,10,1,542502,,,NP
sub,571461,Geoffrey Baldwin,1,9,11
play,10,1,571461,,,63/G,104.42,173.69
play,10,1,542371,,,53/BG,115.46,172.69
play,10,1,594918,,,S8/G,127.51,102.41
play,10,1,573183,,,FC6/G.1X2(64),115.46,180.72
play,11,0,594824,,,NP
sub,571461,Geoffrey Baldwin,1,9,10
play,11,0,594824,,,6/P,109.44,172.69
play,11,0,518802,,,K
play,11,0,595158,,,3/PF,126.51,179.72
play,11,1,573001,,,4/P,116.47,174.70
play,11,1,542503,,,63/G,104.42,174.70
play,11,1,543454,,,53/G,108.43,171.69
play,12,0,571641,,,3/G,153.61,176.71
play,12,0,551750,,,4/P,142.57,177.71
play,12,0,542465,,,K
play,12,1,572935,,,NP
sub,519185,Robert Revesz,0,0,1
play,12,1,572935,,,S9/F,181.73,127.51
play,12,1,524188,,,K+CS2
play,12,1,571461,,,K
play,13,0,516650,,,2/PF,119.48,185.74
play,13,0,592286,,,9/F,150.60,135.54
play,13,0,570805,,,K
play,13,1,542371,,,2/PF,135.54,181.73
play,13,1,594918,,,9/F,160.64,140.56
play,13,1,573183,,,5/L,97.39,165.66
play,14,0,594824,,,NP
sub,571709,Michael Giovenco,1,0,1
play,14,0,594824,,,K
play,14,0,518802,,,W
play,14,0,595158,,,SB2
play,14,0,595158,,,S7/L.2-H,79.32,134.54
play,14,0,571641,,,PO1(13)
play,14,0,571641,,,K
play,14,1,573001,,,NP
sub,592774,Cody Stanley,0,7,2
play,14,1,573001,,,D7/F,74.30,137.55
play,14,1,542503,,,24/SH.2-3,133.53,183.73
play,14,1,543454,,,K
play,14,1,572935,,,K
id,BurAPP201007290
info,visteam,BluAPP
info,hometeam,BurAPP
info,date,2010/07/29
start,572932,Kyle Hoppy,0,1,7
start,570727,Dudley Leonora,0,2,4
start,572245,Brenden Webb,0,3,8
start,543848,Corey Thomas,0,4,3
start,572803,Brad Decater,0,5,5
start,572000,Michael Ohlman,0,6,2
start,501531,Luis Ramirez,0,7,10
start,489314,Jeremy Shelby,0,8,9
start,500161,Javier Santana,0,9,6
start,516671,Angel Cespedes,0,0,1
start,542371,Luis Piterson,1,1,4
start,594918,Alex McClure,1,2,6
start,573183,Ryan Stovall,1,3,5
start,596306,Ryan Jenkins,1,4,10
start,571461,Geoffrey Baldwin,1,5,3
start,543454,Alex Llanos,1,6,8
start,572935,Anthony Howard,1,7,9
start,573001,Gabe MacDougall,1,8,7
start,542503,Edul Escobar,1,9,2
start,521835,Leonel Santiago,1,0,1
play,1,0,572932,,,53/G,101.41,171.69
play,1,0,570727,,,K
play,1,0,572245,,,43/G,149.60,159.64
play,1,1,542371,,,E7.B-2,57.23,124.50
play,1,1,594918,,,D9/F.2-H,155.62,139.56
play,1,1,573183,,,3/G.2-3,135.54,183.73
play,1,1,596306,,,S6/G.3-H,117.47,172.69
play,1,1,571461,,,S9/F.1-2,145.58,147.59
play,1,1,543454,,,D9/F.1-3;2-H,190.76,123.49
play,1,1,572935,,,5/P,107.43,182.73
play,1,1,573001,,,5/P,106.43,179.72
play,2,0,543848,,,7/F,62.25,130.52
play,2,0,572803,,,K
play,2,0,572000,,,8/F,88.35,104.42
play,2,1,542503,,,31/G,145.58,185.74
play,2,1,542371,,,S8/F,102.41,111.45
play,2,1,594918,,,HP.1-2
play,2,1,573183,,,BK.1-2;2-3
play,2,1,573183,,,53/G,102.41,179.72
play,2,1,596306,,,53/G,111.45,182.73
play,3,0,placeholder,,,NP
sub,542502,Adrian Martinez,1,1,4
play,3,0,501531,,,53/G,109.44,177.71
play,3,0,489314,,,1/BP,128.51,189.76
play,3,0,500161,,,43/G,143.57,168.67
play,3,1,571461,,,8/F,134.54,79.32
play,3,1,543454,,,S7/F,89.36,151.61
play,3,1,572935,,,CS2
play,3,1,572935,,,31/G,127.51,184.74
play,4,0,572932,,,43/G,140.56,174.70
play,4,0,570727,,,3/G,143.57,185.74
play,4,0,572245,,,3/G,135.54,188.76
play,4,1,573001,,,E6/TH,110.44,167.67
play,4,1,542503,,,FC1/G.1X2(14);B-1,123.49,201.81
play,4,1,542502,,,9/F,152.61,125.50
play,4,1,594918,,,K
play,5,0,543848,,,8/F,122.49,85.34
play,5,0,572803,,,K23
play,5,0,572000,,,K
play,5,1,573183,,,S9/L,165.66,144.58
play,5,1,596306,,,S8/L.1-3,107.43,109.44
play,5,1,571461,,,63/G.1-2;3-H,117.47,169.68
play,5,1,543454,,,9/F.2-3,174.70,130.52
play,5,1,572935,,,S9/L.3-H,168.67,147.59
play,5,1,573001,,,HP.1-2
play,5,1,542503,,,13/G,117.47,191.77
play,6,0,501531,,,E4,134.54,177.71
play,6,0,489314,,,S8/G.1-2,110.44,115.46
play,6,0,500161,,,4(1)3/G4/GDP.2-3,140.56,177.71
play,6,0,572932,,,E3.3-H,103.41,181.73
play,6,0,570727,,,9/F,188.76,120.48
play,6,1,542502,,,NP
sub,595429,Travis Strong,0,0,1
play,6,1,542502,,,63/G,118.47,170.68
play,6,1,594918,,,K
play,6,1,573183,,,K
play,7,0,572245,,,S7/F,83.33,129.52
play,7,0,543848,,,S7/F.1-2,45.18,131.53
play,7,0,572803,,,9/F.2-3,179.72,130.52
play,7,0,572000,,,K+SB2
play,7,0,501531,,,NP
sub,595300,Cole Lohden,1,0,1
play,7,0,501531,,,K24
play,7,1,596306,,,53/G,100.40,173.69
play,7,1,571461,,,D7/L,65.26,129.52
play,7,1,543454,,,E5.2-3,105.42,181.73
play,7,1,572935,,,5/P,113.45,177.71
play,7,1,573001,,,SB2
play,7,1,573001,,,HP
play,7,1,542503,,,W.1-2;2-3;3-H
play,7,1,542502,,,K
play,8,0,489314,,,K
play,8,0,500161,,,S8/F,121.49,101.41
play,8,0,572932,,,FC6/G.1X2(64);B-1,108.43,172.69
play,8,0,570727,,,PB.1-2
play,8,0,570727,,,7/L,87.35,117.47
play,8,1,594918,,,NP
sub,504376,Jairo De La Cruz,0,0,1
play,8,1,594918,,,W
play,8,1,573183,,,W.1-2
play,8,1,596306,,,W.1-2;2-3
play,8,1,571461,,,K
play,8,1,543454,,,W.1-2;2-3;3-H
play,8,1,572935,,,NP
sub,501531,Luis Ramirez,0,7,1
play,8,1,572935,,,K
play,8,1,573001,,,NP
sub,543024,Edwin Cintron,0,7,1
play,8,1,573001,,,E8.1-H;2-H;3-H;B-2,129.52,97.39
play,8,1,542503,,,S9/F.2-3,150.60,137.55
play,8,1,542502,,,S9/F.1-2;3-H,160.64,133.53
play,8,1,594918,,,53/G,100.40,182.73
play,9,0,572245,,,NP
sub,502719,J. Leaper,1,0,1
play,9,0,572245,,,9/F,182.73,133.53
play,9,0,543848,,,E5,107.43,181.73
play,9,0,572803,,,9/FF.1-2,200.80,205.82
play,9,0,572000,,,S9/F.2-H,137.55,146.59
play,9,0,543024,,,53/G,112.45,173.69
id,BurAPP201007300
info,visteam,BluAPP
info,hometeam,BurAPP
info,date,2010/07/30
start,489314,Jeremy Shelby,0,1,7
start,570727,Dudley Leonora,0,2,4
start,572245,Brenden Webb,0,3,8
start,543848,Corey Thomas,0,4,3
start,572803,Brad Decater,0,5,5
start,573220,Joseph Velleggia,0,6,10
start,572882,Austin Goolsby,0,7,2
start,570731,Jonathan Schoop,0,8,6
start,595472,Cody Young,0,9,9
start,543637,Zachary Petersime,0,0,1
start,519214,Derek Rodriguez,1,1,7
start,594918,Alex McClure,1,2,10
start,573183,Ryan Stovall,1,3,4
start,596306,Ryan Jenkins,1,4,2
start,571461,Geoffrey Baldwin,1,5,3
start,543454,Alex Llanos,1,6,8
start,572935,Anthony Howard,1,7,9
start,524188,Yunior Figueroa,1,8,5
start,542502,Adrian Martinez,1,9,6
start,572965,Jonathon Keck,1,0,1
play,1,0,489314,,,K
play,1,0,570727,,,63/G,111.45,174.70
play,1,0,572245,,,HR/F,113.45,25.10
play,1,0,543848,,,K
play,1,1,519214,,,13/G,123.49,195.78
play,1,1,594918,,,8/F,146.59,93.37
play,1,1,573183,,,D9/F,177.71,129.52
play,1,1,596306,,,PB.2-3
play,1,1,596306,,,63/G,111.45,170.68
play,2,0,572803,,,63/G,113.45,175.70
play,2,0,573220,,,D8/F,96.39,107.43
play,2,0,572882,,,63/G.2-3,119.48,173.69
play,2,0,570731,,,W
play,2,0,595472,,,8/F,100.40,98.39
play,2,1,571461,,,K
play,2,1,543454,,,8/F,98.39,105.42
play,2,1,572935,,,D9/F,161.65,128.51
play,2,1,524188,,,8/F,123.49,98.39
play,3,0,489314,,,W
play,3,0,570727,,,D9/F.1-3,151.61,123.49
play,3,0,572245,,,23/G,123.49,193.78
play,3,0,543848,,,K
play,3,0,572803,,,8/F,128.51,100.40
play,3,1,placeholder,,,NP
sub,516670,Janensis Guerrero,0,7,2
play,3,1,542502,,,53/G,115.46,182.73
play,3,1,519214,,,W
play,3,1,594918,,,WP.1-2
play,3,1,594918,,,63/G,114.46,175.70
play,3,1,573183,,,K
play,4,0,573220,,,NP
sub,572026,Robert Penny,1,0,1
play,4,0,573220,,,63/G,118.47,174.70
play,4,0,516670,,,K
play,4,0,570731,,,S7/F,73.29,117.47
play,4,0,595472,,,PO1(13)
play,4,1,596306,,,NP
sub,575248,Andrew Huebner,0,0,1
play,4,1,596306,,,K
play,4,1,571461,,,K
play,4,1,543454,,,K
play,5,0,595472,,,K
play,5,0,489314,,,K
play,5,0,570727,,,13/G,125.50,194.78
play,5,1,572935,,,4/P,130.52,165.66
play,5,1,524188,,,S8/F,100.40,101.41
play,5,1,542502,,,9/F,153.61,129.52
play,5,1,519214,,,S1/BG.1-2,129.52,195.78
play,5,1,594918,,,PB.1-2;2-3
play,5,1,594918,,,9/F,161.65,132.53
play,6,0,572245,,,K
play,6,0,543848,,,D7/F,77.31,115.46
play,6,0,572803,,,W
play,6,0,573220,,,D8/F.1-3;2-H,111.45,78.31
play,6,0,516670,,,K
play,6,0,570731,,,8/F,136.55,81.33
play,6,1,573183,,,NP
sub,596745,Chris Petrini,0,0,1
play,6,1,573183,,,T7/F,78.31,108.43
play,6,1,596306,,,K
play,6,1,571461,,,W
play,6,1,543454,,,PB.1-2
play,6,1,543454,,,W
play,6,1,572935,,,9/F,153.61,125.50
play,6,1,524188,,,FC3/G.1X2(36),145.58,184.74
play,7,0,595472,,,NP
sub,572708,Claudio Bavera,1,0,1
play,7,0,595472,,,K
play,7,0,489314,,,K
play,7,0,570727,,,E5,106.43,182.73
play,7,0,572245,,,K
play,7,1,542502,,,K
play,7,1,519214,,,63/G,117.47,163.65
play,7,1,594918,,,K
play,8,0,543848,,,HP
play,8,0,572803,,,K
play,8,0,573220,,,S8/G.1-2,106.43,125.50
play,8,0,516670,,,64(1)3/GDP/G6,104.42,163.65
play,8,1,573183,,,NP
sub,571540,Dustin Carder,0,0,1
play,8,1,573183,,,E5,110.44,173.69
play,8,1,596306,,,E6.1-2,110.44,173.69
play,8,1,571461,,,K
play,8,1,543454,,,54(1)3/GDP/G5,95.38,173.69
play,9,0,570731,,,NP
sub,501531,Luis Ramirez,0,8,11
play,9,0,501531,,,43/G,140.56,166.67
play,9,0,595472,,,K+PB.B-1
play,9,0,489314,,,3(B)3(1)/LDP,148.59,172.69
play,9,1,572935,,,NP
sub,501531,Luis Ramirez,0,8,9
play,9,1,524188,,,NP
sub,595472,Cody Young,0,9,6
play,9,1,572935,,,9/F,138.55,116.47
play,9,1,524188,,,63/G,111.45,164.66
play,9,1,542502,,,53/G,100.40,172.69
id,BurAPP201007310
info,visteam,BluAPP
info,hometeam,BurAPP
info,date,2010/07/31
start,572932,Kyle Hoppy,0,1,8
start,570727,Dudley Leonora,0,2,5
start,501531,Luis Ramirez,0,3,9
start,543848,Corey Thomas,0,4,3
start,572000,Michael Ohlman,0,5,2
start,573220,Joseph Velleggia,0,6,10
start,525988,Moises Ciriaco,0,7,4
start,570731,Jonathan Schoop,0,8,6
start,543024,Edwin Cintron,0,9,10
start,594984,Cameron Roth,0,0,1
start,542371,Luis Piterson,1,1,4
start,594918,Alex McClure,1,2,6
start,573183,Ryan Stovall,1,3,3
start,596306,Ryan Jenkins,1,4,2
start,573001,Gabe MacDougall,1,5,7
start,543454,Alex Llanos,1,6,8
start,524188,Yunior Figueroa,1,7,5
start,542503,Edul Escobar,1,8,10
start,519214,Derek Rodriguez,1,9,9
start,534508,Willian Avinazar,1,0,1
play,1,0,572932,,,K
play,1,0,570727,,,S8/L,122.49,93.37
play,1,0,501531,,,K
play,1,0,543848,,,K
play,1,1,542371,,,W
play,1,1,placeholder,,,POCS2(136)
play,1,1,594918,,,E6,107.43,164.66
play,1,1,573183,,,SB2
play,1,1,573183,,,E6,110.44,167.67
play,1,1,596306,,,S9/F.1-H;2-H;BX2(96),193.78,123.49
play,1,1,573001,,,53/G,102.41,182.73
play,2,0,572000,,,8/F,131.53,82.33
play,2,0,573220,,,63/G,112.45,163.65
play,2,0,525988,,,S5/BG,113.45,189.76
play,2,0,570731,,,63/G,111.45,164.66
play,2,1,543454,,,63/G,107.43,165.66
play,2,1,524188,,,9/F,187.75,119.48
play,2,1,542503,,,9/F,188.76,115.46
play,3,0,543024,,,7/F,67.27,118.47
play,3,0,572932,,,K
play,3,0,570727,,,63/G,107.43,169.68
play,3,1,519214,,,5/P,103.41,175.70
play,3,1,542371,,,4/P,143.57,165.66
play,3,1,594918,,,43/G,143.57,162.65
play,4,0,501531,,,D7/F,68.27,123.49
play,4,0,543848,,,K
play,4,0,572000,,,9/FF,185.74,171.69
play,4,0,573220,,,K
play,4,1,573183,,,D9/F,180.72,120.48
play,4,1,596306,,,53/G,107.43,176.71
play,4,1,573001,,,CS3
play,4,1,573001,,,8/F,127.51,97.39
play,5,0,525988,,,S7/G,76.31,127.51
play,5,0,570731,,,54(1)3/GDP/G5,111.45,183.73
play,5,0,543024,,,K
play,5,1,543454,,,K23
play,5,1,524188,,,53/G,111.45,181.73
play,5,1,542503,,,K23
play,6,0,572932,,,S3/G,142.57,179.72
play,6,0,570727,,,CS2
play,6,0,570727,,,W
play,6,0,501531,,,7/F,73.29,112.45
play,6,0,543848,,,1/L,125.50,186.75
play,6,1,519214,,,13/G,137.55,193.78
play,6,1,542371,,,8/F,123.49,88.35
play,6,1,594918,,,S8/G,129.52,118.47
play,6,1,573183,,,53/G,108.43,192.77
play,7,0,572000,,,S9/G,165.66,129.52
play,7,0,573220,,,K
play,7,0,525988,,,HP.1-2
play,7,0,570731,,,NP
sub,595300,Cole Lohden,1,0,1
play,7,0,570731,,,S8/F.1-2;2-3,124.50,98.39
play,7,0,543024,,,NP
sub,572245,Brenden Webb,0,9,11
play,7,0,572245,,,WP.1-2;2-3;3-H
play,7,0,572245,,,WP.2-3;3-H
play,7,0,572245,,,W
play,7,0,572932,,,CS2
play,7,0,572932,,,S8/F.3-H,127.51,95.38
play,7,0,570727,,,4/P,144.58,165.66
play,7,1,596306,,,NP
sub,572932,Kyle Hoppy,0,1,7
play,7,1,573001,,,NP
sub,572245,Brenden Webb,0,9,8
play,7,1,543454,,,NP
sub,596741,Andy Deain,0,0,1
play,7,1,596306,,,13/G,125.50,192.77
play,7,1,573001,,,63/G,111.45,166.67
play,7,1,543454,,,D9/L,173.69,118.47
play,7,1,524188,,,PB.2-3
play,7,1,524188,,,43/G,140.56,162.65
play,8,0,501531,,,HR/F,206.83,61.24
play,8,0,543848,,,4/P,146.59,166.67
play,8,0,572000,,,9/F,176.71,108.43
play,8,0,573220,,,W
play,8,0,525988,,,NP
sub,592540,Justin Mazur,1,0,1
play,8,0,525988,,,E5.1-2,103.41,180.72
play,8,0,570731,,,S8/F.1-H;2-H;B-2,128.51,112.45
play,8,0,572245,,,K
play,8,1,542503,,,53/G,111.45,183.73
play,8,1,519214,,,NP
sub,572935,Anthony Howard,1,9,11
play,8,1,572935,,,K
play,8,1,542371,,,7/F,70.28,117.47
play,9,0,572932,,,NP
sub,572935,Anthony Howard,1,9,9
play,9,0,572932,,,K
play,9,0,570727,,,D7/F,72.29,112.45
play,9,0,501531,,,8/F,124.50,80.32
play,9,0,543848,,,S7/G.2-H,80.32,121.49
play,9,0,572000,,,FC5/G.1X2(54),105.42,185.74
play,9,1,594918,,,13/G,125.50,194.78
play,9,1,573183,,,4/P,140.56,169.68
play,9,1,596306,,,K
id,BurAPP201008061
info,visteam,PulAPP
info,hometeam,BurAPP
info,date,2010/08/06
start,500726,Mario Yepez,0,1,8
start,462088,Jetsy Extrano,0,2,10
start,515055,Jose Rivero,0,3,7
start,517539,Ramon Morla,0,4,5
start,500716,Jorge Agudelo,0,5,4
start,595143,Matt Browning,0,6,3
start,500719,Larry Gonzalez,0,7,2
start,518466,Jabari Blash,0,8,9
start,595400,Jake Schlander,0,9,6
start,500033,Jessie Nava,0,0,1
start,542371,Luis Piterson,1,1,4
start,594918,Alex McClure,1,2,6
start,573183,Ryan Stovall,1,3,5
start,576405,Brian Fletcher,1,4,7
start,596306,Ryan Jenkins,1,5,10
start,543454,Alex Llanos,1,6,8
start,571461,Geoffrey Baldwin,1,7,3
start,572935,Anthony Howard,1,8,9
start,542503,Edul Escobar,1,9,2
start,572965,Jonathon Keck,1,0,1
play,1,0,500726,,,W
play,1,0,462088,,,64(1)3/GDP/G6,113.45,176.71
play,1,0,515055,,,K
play,1,1,542371,,,W
play,1,1,594918,,,9/F,160.64,100.40
play,1,1,573183,,,S7/L.1-2,55.22,121.49
play,1,1,576405,,,CS3;.1-2
play,1,1,576405,,,K
play,2,0,517539,,,9/F,157.63,129.52
play,2,0,500716,,,W
play,2,0,595143,,,SB2
play,2,0,595143,,,CS3
play,2,0,595143,,,HP
play,2,0,500719,,,SB2
play,2,0,500719,,,4/P,145.58,166.67
play,2,1,596306,,,S9/G,186.75,122.49
play,2,1,543454,,,64(1)3/GDP/G6,109.44,171.69
play,2,1,571461,,,W
play,2,1,572935,,,9/F,162.65,111.45
play,3,0,518466,,,K
play,3,0,595400,,,53/G,105.42,184.74
play,3,0,500726,,,HP
play,3,0,462088,,,53/G,101.41,182.73
play,3,1,542503,,,63/G,104.42,174.70
play,3,1,542371,,,9/F,177.71,125.50
play,3,1,594918,,,9/F,175.70,108.43
play,4,0,515055,,,K
play,4,0,517539,,,D8/L,139.56,73.29
play,4,0,500716,,,K
play,4,0,595143,,,S7/G.2-H,91.37,94.38
play,4,0,500719,,,SB2
play,4,0,500719,,,5/L,99.40,176.71
play,4,1,573183,,,8/F,125.50,84.34
play,4,1,576405,,,K
play,4,1,596306,,,K
play,5,0,518466,,,S7/F,68.27,109.44
play,5,0,595400,,,S2/BG.1-2,123.49,195.78
play,5,0,500726,,,NP
sub,474992,Ryan Wood,1,0,1
play,5,0,500726,,,14/SH.1-2;2-3,103.41,193.78
play,5,0,462088,,,S8/F.2-3;3-H,140.56,97.39
play,5,0,515055,,,FC5.1-2;3XH(52),105.42,182.73
play,5,0,517539,,,S8/L.1-3;2-H;B-2,131.53,98.39
play,5,0,500716,,,5/L,98.39,174.70
play,5,1,543454,,,3/PF,161.65,181.73
play,5,1,571461,,,S9/G,154.62,123.49
play,5,1,572935,,,FC6/G.1X2(64);B-1,126.51,173.69
play,5,1,542503,,,E1/TH.1-3,124.50,194.78
play,5,1,542371,,,FC5/G.1X2(54),109.44,180.72
play,6,0,595143,,,K
play,6,0,500719,,,K
play,6,0,518466,,,K
play,6,1,594918,,,6/P,74.30,139.56
play,6,1,573183,,,8/F,133.53,105.42
play,6,1,576405,,,HR/F,189.76,59.24
play,6,1,596306,,,K
play,7,0,595400,,,NP
sub,572026,Robert Penny,1,0,1
play,7,0,595400,,,K
play,7,0,500726,,,13/G,134.54,191.77
play,7,0,462088,,,S8/L,145.58,78.31
play,7,0,515055,,,SB2
play,7,0,515055,,,43/G,137.55,166.67
play,7,1,543454,,,K
play,7,1,571461,,,S8/L,111.45,94.38
play,7,1,572935,,,S8/G.1-2,109.44,91.37
play,7,1,542503,,,NP
sub,542940,Matthew Bischoff,0,0,1
play,7,1,542503,,,K
play,7,1,542371,,,8/F,114.46,92.37
id,BurAPP201008062
info,visteam,PulAPP
info,hometeam,BurAPP
info,date,2010/08/06
start,500726,Mario Yepez,0,1,8
start,462088,Jetsy Extrano,0,2,6
start,515055,Jose Rivero,0,3,7
start,517539,Ramon Morla,0,4,5
start,500716,Jorge Agudelo,0,5,4
start,595143,Matt Browning,0,6,3
start,518466,Jabari Blash,0,7,9
start,542546,Hassiel Jimenez,0,8,2
start,573095,Derek Poppert,0,9,10
start,570884,George Mieses,0,0,1
start,542371,Luis Piterson,1,1,4
start,542502,Adrian Martinez,1,2,6
start,573183,Ryan Stovall,1,3,3
start,576405,Brian Fletcher,1,4,7
start,571461,Geoffrey Baldwin,1,5,10
start,596306,Ryan Jenkins,1,6,2
start,573001,Gabe MacDougall,1,7,9
start,524188,Yunior Figueroa,1,8,5
start,519214,Derek Rodriguez,1,9,8
start,534508,Willian Avinazar,1,0,1
play,1,0,500726,,,8/F,113.45,73.29
play,1,0,462088,,,3/G,144.58,181.73
play,1,0,515055,,,8/F,107.43,86.35
play,1,1,542371,,,S7/G,82.33,118.47
play,1,1,542502,,,S7/G.1-2,57.23,119.48
play,1,1,573183,,,4(1)3/G4/GDP.2-3,133.53,166.67
play,1,1,576405,,,K
play,2,0,517539,,,K
play,2,0,500716,,,S7/G,69.28,132.53
play,2,0,595143,,,BK.1-2
play,2,0,595143,,,S7/L.2-3,75.30,121.49
play,2,0,518466,,,S8/L.1-2;3-H,108.43,100.40
play,2,0,542546,,,K+SB3;SB2
play,2,0,573095,,,63/G,112.45,175.70
play,2,1,571461,,,S7/G,75.30,125.50
play,2,1,596306,,,46(1)3/GDP/G4,140.56,163.65
play,2,1,573001,,,S7/L,65.26,120.48
play,2,1,524188,,,S9/G.1-2,167.67,135.54
play,2,1,519214,,,WP.1-2;2-3
play,2,1,519214,,,53/G,108.43,182.73
play,3,0,500726,,,7/F,82.33,109.44
play,3,0,462088,,,6/P,102.41,158.63
play,3,0,515055,,,4/P,147.59,145.58
play,3,1,542371,,,S7/L,84.34,127.51
play,3,1,542502,,,43/G.1-2,142.57,171.69
play,3,1,573183,,,HP
play,3,1,576405,,,9/F,196.79,111.45
play,3,1,571461,,,S9/G.1-3;2-H,165.66,121.49
play,3,1,596306,,,PB.1-2;3-H
play,3,1,596306,,,4/P,160.64,144.58
play,4,0,517539,,,8/F,100.40,79.32
play,4,0,500716,,,K
play,4,0,595143,,,S7/L,87.35,109.44
play,4,0,518466,,,SB2
play,4,0,518466,,,3/P,147.59,160.64
play,4,1,573001,,,D9/G,169.68,109.44
play,4,1,524188,,,8/F.2-3,111.45,74.30
play,4,1,519214,,,E5.3-H(E2),103.41,179.72
play,4,1,542371,,,PB.1X3(56)
play,4,1,542371,,,HP
play,4,1,542502,,,CS2
play,5,0,542546,,,K
play,5,0,573095,,,53/G,102.41,182.73
play,5,0,500726,,,K
play,5,1,573183,,,NP
sub,570798,Richard Vargas,0,0,1
play,5,1,542502,,,K
play,5,1,573183,,,S8/L,104.42,103.41
play,5,1,576405,,,64(1)3/GDP/G6,107.43,171.69
play,6,0,462088,,,K
play,6,0,515055,,,K
play,6,0,517539,,,HR/F,164.66,33.13
play,6,0,500716,,,NP
sub,594776,Chas Byrne,1,0,1
play,6,0,500716,,,S9/L,161.65,131.53
play,6,0,595143,,,SB2
play,6,0,595143,,,CS3
play,6,1,571461,,,8/F,137.55,77.31
play,6,1,596306,,,D7/F,57.23,89.36
play,6,1,573001,,,K
play,6,1,524188,,,WP.2-3
play,6,1,524188,,,8/F,118.47,78.31
play,7,0,595143,,,63/G,127.51,172.69
play,7,0,518466,,,K
play,7,0,542546,,,4/L,150.60,170.68
id,BurAPP201008070
info,visteam,PulAPP
info,hometeam,BurAPP
info,date,2010/08/07
start,500726,Mario Yepez,0,1,8
start,462088,Jetsy Extrano,0,2,4
start,515055,Jose Rivero,0,3,7
start,517539,Ramon Morla,0,4,5
start,595143,Matt Browning,0,5,3
start,595400,Jake Schlander,0,6,6
start,518466,Jabari Blash,0,7,9
start,571708,Andrew Giobbi,0,8,2
start,595351,Ethan Paquette,0,9,10
start,518898,Stephen Kohlscheen,0,0,1
start,542371,Luis Piterson,1,1,4
start,542502,Adrian Martinez,1,2,6
start,573183,Ryan Stovall,1,3,10
start,576405,Brian Fletcher,1,4,7
start,571461,Geoffrey Baldwin,1,5,3
start,543454,Alex Llanos,1,6,8
start,596306,Ryan Jenkins,1,7,2
start,573001,Gabe MacDougall,1,8,9
start,524188,Yunior Figueroa,1,9,5
start,594801,Jonathan Dooley,1,0,1
play,1,0,500726,,,S1/G,127.51,191.77
play,1,0,462088,,,FC6/G.1X2(64);B-1,108.43,162.65
play,1,0,515055,,,CS2
play,1,0,515055,,,D7/L.B-3(E7/TH),65.26,76.31
play,1,0,517539,,,S8/L.3-H,130.52,107.43
play,1,0,595143,,,3/L,146.59,180.72
play,1,1,542371,,,8/F,129.52,72.29
play,1,1,542502,,,3/G,154.62,181.73
play,1,1,573183,,,63/G,112.45,166.67
play,2,0,595400,,,W
play,2,0,518466,,,5(B)53(1)/LDP,110.44,185.74
play,2,0,571708,,,9/L,179.72,109.44
play,2,1,576405,,,K
play,2,1,571461,,,43/G,143.57,158.63
play,2,1,543454,,,S9/L,192.77,123.49
play,2,1,596306,,,K
play,3,0,595351,,,6/P,118.47,161.65
play,3,0,500726,,,9/F,183.73,120.48
play,3,0,462088,,,9/F,179.72,121.49
play,3,1,573001,,,HP
play,3,1,524188,,,8/F,115.46,92.37
play,3,1,542371,,,S8/G.1-3,116.47,110.44
play,3,1,542502,,,13/SH.1-2;3-H,124.50,191.77
play,3,1,573183,,,8/F,121.49,84.34
play,4,0,515055,,,HR/F,203.82,51.20
play,4,0,517539,,,4/P,142.57,156.63
play,4,0,595143,,,9/F,197.79,110.44
play,4,0,595400,,,63/G,114.46,166.67
play,4,1,576405,,,S9/G,170.68,132.53
play,4,1,571461,,,46(1)3/GDP/G4,146.59,163.65
play,4,1,543454,,,1/BP,124.50,195.78
play,5,0,518466,,,K
play,5,0,571708,,,W
play,5,0,595351,,,8/F,112.45,97.39
play,5,0,500726,,,SB2
play,5,0,500726,,,53/G,100.40,176.71
play,5,1,596306,,,2/P,124.50,199.80
play,5,1,573001,,,S9/F,170.68,129.52
play,5,1,524188,,,CS2
play,5,1,524188,,,8/F,115.46,84.34
play,6,0,462088,,,53/G,106.43,178.71
play,6,0,515055,,,K
play,6,0,517539,,,S8/G,120.48,102.41
play,6,0,595143,,,SB2
play,6,0,595143,,,SB3
play,6,0,595143,,,S8/G.3-H,129.52,100.40
play,6,0,595400,,,NP
sub,571709,Michael Giovenco,1,0,1
play,6,0,595400,,,CS2
play,6,1,542371,,,7/F,70.28,113.45
play,6,1,542502,,,S7/G,73.29,119.48
play,6,1,573183,,,S7/G.1-2,79.32,120.48
play,6,1,576405,,,HR/F.1-H;2-H,175.70,38.15
play,6,1,571461,,,NP
sub,597055,Bryan Leigh,0,0,1
play,6,1,571461,,,K
play,6,1,543454,,,K
play,7,0,595400,,,K
play,7,0,518466,,,T8/F,135.54,62.25
play,7,0,571708,,,NP
sub,573095,Derek Poppert,0,7,12
play,7,0,571708,,,9/SF.3-H,196.79,102.41
play,7,0,595351,,,NP
sub,542503,Edul Escobar,1,7,2
play,7,0,595351,,,NP
sub,500716,Jorge Agudelo,0,9,11
play,7,0,500716,,,D7/F,57.23,107.43
play,7,0,500726,,,8/F,123.49,74.30
play,7,1,542503,,,NP
sub,515055,Jose Rivero,0,3,9
play,7,1,573001,,,NP
sub,573095,Derek Poppert,0,7,7
play,7,1,524188,,,NP
sub,500716,Jorge Agudelo,0,9,10
play,7,1,542503,,,53/G,103.41,178.71
play,7,1,573001,,,4/L,145.58,160.64
play,7,1,524188,,,53/G,98.39,171.69
play,8,0,462088,,,K
play,8,0,515055,,,K+PB.B-1
play,8,0,517539,,,T9/F.1-H,200.80,97.39
play,8,0,595143,,,E5.3-H,105.42,180.72
play,8,0,595400,,,CS2
play,8,0,595400,,,9/F,187.75,111.45
play,8,1,542371,,,53/G,102.41,182.73
play,8,1,542502,,,E5/TH,107.43,184.74
play,8,1,573183,,,FC5/G.1X2(54);B-1,103.41,178.71
play,8,1,576405,,,S9/G.1-3,188.76,134.54
play,8,1,571461,,,NP
sub,594842,Tim Griffin,0,0,1
play,8,1,571461,,,S9/F.1-2;3-H,172.69,129.52
play,8,1,543454,,,S8/G.1-3(E8)(E8/TH);2-H;B-2,122.49,114.46
play,8,1,542503,,,K
play,9,0,573095,,,NP
sub,502719,J. Leaper,1,0,1
play,9,0,573095,,,W
play,9,0,571708,,,54/SH.1-2,108.43,184.74
play,9,0,500716,,,3/PF,161.65,197.79
play,9,0,500726,,,43/G,140.56,163.65
play,9,1,573001,,,43/G,141.57,164.66
play,9,1,524188,,,43/G,139.56,163.65
play,9,1,542371,,,D9/G,203.82,97.39
play,9,1,542502,,,NP
sub,592827,Benjamin Versnik,0,0,1
play,9,1,542502,,,HP
play,9,1,573183,,,W.1-2;2-3
play,9,1,576405,,,K
play,10,0,462088,,,53/G,101.41,180.72
play,10,0,515055,,,K+PB.B-1
play,10,0,517539,,,S9/G.1-2,189.76,129.52
play,10,0,595143,,,FC5/G.1X2(54);2-3;B-1,105.42,175.70
play,10,0,595400,,,FC5/G.1X2(54),103.41,175.70
play,10,1,571461,,,43/G,141.57,166.67
play,10,1,543454,,,9/F,183.73,106.43
play,10,1,542503,,,13/G,127.51,191.77
play,11,0,573095,,,D7/L,60.24,100.40
play,11,0,571708,,,BK.2-3
play,11,0,571708,,,S7/G.3-H,62.25,123.49
play,11,0,500716,,,53/SH.1-2,110.44,183.73
play,11,0,500726,,,FLE3/PF
play,11,0,500726,,,S9/G.2-3,120.17,120.02
play,11,0,462088,,,NP
sub,595300,Cole Lohden,1,0,1
play,11,0,462088,,,K
play,11,0,515055,,,FC6/G.1X2(64),112.45,167.67
play,11,1,573001,,,W
play,11,1,524188,,,NP
sub,519214,Derek Rodriguez,1,8,12
play,11,1,524188,,,SB2
play,11,1,524188,,,13/SH.2-3,122.49,194.78
play,11,1,542371,,,9/SF.3-H,199.80,100.40
play,11,1,542502,,,S4/G,133.53,164.66
play,11,1,573183,,,K
play,12,0,517539,,,NP
sub,519214,Derek Rodriguez,1,8,9
play,12,0,517539,,,4/P,133.53,164.66
play,12,0,595143,,,K
play,12,0,595400,,,W
play,12,0,573095,,,K
play,12,1,576405,,,NP
sub,500722,Yovanny Olivero,0,0,1
play,12,1,576405,,,8/F,124.50,83.33
play,12,1,571461,,,K
play,12,1,543454,,,3/PF,151.61,196.79
play,13,0,571708,,,HR/F,23.09,50.20
play,13,0,500716,,,K
play,13,0,500726,,,K
play,13,0,462088,,,K
play,13,1,542503,,,S9/L,173.69,131.53
play,13,1,519214,,,S5/BG.1-2,112.45,186.75
play,13,1,524188,,,13/SH.1-2;2-3,123.49,191.77
play,13,1,542371,,,IW
play,13,1,542502,,,FC6/G.1X2(64);2-3;3-H;B-1,109.44,167.67
play,13,1,573183,,,DI.1-2
play,13,1,573183,,,13/G,126.51,194.78
play,14,0,515055,,,NP
sub,572708,Claudio Bavera,1,0,1
play,14,0,515055,,,W
play,14,0,517539,,,D7/L.1-3,44.18,105.42
play,14,0,595143,,,43/G.2-3;3-H,137.55,165.66
play,14,0,595400,,,HP
play,14,0,573095,,,S3/BG.1-2;3-H,142.57,192.77
play,14,0,571708,,,E6.1-2;2-3,105.42,171.69
play,14,0,500716,,,S9/G.1-2;2-3;3-H,176.71,124.50
play,14,0,500726,,,FC6/G.1X2(64);2-3;3-H;B-1,106.43,159.64
play,14,0,462088,,,K
play,14,1,576405,,,W
play,14,1,571461,,,3/G.1-2,149.60,181.73
play,14,1,543454,,,K
play,14,1,542503,,,3/G,149.60,177.71
id,BurAPP201008080
info,visteam,DanAPP
info,hometeam,BurAPP
info,date,2010/08/08
start,592743,Andrelton Simmons,0,1,6
start,554239,Elmer Reyes,0,2,4
start,594886,Barrett Kleinknecht,0,3,5
start,594828,Evan Gattis,0,4,10
start,572258,Jace Whitmer,0,5,2
start,519345,Joseph Terdoslavich,0,6,3
start,571599,Jakob Dalfonso,0,7,9
start,594935,Jason Mowry,0,8,8
start,595212,Jarred Frierson,0,9,7
start,573062,Aaron Northcraft,0,0,1
start,542371,Luis Piterson,1,1,4
start,542502,Adrian Martinez,1,2,6
start,573001,Gabe MacDougall,1,3,10
start,576405,Brian Fletcher,1,4,7
start,571461,Geoffrey Baldwin,1,5,3
start,543454,Alex Llanos,1,6,8
start,572935,Anthony Howard,1,7,9
start,524188,Yunior Figueroa,1,8,5
start,542503,Edul Escobar,1,9,2
start,572137,Crawford Simmons,1,0,1
play,1,0,592743,,,7/L,69.28,119.48
play,1,0,554239,,,D7/F,73.29,122.49
play,1,0,594886,,,FC1.2X3(15),130.52,194.78
play,1,0,placeholder,,,POCS2(136)
play,1,1,542371,,,S5/G,104.42,182.73
play,1,1,542502,,,46(1)3/GDP/G4,131.53,176.71
play,1,1,573001,,,K
play,2,0,594828,,,7/F,43.17,118.47
play,2,0,572258,,,K
play,2,0,519345,,,K
play,2,1,576405,,,53/G,108.43,181.73
play,2,1,571461,,,13/G,130.52,199.80
play,2,1,543454,,,K
play,3,0,571599,,,43/G,139.56,175.70
play,3,0,594935,,,W
play,3,0,595212,,,S9/F.1-3,155.62,127.51
play,3,0,592743,,,4/P,137.55,171.69
play,3,0,554239,,,7/F,85.34,122.49
play,3,1,572935,,,S7/F,92.37,135.54
play,3,1,524188,,,S9/F.1-3,169.68,126.51
play,3,1,542503,,,64(1)3/GDP/G6.3-H,117.47,171.69
play,3,1,542371,,,53/G,109.44,183.73
play,4,0,594886,,,K23
play,4,0,594828,,,8/F,124.50,61.24
play,4,0,572258,,,K
play,4,1,542502,,,63/G,118.47,172.69
play,4,1,573001,,,K
play,4,1,576405,,,8/F,110.44,69.28
play,5,0,519345,,,W
play,5,0,571599,,,3/BG.1-2,135.54,190.76
play,5,0,594935,,,9/L,167.67,145.58
play,5,0,595212,,,CS3
play,5,1,571461,,,43/G,145.58,169.68
play,5,1,543454,,,HP
play,5,1,572935,,,SB2
play,5,1,572935,,,8/F,133.53,104.42
play,5,1,524188,,,13/G,126.51,197.79
play,6,0,592743,,,NP
sub,573183,Ryan Stovall,1,5,3
play,6,0,595212,,,4/P,133.53,169.68
play,6,0,592743,,,7/F,36.14,119.48
play,6,0,554239,,,53/G,99.40,175.70
play,6,1,542503,,,HR/F,34.14,57.23
play,6,1,542371,,,53/G,107.43,187.75
play,6,1,542502,,,43/G,152.61,171.69
play,6,1,573001,,,7/F,49.20,121.49
play,7,0,594886,,,8/F,112.45,98.39
play,7,0,594828,,,43/G,149.60,173.69
play,7,0,572258,,,6/P,137.55,165.66
play,7,1,576405,,,S7/F,66.27,133.53
play,7,1,573183,,,SB2
play,7,1,573183,,,PB.2-3
play,7,1,573183,,,K
play,7,1,543454,,,SBH
play,7,1,543454,,,W
play,7,1,572935,,,NP
sub,597491,Nate Russ,0,0,1
play,7,1,572935,,,7/F,88.35,126.51
play,7,1,524188,,,3/G,129.52,182.73
play,8,0,519345,,,NP
sub,594776,Chas Byrne,1,0,1
play,8,0,519345,,,S7/F,66.27,131.53
play,8,0,571599,,,S8/F.1-2,128.51,102.41
play,8,0,594935,,,46(1)3/GDP/G4.2-3,133.53,176.71
play,8,0,595212,,,63/G,104.42,167.67
play,8,1,542503,,,K
play,8,1,542371,,,53/G,112.45,187.75
play,8,1,542502,,,W
play,8,1,573001,,,S9/F.1-3,178.71,147.59
play,8,1,576405,,,NP
sub,595176,Ryan Delgado,0,5,2
play,8,1,576405,,,WP.1-2;3-H
play,8,1,576405,,,WP.2-3
play,8,1,576405,,,63/G,114.46,158.63
play,9,0,592743,,,NP
sub,519214,Derek Rodriguez,1,4,7
play,9,0,592743,,,W
play,9,0,554239,,,S7/F.1-2,73.29,115.46
play,9,0,594886,,,7/F,60.24,117.47
play,9,0,594828,,,7/F,72.29,122.49
play,9,0,595176,,,8/F,125.50,102.41
id,BurAPP201008120
info,visteam,BriAPP
info,hometeam,BurAPP
info,date,2010/08/12
start,543388,Jordan Keegan,0,1,7
start,596881,Qualon Millender,0,2,8
start,594895,Drew Lee,0,3,6
start,542941,Daniel Black,0,4,3
start,500875,Jeffer Patino,0,5,4
start,592660,Rangel Ravelo,0,6,5
start,592715,Bradley Salgado,0,7,10
start,555543,Chase Blackwood,0,8,2
start,596882,Marcus Spencer,0,9,9
start,595473,Robert Young,0,0,1
start,542371,Luis Piterson,1,1,4
start,519214,Derek Rodriguez,1,2,7
start,573183,Ryan Stovall,1,3,5
start,596306,Ryan Jenkins,1,4,10
start,571461,Geoffrey Baldwin,1,5,3
start,543454,Alex Llanos,1,6,8
start,572935,Anthony Howard,1,7,9
start,542503,Edul Escobar,1,8,10
start,542502,Adrian Martinez,1,9,6
start,534508,Willian Avinazar,1,0,1
play,1,0,543388,,,7/F,87.35,115.46
play,1,0,596881,,,7/F,69.28,118.47
play,1,0,594895,,,9/F,174.70,108.43
play,1,1,542371,,,53/G,104.42,172.69
play,1,1,519214,,,K
play,1,1,573183,,,3/G,141.57,179.72
play,2,0,542941,,,31/G,147.59,176.71
play,2,0,500875,,,53/G,104.42,182.73
play,2,0,592660,,,S9/F,156.63,130.52
play,2,0,592715,,,FC5/G.1X2(54),103.41,180.72
play,2,1,596306,,,3/G,145.58,181.73
play,2,1,571461,,,43/G,140.56,169.68
play,2,1,543454,,,7/F,75.30,115.46
play,3,0,555543,,,K
play,3,0,596882,,,K
play,3,0,543388,,,S5/BG,108.43,177.71
play,3,0,596881,,,9/F,153.61,135.54
play,3,1,572935,,,3/G,142.57,180.72
play,3,1,542503,,,53/G,106.43,177.71
play,3,1,542502,,,S5/G,109.44,185.74
play,3,1,542371,,,3/L,144.58,177.71
play,4,0,594895,,,5/PF,98.39,195.78
play,4,0,542941,,,8/F,116.47,101.41
play,4,0,500875,,,W
play,4,0,592660,,,FC6/G.1X2(64),110.44,168.67
play,4,1,519214,,,5/P,107.43,178.71
play,4,1,573183,,,E5/TH.B-2,110.44,181.73
play,4,1,596306,,,W+CS3
play,4,1,571461,,,SB2
play,4,1,571461,,,K
play,5,0,592715,,,S7/G,78.31,131.53
play,5,0,555543,,,14/SH.1-2,127.51,196.79
play,5,0,596882,,,5/PF,92.37,191.77
play,5,0,543388,,,E2.B-1,91.85,139.88
play,5,0,596881,,,8/F,113.45,94.38
play,5,1,543454,,,S7/L,89.36,122.49
play,5,1,572935,,,K
play,5,1,542503,,,PO1(E?).1-2
play,5,1,542503,,,CS3
play,5,1,542503,,,43/G,143.57,169.68
play,6,0,594895,,,4/P,138.55,167.67
play,6,0,542941,,,43/G,141.57,171.69
play,6,0,500875,,,S8/G,126.51,123.49
play,6,0,592660,,,3/G,138.55,177.71
play,6,1,542502,,,8/L,127.51,97.39
play,6,1,542371,,,53/G,102.41,178.71
play,6,1,519214,,,53/G,108.43,177.71
play,7,0,592715,,,K
play,7,0,555543,,,HR/F,29.12,73.29
play,7,0,596882,,,K
play,7,0,543388,,,43/G,146.59,170.68
play,7,1,573183,,,K
play,7,1,596306,,,63/G,106.43,165.66
play,7,1,571461,,,K
play,8,0,596881,,,NP
sub,474992,Ryan Wood,1,0,1
play,8,0,596881,,,63/G,112.45,166.67
play,8,0,594895,,,8/F,125.50,97.39
play,8,0,542941,,,3/G,153.61,177.71
play,8,1,543454,,,NP
sub,598718,Terance Marin,0,0,1
play,8,1,543454,,,9/F,160.64,123.49
play,8,1,572935,,,K
play,8,1,542503,,,53/G,107.43,174.70
play,9,0,500875,,,63/G,110.44,164.66
play,9,0,592660,,,S9/G,156.63,122.49
play,9,0,592715,,,CS2
play,9,0,592715,,,K
play,9,1,542502,,,NP
sub,534743,Kevin Moran,0,0,1
play,9,1,542502,,,S6/G,111.45,167.67
play,9,1,542371,,,53/SH.1-2,111.45,189.76
play,9,1,519214,,,NP
sub,524188,Yunior Figueroa,1,2,11
play,9,1,524188,,,K+WP.2-3;B-1
play,9,1,573183,,,64(1)3/GDP/G6,111.45,173.69
id,BurAPP201008130
info,visteam,BriAPP
info,hometeam,BurAPP
info,date,2010/08/13
start,543388,Jordan Keegan,0,1,7
start,596881,Qualon Millender,0,2,8
start,594895,Drew Lee,0,3,4
start,500875,Jeffer Patino,0,4,5
start,592660,Rangel Ravelo,0,5,2
start,594990,Michael Schwartz,0,6,3
start,592715,Bradley Salgado,0,7,6
start,555543,Chase Blackwood,0,8,2
start,596880,J. Ashbrook,0,9,9
start,571547,Jarrett Casey,0,0,1
start,542371,Luis Piterson,1,1,4
start,542502,Adrian Martinez,1,2,6
start,573183,Ryan Stovall,1,3,10
start,573001,Gabe MacDougall,1,4,7
start,571461,Geoffrey Baldwin,1,5,3
start,543454,Alex Llanos,1,6,8
start,524188,Yunior Figueroa,1,7,5
start,542503,Edul Escobar,1,8,2
start,519214,Derek Rodriguez,1,9,9
start,594801,Jonathan Dooley,1,0,1
play,1,0,543388,,,53/G,121.49,181.73
play,1,0,596881,,,W
play,1,0,594895,,,K
play,1,0,500875,,,8/F,108.43,86.35
play,1,1,542371,,,K
play,1,1,542502,,,5/P,100.40,181.73
play,1,1,573183,,,63/G,112.45,173.69
play,2,0,592660,,,9/F,198.80,112.45
play,2,0,594990,,,S7/F,85.34,120.48
play,2,0,592715,,,16(1)3/GDP/G1,132.53,193.78
play,2,1,573001,,,9/F,155.62,135.54
play,2,1,571461,,,K
play,2,1,543454,,,63/G,109.44,174.70
play,3,0,555543,,,6/P,127.51,163.65
play,3,0,596880,,,9/F,148.59,132.53
play,3,0,543388,,,S9/F,163.65,138.55
play,3,0,596881,,,K
play,3,1,524188,,,S7/F,73.29,127.51
play,3,1,542503,,,64(1)3/GDP/G6,118.47,171.69
play,3,1,519214,,,E5,114.46,183.73
play,3,1,542371,,,S7/F.1-2,59.24,130.52
play,3,1,542502,,,43/G,128.51,173.69
play,4,0,594895,,,8/F,126.51,96.39
play,4,0,500875,,,D7/F,74.30,135.54
play,4,0,592660,,,9/F,200.80,111.45
play,4,0,594990,,,9/F,156.63,127.51
play,4,1,573183,,,S7/F,90.36,127.51
play,4,1,573001,,,K
play,4,1,571461,,,6(1)3/G6/GDP,115.46,169.68
play,5,0,592715,,,63/G,122.49,161.65
play,5,0,555543,,,63/G,112.45,177.71
play,5,0,596880,,,63/G,126.51,168.67
play,5,1,543454,,,63/G,120.48,178.71
play,5,1,524188,,,K
play,5,1,542503,,,63/G,119.48,169.68
play,6,0,543388,,,S8/L,120.48,96.39
play,6,0,596881,,,13/SH.1-2,119.48,196.79
play,6,0,594895,,,7/F,50.20,104.42
play,6,0,500875,,,43/G,142.57,180.72
play,6,1,519214,,,8/F,134.54,104.42
play,6,1,542371,,,K
play,6,1,542502,,,53/G,114.46,177.71
play,7,0,592660,,,NP
sub,598859,Jake Ramsey,1,0,1
play,7,0,592660,,,K
play,7,0,594990,,,8/F,98.39,96.39
play,7,0,592715,,,E5/TH,118.47,184.74
play,7,0,555543,,,K
play,7,1,573183,,,7/F,51.20,130.52
play,7,1,573001,,,K
play,7,1,571461,,,S8/F,111.45,122.49
play,7,1,543454,,,9/F,175.70,124.50
play,8,0,596880,,,43/G,136.55,169.68
play,8,0,543388,,,1/G,131.53,197.79
play,8,0,596881,,,S8/G,121.49,122.49
play,8,0,594895,,,3/G,140.56,188.76
play,8,1,524188,,,S9/L,163.65,149.60
play,8,1,542503,,,13/SH.1-2,122.49,198.80
play,8,1,519214,,,7/F,55.22,119.48
play,8,1,542371,,,6/L,108.43,172.69
play,9,0,500875,,,NP
sub,502719,J. Leaper,1,0,1
play,9,0,500875,,,S8/F,105.42,121.49
play,9,0,592660,,,WP.1-2
play,9,0,592660,,,34/SH.2-3,127.51,194.78
play,9,0,594990,,,43/G,129.52,160.64
play,9,0,592715,,,4/P,133.53,173.69
play,9,1,542502,,,K
play,9,1,573183,,,43/G,129.52,169.68
play,9,1,573001,,,NP
sub,572935,Anthony Howard,1,4,11
play,9,1,572935,,,W
play,9,1,571461,,,3/G,147.59,186.75
play,10,0,555543,,,NP
sub,572935,Anthony Howard,1,4,9
play,10,0,596880,,,NP
sub,519214,Derek Rodriguez,1,9,7
play,10,0,555543,,,K
play,10,0,596880,,,8/F,102.41,101.41
play,10,0,543388,,,5/P,104.42,176.71
play,10,1,543454,,,8/F,105.42,89.36
play,10,1,524188,,,1/L,128.51,190.76
play,10,1,542503,,,8/F,99.40,72.29
play,11,0,596881,,,63/G,122.49,173.69
play,11,0,594895,,,5/P,110.44,178.71
play,11,0,500875,,,K
play,11,1,519214,,,NP
sub,562366,Richard Marshall,0,0,1
play,11,1,519214,,,S1/G,118.47,190.76
play,11,1,542371,,,7/F,71.29,117.47
play,11,1,542502,,,64(1)3/GDP/G6,115.46,171.69
play,12,0,592660,,,NP
sub,572708,Claudio Bavera,1,0,1
play,12,0,592660,,,W
play,12,0,placeholder,,,NP
sub,596882,Marcus Spencer,0,5,12
play,12,0,594990,,,WP.1-2
play,12,0,594990,,,53/G.2-3,111.45,183.73
play,12,0,592715,,,S5/G.3-H;B-2(E5/TH),109.44,184.74
play,12,0,555543,,,HR/F.2-H,56.22,48.19
play,12,0,596880,,,E4/TH,142.57,167.67
play,12,0,543388,,,K
play,12,0,596881,,,K
play,12,1,573183,,,NP
sub,596882,Marcus Spencer,0,5,10
play,12,1,573183,,,E6/TH,115.46,177.71
play,12,1,572935,,,K
play,12,1,571461,,,K
play,12,1,543454,,,WP.1-2
play,12,1,543454,,,43/G,127.51,164.66
id,BurAPP201008140
info,visteam,BriAPP
info,hometeam,BurAPP
info,date,2010/08/14
start,543388,Jordan Keegan,0,1,7
start,596881,Qualon Millender,0,2,8
start,500875,Jeffer Patino,0,3,4
start,542941,Daniel Black,0,4,10
start,592660,Rangel Ravelo,0,5,5
start,572794,Robert Cummings,0,6,3
start,555543,Chase Blackwood,0,7,2
start,595033,Ethan Wilson,0,8,6
start,596880,J. D. Ashbrook,0,9,9
start,571765,Matthew Heidenreich,0,0,1
start,542371,Luis Piterson,1,1,4
start,542502,Adrian Martinez,1,2,6
start,573183,Ryan Stovall,1,3,3
start,596306,Ryan Jenkins,1,4,2
start,524188,Yunior Figueroa,1,5,5
start,572935,Anthony Howard,1,6,9
start,573001,Gabe MacDougall,1,7,7
start,595379,Drew Robertson,1,8,2
start,519214,Derek Rodriguez,1,9,8
start,572137,Crawford Simmons,1,0,1
play,1,0,543388,,,7/F,72.29,121.49
play,1,0,596881,,,S8/G,124.50,99.40
play,1,0,500875,,,7/F,80.32,116.47
play,1,0,542941,,,D7/L.1-H,64.26,79.32
play,1,0,592660,,,9/F,173.69,101.41
play,1,1,542371,,,43/G,137.55,170.68
play,1,1,542502,,,S4/G,131.53,162.65
play,1,1,573183,,,K
play,1,1,596306,,,CS2
play,2,0,572794,,,S9/G,169.68,121.49
play,2,0,555543,,,HP.1-2
play,2,0,595033,,,4/P,134.54,145.58
play,2,0,596880,,,5(2)3/G5/GDP,104.42,180.72
play,2,1,596306,,,9/F,176.71,111.45
play,2,1,524188,,,5/L,102.41,175.70
play,2,1,572935,,,S9/G,170.68,126.51
play,2,1,573001,,,K
play,3,0,543388,,,7/F,78.31,120.48
play,3,0,596881,,,D8/F,126.51,83.33
play,3,0,500875,,,SB3
play,3,0,500875,,,43/G.3-H,140.56,165.66
play,3,0,542941,,,3/PF,157.63,186.75
play,3,1,595379,,,143/G1,141.57,168.67
play,3,1,519214,,,53/G,101.41,174.70
play,3,1,542371,,,K
play,4,0,592660,,,S8/G,133.53,97.39
play,4,0,572794,,,HR/F.1-H,133.53,38.15
play,4,0,555543,,,63/G,113.45,167.67
play,4,0,595033,,,9/F,174.70,114.46
play,4,0,596880,,,9/F,173.69,106.43
play,4,1,542502,,,S7/G,77.31,125.50
play,4,1,573183,,,S8/G.1-2,124.50,108.43
play,4,1,596306,,,NP
sub,594900,Michael Liberto,1,4,11
play,4,1,594900,,,S7/L.1-H;2-H;B-2,75.30,120.48
play,4,1,524188,,,7/F,71.29,133.53
play,4,1,572935,,,WP.2-3
play,4,1,572935,,,K
play,4,1,573001,,,7/F,70.28,124.50
play,5,0,543388,,,NP
sub,594900,Michael Liberto,1,4,10
play,5,0,543388,,,3/G,151.61,181.73
play,5,0,596881,,,9/F,178.71,114.46
play,5,0,500875,,,143/G1,135.54,168.67
play,5,1,595379,,,K
play,5,1,519214,,,S6/G,104.42,169.68
play,5,1,542371,,,PO1(E?).1-2
play,5,1,542371,,,FC5.2-H;BX2(165),126.51,190.76
play,5,1,542502,,,43/G,137.55,167.67
play,6,0,542941,,,K
play,6,0,592660,,,8/L,125.50,86.35
play,6,0,572794,,,9/F,171.69,106.43
play,6,1,573183,,,S6/G,102.41,168.67
play,6,1,594900,,,K
play,6,1,524188,,,NP
sub,571461,Geoffrey Baldwin,1,5,11
play,6,1,571461,,,6(1)3/G6/GDP,110.44,167.67
play,7,0,555543,,,NP
sub,573183,Ryan Stovall,1,3,5
play,7,0,595033,,,NP
sub,571461,Geoffrey Baldwin,1,5,3
play,7,0,596880,,,NP
sub,594856,Daniel Hernandez,1,0,1
play,7,0,555543,,,D8/F.BX3(85),95.38,72.29
play,7,0,595033,,,43/G,142.57,167.67
play,7,0,596880,,,13/G,125.50,190.76
play,7,1,572935,,,NP
sub,502280,Jamaal Hollis,0,0,1
play,7,1,572935,,,K
play,7,1,573001,,,S9/G,184.74,122.49
play,7,1,595379,,,W.1-2
play,7,1,519214,,,K
play,7,1,542371,,,8/F,119.48,81.33
play,8,0,543388,,,K
play,8,0,596881,,,8/F,120.48,86.35
play,8,0,500875,,,K
play,8,1,542502,,,6/P,110.44,171.69
play,8,1,573183,,,8/F,125.50,87.35
play,8,1,594900,,,S8/L,128.51,94.38
play,8,1,571461,,,CS2
play,9,0,542941,,,NP
sub,592540,Justin Mazur,1,0,1
play,9,0,542941,,,W
play,9,0,placeholder,,,NP
sub,596882,Marcus Spencer,0,4,12
play,9,0,592660,,,34/SH.1-2,135.54,198.80
play,9,0,572794,,,63/G.2-3,115.46,166.67
play,9,0,555543,,,63/G,112.45,163.65
play,9,1,572935,,,NP
sub,534743,Kevin Moran,0,0,1
play,9,1,573001,,,NP
sub,596882,Marcus Spencer,0,4,10
play,9,1,571461,,,K
play,9,1,572935,,,9/F,172.69,109.44
play,9,1,573001,,,S5/G,105.42,177.71
play,9,1,595379,,,K
id,BurAPP201008170
info,visteam,DanAPP
info,hometeam,BurAPP
info,date,2010/08/17
start,592743,Andrelton Simmons,0,1,6
start,554239,Elmer Reyes,0,2,4
start,571599,Jakob Dalfonso,0,3,3
start,594886,Barrett Kleinknecht,0,4,5
start,594828,Evan Gattis,0,5,2
start,595176,Ryan Delgado,0,6,10
start,594935,Jason Mowry,0,7,8
start,598878,Keenan Wiley,0,8,9
start,594819,Kenny Fleming,0,9,7
start,592303,David Filak,0,0,1
start,542371,Luis Piterson,1,1,4
start,594900,Michael Liberto,1,2,6
start,573183,Ryan Stovall,1,3,3
start,596306,Ryan Jenkins,1,4,2
start,524188,Yunior Figueroa,1,5,5
start,543454,Alex Llanos,1,6,10
start,572935,Anthony Howard,1,7,9
start,573001,Gabe MacDougall,1,8,7
start,519214,Derek Rodriguez,1,9,8
start,534508,Willian Avinazar,1,0,1
play,1,0,592743,,,43/G,134.54,171.69
play,1,0,554239,,,D8/F,74.30,113.45
play,1,0,571599,,,8/F,136.55,104.42
play,1,0,594886,,,S7/F.2-H,57.23,134.54
play,1,0,594828,,,WP.1-2
play,1,0,594828,,,7/F,52.21,124.50
play,1,1,542371,,,63/G,100.40,166.67
play,1,1,594900,,,K
play,1,1,573183,,,4/L,140.56,170.68
play,2,0,595176,,,S9/G,166.67,162.65
play,2,0,594935,,,D9/L.1-3,174.70,141.57
play,2,0,598878,,,S7/F.2-3;3-H,93.37,139.56
play,2,0,594819,,,CSH;.1-2
play,2,0,594819,,,T9/F.2-H,192.77,99.40
play,2,0,592743,,,S9/G.3-H,164.66,143.57
play,2,0,554239,,,SB2
play,2,0,554239,,,S7/L,111.45,153.61
play,2,0,571599,,,64(1)3/GDP/G6,122.49,168.67
play,2,1,596306,,,43/G,153.61,163.65
play,2,1,524188,,,K
play,2,1,543454,,,W
play,2,1,572935,,,S8/F.1-3,129.52,133.53
play,2,1,573001,,,4/P,146.59,178.71
play,3,0,594886,,,NP
sub,595300,Cole Lohden,1,0,1
play,3,0,594886,,,7/F,108.43,98.39
play,3,0,594828,,,S7/F,82.33,117.47
play,3,0,595176,,,8/F,132.53,96.39
play,3,0,594935,,,FC4/G.1X2(46),137.55,172.69
play,3,1,placeholder,,,NP
sub,571873,Lucas La Point,0,0,1
play,3,1,519214,,,63/G,126.51,180.72
play,3,1,542371,,,6/P,98.39,163.65
play,3,1,594900,,,9/F,170.68,129.52
play,4,0,598878,,,S8/L,119.48,98.39
play,4,0,594819,,,63/G.1-2,119.48,167.67
play,4,0,592743,,,W
play,4,0,554239,,,54(1)3/GDP/G5,109.44,175.70
play,4,1,573183,,,S6/G,115.46,171.69
play,4,1,596306,,,D9/F.1-H,152.61,119.48
play,4,1,524188,,,5/P,101.41,177.71
play,4,1,543454,,,7/F,72.29,125.50
play,4,1,572935,,,K
play,5,0,571599,,,3/G,146.59,194.78
play,5,0,594886,,,9/F,151.61,118.47
play,5,0,594828,,,63/G,115.46,165.66
play,5,1,573001,,,S6/G,110.44,159.64
play,5,1,519214,,,13/SH.1-2,124.50,192.77
play,5,1,542371,,,53/G,106.43,177.71
play,5,1,594900,,,9/F,177.71,112.45
play,6,0,595176,,,NP
sub,598859,Jake Ramsey,1,0,1
play,6,0,595176,,,4/L,149.60,177.71
play,6,0,594935,,,S7/F,91.37,133.53
play,6,0,598878,,,CS2
play,6,0,598878,,,6/P,125.50,170.68
play,6,1,573183,,,S8/F,127.51,112.45
play,6,1,596306,,,64(1)3/GDP/G6,110.44,172.69
play,6,1,524188,,,S5/G,113.45,180.72
play,6,1,543454,,,8/F,125.50,91.37
play,7,0,594819,,,NP
sub,594856,Daniel Hernandez,1,0,1
play,7,0,594819,,,K
play,7,0,592743,,,E5/TH.B-2,113.45,184.74
play,7,0,554239,,,K
play,7,0,571599,,,63/G,113.45,174.70
play,7,1,572935,,,9/F,152.61,126.51
play,7,1,573001,,,HP
play,7,1,519214,,,4/P,135.54,171.69
play,7,1,542371,,,7/F,42.17,122.49
play,8,0,594886,,,NP
sub,592540,Justin Mazur,1,0,1
play,8,0,594886,,,S7/F,94.38,127.51
play,8,0,594828,,,FC6/G.1X2(64);B-1,119.48,171.69
play,8,0,595176,,,K
play,8,0,594935,,,HR/F.1-H,229.92,60.24
play,8,0,598878,,,S7/F,88.35,137.55
play,8,0,594819,,,43/G,151.61,170.68
play,8,1,594900,,,E5,105.42,182.73
play,8,1,573183,,,E4.1-2,146.59,177.71
play,8,1,596306,,,W.1-2;2-3
play,8,1,524188,,,46(1)3/GDP/G4.2-3;3-H,141.57,170.68
play,8,1,543454,,,3/G,139.56,183.73
play,9,0,592743,,,NP
sub,502719,J. Leaper,1,0,1
play,9,0,592743,,,HR/F,30.12,57.23
play,9,0,554239,,,D7/F,73.29,107.43
play,9,0,571599,,,7/L,92.37,123.49
play,9,0,594886,,,S7/L.2-3,84.34,148.59
play,9,0,594828,,,63/G.1-2;3-H,108.43,170.68
play,9,0,595176,,,9/F,178.71,123.49
play,9,1,572935,,,NP
sub,597491,Nate Russ,0,0,1
play,9,1,572935,,,K23
play,9,1,573001,,,53/G,105.42,181.73
play,9,1,519214,,,6/L,111.45,170.68
id,BurAPP201008190
info,visteam,KinAPP
info,hometeam,BurAPP
info,date,2010/08/19
start,571724,Chase Greene,0,1,8
start,572897,ZeErika McQueen,0,2,7
start,573669,Aderlin Rodriguez,0,3,5
start,502095,Lucas Stewart,0,4,3
start,543710,Javier Rodriguez,0,5,9
start,544938,Albert Cordero,0,6,10
start,572284,Nelfi Zapata,0,7,2
start,502402,Brandon Brown,0,8,4
start,541603,Ismael Tijerina,0,9,6
start,514897,Eduardo Aldama,0,0,1
start,542371,Luis Piterson,1,1,4
start,594900,Michael Liberto,1,2,6
start,573183,Ryan Stovall,1,3,10
start,596306,Ryan Jenkins,1,4,10
start,571461,Geoffrey Baldwin,1,5,3
start,543454,Alex Llanos,1,6,8
start,572935,Anthony Howard,1,7,9
start,573001,Gabe MacDougall,1,8,7
start,542503,Edul Escobar,1,9,2
start,594801,Jonathan Dooley,1,0,1
play,1,0,571724,,,S7/G,101.41,106.43
play,1,0,572897,,,SB2
play,1,0,572897,,,S9/G.2-3,181.73,102.41
play,1,0,573669,,,SB2.2-3(E2/TH);3-H
play,1,0,573669,,,63/G.3-H,60.09,124.34
play,1,0,502095,,,HR/F,162.65,33.13
play,1,0,543710,,,9/F,169.68,123.49
play,1,0,544938,,,S8/G,128.51,91.37
play,1,0,572284,,,K
play,1,1,542371,,,HP
play,1,1,594900,,,D7/L.1-3,81.33,124.50
play,1,1,573183,,,3/G.2-3;3-H,145.58,188.76
play,1,1,596306,,,K23.3XH
play,2,0,placeholder,,,NP
sub,572026,Robert Penny,1,0,1
play,2,0,placeholder,,,NP
sub,524188,Yunior Figueroa,1,2,5
play,2,0,placeholder,,,NP
sub,573183,Ryan Stovall,1,3,6
play,2,0,502402,,,W
play,2,0,541603,,,53/G.1-2,111.45,184.74
play,2,0,571724,,,POCS3(145)
play,2,0,571724,,,K
play,2,1,placeholder,,,NP
sub,541596,Jhonathan Torres,0,0,1
play,2,1,571461,,,K
play,2,1,543454,,,K
play,2,1,572935,,,S9/G,192.77,123.49
play,2,1,placeholder,,,FLE3/PF
play,2,1,573001,,,K
play,3,0,572897,,,43/G,143.57,173.69
play,3,0,573669,,,43/G,148.59,170.68
play,3,0,502095,,,K
play,3,1,542503,,,7/F,50.20,109.44
play,3,1,542371,,,K
play,3,1,524188,,,3/G,144.58,184.74
play,4,0,543710,,,53/G,103.41,182.73
play,4,0,544938,,,63/G,110.44,175.70
play,4,0,572284,,,8/F,124.50,88.35
play,4,1,573183,,,7/F,58.23,109.44
play,4,1,596306,,,8/F,122.49,84.34
play,4,1,571461,,,K
play,5,0,502402,,,K
play,5,0,541603,,,K
play,5,0,571724,,,43/G,144.58,170.68
play,5,1,543454,,,NP
sub,543317,Charles Hinojosa,0,8,4
play,5,1,572935,,,NP
sub,541603,Ismael Tijerina,0,9,6
play,5,1,543454,,,S3/BG,135.54,195.78
play,5,1,572935,,,HP.1-2
play,5,1,573001,,,K
play,5,1,542503,,,54(1)3/GDP/G5,106.43,182.73
play,6,0,572897,,,E5,102.41,179.72
play,6,0,573669,,,K
play,6,0,502095,,,SB2
play,6,0,502095,,,6/P,104.42,170.68
play,6,0,543710,,,3/PF,148.59,202.81
play,6,1,542371,,,NP
sub,595466,Steve Winnick,0,0,1
play,6,1,542371,,,7/F,53.21,107.43
play,6,1,524188,,,S7/G,56.22,113.45
play,6,1,573183,,,23/G.1-2,123.49,204.82
play,6,1,596306,,,K
play,7,0,544938,,,NP
sub,598859,Jake Ramsey,1,0,1
play,7,0,544938,,,13/G,126.51,192.77
play,7,0,572284,,,43/G,144.58,172.69
play,7,0,543317,,,E3,153.61,178.71
play,7,0,541603,,,S8/G.1-2,122.49,90.36
play,7,0,571724,,,63/G,109.44,175.70
play,7,1,571461,,,S5/BG,101.41,176.71
play,7,1,543454,,,K+SB2
play,7,1,572935,,,5/P,104.42,180.72
play,7,1,573001,,,43/G,143.57,173.69
play,8,0,572897,,,E5/TH,104.42,179.72
play,8,0,573669,,,S9/F.1-2,198.80,121.49
play,8,0,502095,,,NP
sub,572708,Claudio Bavera,1,0,1
play,8,0,502095,,,K
play,8,0,543710,,,BK.1-2;2-3
play,8,0,543710,,,E5.2-3(E5/TH);3-H,106.43,179.72
play,8,0,544938,,,S5/G.1-2;3-H,97.39,174.70
play,8,0,572284,,,S8/G.1-2;2-3,124.50,116.47
play,8,0,543317,,,64(1)3/GDP/G6,105.42,170.68
play,8,1,542503,,,63/G,104.42,173.69
play,8,1,542371,,,E5,103.41,180.72
play,8,1,524188,,,43/G.1-2,146.59,171.69
play,8,1,573183,,,S8/G.2-H,123.49,87.35
play,8,1,596306,,,K
play,9,0,541603,,,8/F,123.49,93.37
play,9,0,571724,,,W
play,9,0,572897,,,S9/G.1-2,179.72,127.51
play,9,0,573669,,,D7/G.1-3;2-H,48.19,113.45
play,9,0,502095,,,S9/G.2-3;3-H,190.76,126.51
play,9,0,543710,,,S7/G.1-2;3-H,53.21,112.45
play,9,0,544938,,,NP
sub,592540,Justin Mazur,1,0,1
play,9,0,544938,,,46(1)3/GDP/G4,147.59,171.69
play,9,1,571461,,,NP
sub,572831,Josh Edgin,0,0,1
play,9,1,571461,,,K
play,9,1,543454,,,K
play,9,1,572935,,,HR/L,223.90,85.34
play,9,1,573001,,,8/F,114.46,81.33
id,BurAPP201008200
info,visteam,KinAPP
info,hometeam,BurAPP
info,date,2010/08/20
start,571724,Chase Greene,0,1,8
start,572897,ZeErika McQueen,0,2,7
start,573669,Aderlin Rodriguez,0,3,5
start,502095,Lucas Stewart,0,4,3
start,543710,Javier Rodriguez,0,5,9
start,544938,Albert Cordero,0,6,2
start,572284,Nelfi Zapata,0,7,10
start,502402,Brandon Brown,0,8,6
start,541603,Ismael Tijerina,0,9,4
start,543290,Michael Hebert,0,0,1
start,542371,Luis Piterson,1,1,4
start,594900,Michael Liberto,1,2,6
start,573183,Ryan Stovall,1,3,3
start,596306,Ryan Jenkins,1,4,10
start,524188,Yunior Figueroa,1,5,5
start,543454,Alex Llanos,1,6,8
start,572935,Anthony Howard,1,7,9
start,519214,Derek Rodriguez,1,8,7
start,542503,Edul Escobar,1,9,2
start,572137,Crawford Simmons,1,0,1
play,1,0,571724,,,3/G,147.59,178.71
play,1,0,572897,,,53/G,108.43,180.72
play,1,0,573669,,,K
play,1,1,542371,,,S2/G,123.49,195.78
play,1,1,594900,,,SB2
play,1,1,594900,,,HP
play,1,1,573183,,,CS3;.1-2
play,1,1,573183,,,S8/L.2-H;B-2,134.54,68.27
play,1,1,596306,,,CS3
play,1,1,596306,,,K
play,2,0,502095,,,S7/L,58.23,124.50
play,2,0,543710,,,8/F,109.44,127.51
play,2,0,544938,,,S8/F.1-2,128.51,107.43
play,2,0,572284,,,S9/G.1-2;2-3,168.67,132.53
play,2,0,502402,,,54(1)3/GDP/G5,101.41,180.72
play,2,1,524188,,,S9/G,184.74,126.51
play,2,1,543454,,,D9/F.1-3,165.66,117.47
play,2,1,572935,,,43/G.2-3;3-H,135.54,174.70
play,2,1,519214,,,W
play,2,1,542503,,,K+SBH;SB2
play,2,1,542371,,,E5.2-H;B-2,107.43,181.73
play,2,1,594900,,,S8/G.2-H,114.46,96.39
play,2,1,573183,,,E6.1-2,110.44,173.69
play,2,1,596306,,,FC6/G.1X2(64),122.49,166.67
play,3,0,541603,,,43/G,137.55,163.65
play,3,0,571724,,,8/F,113.45,75.30
play,3,0,572897,,,43/G,139.56,168.67
play,3,1,524188,,,NP
sub,543317,Charles Hinojosa,0,3,4
play,3,1,543454,,,NP
sub,541603,Ismael Tijerina,0,9,5
play,3,1,524188,,,9/F,166.67,128.51
play,3,1,543454,,,63/G,112.45,170.68
play,3,1,572935,,,W
play,3,1,519214,,,W.1-2
play,3,1,542503,,,8/F,116.47,91.37
play,4,0,543317,,,63/G,110.44,169.68
play,4,0,502095,,,63/G,112.45,170.68
play,4,0,543710,,,K
play,4,1,542371,,,9/FF,175.70,165.66
play,4,1,594900,,,W
play,4,1,573183,,,W.1-2
play,4,1,596306,,,4(1)3/G4/GDP,135.54,166.67
play,5,0,544938,,,9/F,169.68,120.48
play,5,0,572284,,,43/G,145.58,170.68
play,5,0,502402,,,S9/F,138.55,124.50
play,5,0,541603,,,S9/G.1-2,173.69,129.52
play,5,0,571724,,,4/PF,170.68,179.72
play,5,1,524188,,,NP
sub,597972,Chase Huchingson,0,0,1
play,5,1,524188,,,63/G,111.45,176.71
play,5,1,543454,,,9/F,187.75,129.52
play,5,1,572935,,,W
play,5,1,519214,,,D9/F.1-3,172.69,123.49
play,5,1,542503,,,53/G,92.37,183.73
play,6,0,572897,,,W
play,6,0,543317,,,K
play,6,0,502095,,,WP.1-2
play,6,0,502095,,,D8/L.2-H,129.52,91.37
play,6,0,543710,,,NP
sub,573153,John Semel,0,5,11
play,6,0,573153,,,S9/F.2-3,178.71,132.53
play,6,0,544938,,,64(1)3/GDP/G6,109.44,176.71
play,6,1,542371,,,NP
sub,573153,John Semel,0,5,9
play,6,1,542371,,,K
play,6,1,594900,,,K
play,6,1,573183,,,4/P,139.56,168.67
play,7,0,572284,,,NP
sub,571709,Michael Giovenco,1,0,1
play,7,0,572284,,,W
play,7,0,502402,,,9/F,196.79,120.48
play,7,0,541603,,,WP.1-2
play,7,0,541603,,,63/G.2-3,108.43,177.71
play,7,0,571724,,,PB.3-H
play,7,0,571724,,,W
play,7,0,572897,,,E5.1-2,100.40,178.71
play,7,0,543317,,,43/G,142.57,167.67
play,7,1,596306,,,NP
sub,595152,Hunter Carnevale,0,0,1
play,7,1,596306,,,53/G,106.43,189.76
play,7,1,524188,,,S8/G,115.46,102.41
play,7,1,543454,,,64(1)3/GDP/G6,116.47,167.67
play,8,0,502095,,,8/F,126.51,96.39
play,8,0,573153,,,4/P,141.57,162.65
play,8,0,544938,,,63/G,119.48,179.72
play,8,1,572935,,,W
play,8,1,519214,,,SH.1-H;B-3,121.49,196.79
play,8,1,542503,,,K23
play,8,1,542371,,,S7/G.3-H,69.28,127.51
play,8,1,594900,,,FC6/G.1X2(64);B-1,110.44,173.69
play,8,1,573183,,,K
play,9,0,572284,,,NP
sub,594856,Daniel Hernandez,1,0,1
play,9,0,572284,,,53/G,104.42,184.74
play,9,0,502402,,,S9/G,166.67,122.49
play,9,0,541603,,,FC6/G.1X2(64);B-1,117.47,175.70
play,9,0,571724,,,13/G,123.49,190.76
id,BurAPP201008210
info,visteam,KinAPP
info,hometeam,BurAPP
info,date,2010/08/21
start,571724,Chase Greene,0,1,7
start,502402,Brandon Brown,0,2,6
start,572897,ZeErika McQueen,0,3,8
start,502095,Lucas Stewart,0,4,3
start,544938,Albert Cordero,0,5,2
start,572284,Nelfi Zapata,0,6,10
start,573153,John Semel,0,7,9
start,543317,Charles Hinojosa,0,8,4
start,541603,Ismael Tijerina,0,9,5
start,542674,Gonzalez Germen,0,0,1
start,542371,Luis Piterson,1,1,4
start,594900,Michael Liberto,1,2,6
start,573183,Ryan Stovall,1,3,5
start,571461,Geoffrey Baldwin,1,4,3
start,524188,Yunior Figueroa,1,5,10
start,543454,Alex Llanos,1,6,8
start,572935,Anthony Howard,1,7,9
start,573001,Gabe MacDougall,1,8,7
start,595379,Drew Robertson,1,9,2
start,521835,Leonel Santiago,1,0,1
play,1,0,571724,,,E5,100.40,179.72
play,1,0,502402,,,WP.1-2
play,1,0,502402,,,8/F,140.56,111.45
play,1,0,572897,,,K
play,1,0,502095,,,7/F,72.29,123.49
play,1,1,542371,,,K
play,1,1,594900,,,3/P,140.56,178.71
play,1,1,573183,,,8/F,123.49,77.31
play,2,0,544938,,,S7/F,90.36,129.52
play,2,0,572284,,,6(1)3/G6/GDP,108.43,169.68
play,2,0,573153,,,S9/L,179.72,126.51
play,2,0,543317,,,CS2
play,2,1,571461,,,S7/L,78.31,123.49
play,2,1,524188,,,S9/L.1X3,182.73,127.51
play,2,1,543454,,,9/F,144.58,131.53
play,2,1,572935,,,8/F,115.46,83.33
play,3,0,543317,,,8/F,137.55,88.35
play,3,0,541603,,,63/G,114.46,165.66
play,3,0,571724,,,2/P,121.49,203.82
play,3,1,573001,,,53/G,107.43,187.75
play,3,1,595379,,,K23
play,3,1,542371,,,S8/L,122.49,123.49
play,3,1,594900,,,S2/BG.1-2,123.49,203.82
play,3,1,573183,,,53/G,104.42,179.72
play,4,0,502402,,,NP
sub,519214,Derek Rodriguez,1,7,9
play,4,0,502402,,,3/P,155.62,172.69
play,4,0,572897,,,63/G,113.45,167.67
play,4,0,502095,,,K
play,4,1,571461,,,K
play,4,1,524188,,,9/F,179.72,126.51
play,4,1,543454,,,13/G,124.50,188.76
play,5,0,544938,,,53/G,107.43,177.71
play,5,0,572284,,,43/G,152.61,170.68
play,5,0,573153,,,4/L,139.56,174.70
play,5,1,519214,,,K
play,5,1,573001,,,K
play,5,1,595379,,,K
play,6,0,543317,,,53/G,98.39,175.70
play,6,0,541603,,,53/G,110.44,185.74
play,6,0,571724,,,43/G,141.57,171.69
play,6,1,542371,,,7/F,65.26,117.47
play,6,1,594900,,,S9/L,166.67,133.53
play,6,1,573183,,,K+CS2
play,7,0,502402,,,31/G,150.60,182.73
play,7,0,572897,,,K
play,7,0,502095,,,43/G,128.51,179.72
play,7,1,571461,,,K
play,7,1,524188,,,S8/F,103.41,86.35
play,7,1,543454,,,FC2/G.1X2(26);B-1,125.50,200.80
play,7,1,519214,,,FC6/G.1X2(64),111.45,169.68
play,8,0,544938,,,3/P,150.60,173.69
play,8,0,572284,,,13/G,124.50,190.76
play,8,0,573153,,,S9/L,179.72,144.58
play,8,0,543317,,,CS2
play,8,1,573001,,,63/G,116.47,166.67
play,8,1,595379,,,43/G,144.58,172.69
play,8,1,542371,,,6/L,114.46,168.67
play,9,0,541603,,,NP
sub,595300,Cole Lohden,1,0,1
play,9,0,543317,,,K
play,9,0,541603,,,53/G,94.38,177.71
play,9,0,571724,,,9/F,189.76,118.47
play,9,1,594900,,,NP
sub,595027,Michael Weldon,0,0,1
play,9,1,594900,,,W
play,9,1,573183,,,SB2
play,9,1,573183,,,W
play,9,1,571461,,,2/BP,123.49,191.77
play,9,1,524188,,,S8/L.2-H,116.47,93.37
id,BurAPP201008280
info,visteam,DanAPP
info,hometeam,BurAPP
info,date,2010/08/28
start,547181,Matt Lipka,0,1,10
start,592743,Andrelton Simmons,0,2,6
start,571599,Jakob Dalfonso,0,3,3
start,594886,Barrett Kleinknecht,0,4,5
start,595176,Ryan Delgado,0,5,2
start,554239,Elmer Reyes,0,6,4
start,598878,Keenan Wiley,0,7,9
start,594935,Jason Mowry,0,8,8
start,594819,Kenny Fleming,0,9,7
start,592303,David Filak,0,0,1
start,542371,Luis Piterson,1,1,4
start,594900,Michael Liberto,1,2,6
start,573183,Ryan Stovall,1,3,5
start,596306,Ryan Jenkins,1,4,10
start,571461,Geoffrey Baldwin,1,5,3
start,543454,Alex Llanos,1,6,8
start,572935,Anthony Howard,1,7,9
start,542503,Edul Escobar,1,8,2
start,519214,Derek Rodriguez,1,9,7
start,534508,Willian Avinazar,1,0,1
play,1,0,547181,,,6/P,121.49,176.71
play,1,0,592743,,,S8/L,114.46,89.36
play,1,0,571599,,,T9/F.1-H,160.64,132.53
play,1,0,594886,,,S8/F.3-H,132.53,94.38
play,1,0,595176,,,8/F,115.46,97.39
play,1,0,554239,,,FC5/G.1X2(54),102.41,183.73
play,1,1,542371,,,63/G,117.47,177.71
play,1,1,594900,,,63/G,117.47,174.70
play,1,1,573183,,,K
play,2,0,598878,,,E3,149.60,180.72
play,2,0,594935,,,41/G.1-2,134.54,174.70
play,2,0,594819,,,5/PF,92.37,185.74
play,2,0,547181,,,63/G,106.43,170.68
play,2,1,596306,,,S8/G,132.53,97.39
play,2,1,571461,,,K
play,2,1,543454,,,S8/G.1-2,119.48,93.37
play,2,1,572935,,,W.1-2;2-3
play,2,1,542503,,,16352/GDP/G1.3-H,123.49,191.77
play,3,0,592743,,,K
play,3,0,571599,,,K
play,3,0,594886,,,53/G,104.42,176.71
play,3,1,placeholder,,,NP
sub,571873,Lucas La Point,0,0,1
play,3,1,519214,,,7/F,90.36,103.41
play,3,1,542371,,,8/F,137.55,89.36
play,3,1,594900,,,S1/G,128.51,186.75
play,3,1,573183,,,S7/F.1-2,66.27,121.49
play,3,1,596306,,,53/G,103.41,180.72
play,4,0,595176,,,S7/L,106.43,116.47
play,4,0,554239,,,S7/F.1-2,67.27,110.44
play,4,0,598878,,,14/SH.1-2;2-3,128.51,190.76
play,4,0,594935,,,FC6.2X3(65);3-H,112.45,174.70
play,4,0,594819,,,S9/G.1-3,170.68,124.50
play,4,0,547181,,,63/G,114.46,176.71
play,4,1,571461,,,S9/F.BX2(946),185.74,116.47
play,4,1,543454,,,3/G,152.61,187.75
play,4,1,572935,,,S8/F,128.51,99.40
play,4,1,542503,,,K
play,5,0,592743,,,NP
sub,573183,Ryan Stovall,1,3,3
play,5,0,571599,,,NP
sub,524188,Yunior Figueroa,1,5,5
play,5,0,592743,,,K
play,5,0,571599,,,4/L,131.53,168.67
play,5,0,594886,,,8/F,120.48,105.42
play,5,1,519214,,,S9/F,160.64,127.51
play,5,1,542371,,,S7/G.1-2,98.39,146.59
play,5,1,594900,,,14/SH.1-2;2-3,124.50,188.76
play,5,1,573183,,,IW
play,5,1,596306,,,S9/F.1-3;2-H;3-H,165.66,136.55
play,5,1,524188,,,6(1)3/G6/GDP,110.44,165.66
play,6,0,595176,,,3/G,141.57,185.74
play,6,0,554239,,,K
play,6,0,598878,,,7/F,62.25,131.53
play,6,1,543454,,,63/G,119.48,176.71
play,6,1,572935,,,K23
play,6,1,542503,,,53/G,87.35,186.75
play,7,0,594935,,,W
play,7,0,594819,,,S7/F.1-2,78.31,126.51
play,7,0,547181,,,8/F.?X?(84),112.45,95.38
play,7,0,592743,,,4/P,135.54,167.67
play,7,1,519214,,,W
play,7,1,542371,,,8/F,122.49,102.41
play,7,1,594900,,,9/F,179.72,132.53
play,7,1,573183,,,SB2
play,7,1,573183,,,D7/F.2-H,51.20,124.50
play,7,1,596306,,,2/P,129.52,209.84
play,8,0,571599,,,NP
sub,571709,Michael Giovenco,1,0,1
play,8,0,571599,,,3/G,146.59,187.75
play,8,0,594886,,,K
play,8,0,595176,,,W
play,8,0,554239,,,NP
sub,592311,Kurt Fleming,0,5,12
play,8,0,554239,,,53/G,99.40,179.72
play,8,1,524188,,,NP
sub,594828,Evan Gattis,0,5,2
play,8,1,524188,,,3/G,140.56,176.71
play,8,1,543454,,,K
play,8,1,572935,,,8/F,118.47,97.39
play,9,0,598878,,,7/F,98.39,127.51
play,9,0,594935,,,8/F,104.42,92.37
play,9,0,594819,,,NP
sub,517424,Alberto Odreman,0,9,11
play,9,0,517424,,,K
id,BurAPP201008290
info,visteam,DanAPP
info,hometeam,BurAPP
info,date,2010/08/29
start,547181,Matt Lipka,0,1,10
start,592743,Andrelton Simmons,0,2,6
start,571599,Jakob Dalfonso,0,3,3
start,594886,Barrett Kleinknecht,0,4,5
start,594828,Evan Gattis,0,5,2
start,554239,Elmer Reyes,0,6,4
start,598878,Keenan Wiley,0,7,9
start,594935,Jason Mowry,0,8,8
start,594819,Kenny Fleming,0,9,7
start,489087,Ian Marshall,0,0,1
start,542371,Luis Piterson,1,1,4
start,594900,Michael Liberto,1,2,6
start,573183,Ryan Stovall,1,3,3
start,596306,Ryan Jenkins,1,4,10
start,524188,Yunior Figueroa,1,5,5
start,543454,Alex Llanos,1,6,8
start,572935,Anthony Howard,1,7,9
start,542503,Edul Escobar,1,8,2
start,519214,Derek Rodriguez,1,9,7
start,594801,Jonathan Dooley,1,0,1
play,1,0,547181,,,W
play,1,0,592743,,,S9/F.1-3,154.62,131.53
play,1,0,571599,,,S5/G.1-H;3-H;B-2,107.43,186.75
play,1,0,594886,,,43/G.2-3,134.54,175.70
play,1,0,594828,,,K23
play,1,0,554239,,,53/G,101.41,187.75
play,1,1,placeholder,,,NP
sub,595212,Jarred Frierson,0,6,4
play,1,1,542371,,,2/PF,123.49,213.86
play,1,1,594900,,,43/G,133.53,177.71
play,1,1,573183,,,K
play,2,0,598878,,,7/F,121.49,175.70
play,2,0,594935,,,8/F,114.46,97.39
play,2,0,594819,,,7/F,62.25,119.48
play,2,1,596306,,,S8/F,132.53,100.40
play,2,1,524188,,,S9/L.1-3,163.65,114.46
play,2,1,543454,,,6(1)3/G6/GDP.3-H,123.49,176.71
play,2,1,572935,,,K
play,3,0,547181,,,S9/F,140.56,120.48
play,3,0,592743,,,SB2
play,3,0,592743,,,7/F,81.33,96.39
play,3,0,571599,,,43/G.2-3,138.55,173.69
play,3,0,594886,,,3/G,154.62,178.71
play,3,1,542503,,,K
play,3,1,519214,,,7/L,64.26,123.49
play,3,1,542371,,,4/L,138.55,172.69
play,4,0,594828,,,9/F,180.72,100.40
play,4,0,595212,,,31/G,161.65,178.71
play,4,0,598878,,,S8/G,86.35,87.35
play,4,0,594935,,,SB2
play,4,0,594935,,,8/F,88.35,126.51
play,4,1,594900,,,3/P,139.56,182.73
play,4,1,573183,,,K
play,4,1,596306,,,W
play,4,1,524188,,,K
play,5,0,594819,,,9/F,125.50,96.39
play,5,0,547181,,,63/G,116.47,174.70
play,5,0,592743,,,43/G,132.53,174.70
play,5,1,543454,,,23/BG,128.51,201.81
play,5,1,572935,,,K
play,5,1,542503,,,K
play,6,0,571599,,,8/F,146.59,101.41
play,6,0,594886,,,S8/F,131.53,118.47
play,6,0,594828,,,PO1(13)
play,6,0,594828,,,K
play,6,1,519214,,,S8/L.BX2(84),117.47,107.43
play,6,1,542371,,,HR/F,24.10,65.26
play,6,1,594900,,,63/G,106.43,174.70
play,6,1,573183,,,63/G,108.43,166.67
play,7,0,595212,,,D8/F,131.53,77.31
play,7,0,598878,,,S1/BG.2-H(E1/TH),127.51,197.79
play,7,0,594935,,,63/G.1-2,108.43,169.68
play,7,0,594819,,,NP
sub,598859,Jake Ramsey,1,0,1
play,7,0,594819,,,7/F,74.30,115.46
play,7,0,547181,,,13/G,126.51,194.78
play,7,1,596306,,,W
play,7,1,524188,,,53/SH.1-2,108.43,184.74
play,7,1,543454,,,S9/L.2-H,185.74,122.49
play,7,1,572935,,,NP
sub,597491,Nate Russ,0,0,1
play,7,1,572935,,,8/F,125.50,95.38
play,7,1,542503,,,T8/F.1-H,123.49,63.25
play,7,1,519214,,,13/G,125.50,196.79
play,8,0,592743,,,43/G,136.55,174.70
play,8,0,571599,,,W
play,8,0,594886,,,WP.1-2
play,8,0,594886,,,63/G.2-3,102.41,173.69
play,8,0,594828,,,9/F,175.70,117.47
play,8,1,542371,,,D7/F,43.17,113.45
play,8,1,594900,,,53/SH.2-3,108.43,184.74
play,8,1,573183,,,W
play,8,1,596306,,,K
play,8,1,524188,,,SB2
play,8,1,524188,,,K
play,9,0,595212,,,T9/F,199.80,120.48
play,9,0,598878,,,NP
sub,592311,Kurt Fleming,0,7,11
play,9,0,594935,,,NP
sub,572708,Claudio Bavera,1,0,1
play,9,0,592311,,,FC5/G.3X3;BX1,104.42,185.74
play,9,0,594935,,,NP
sub,595176,Ryan Delgado,0,8,11
play,9,0,595176,,,E6,109.44,185.74
play,9,0,594819,,,NP
sub,517424,Alberto Odreman,0,9,11
play,9,0,517424,,,43/G,139.56,173.69
id,BurAPP201009010
info,visteam,JohAPP
info,hometeam,BurAPP
info,date,2010/09/01
start,594824,Greg Garcia,0,1,4
start,570805,Oscar Taveras,0,2,8
start,592774,Cody Stanley,0,3,2
start,595158,Philip Cerreto,0,4,7
start,500675,Kleininger Teran,0,5,3
start,521091,Romulo Ruiz,0,6,10
start,542465,Roberto Reyes,0,7,9
start,592286,Patrick Elkins,0,8,5
start,551750,Cesar Valera,0,9,6
start,595166,Ryan Copeland,0,0,1
start,542371,Luis Piterson,1,1,4
start,594900,Michael Liberto,1,2,6
start,573183,Ryan Stovall,1,3,3
start,596306,Ryan Jenkins,1,4,10
start,524188,Yunior Figueroa,1,5,5
start,543454,Alex Llanos,1,6,8
start,542503,Edul Escobar,1,7,2
start,573001,Gabe MacDougall,1,8,7
start,519214,Derek Rodriguez,1,9,9
start,572965,Jonathon Keck,1,0,1
play,1,0,594824,,,S7/G,89.36,108.43
play,1,0,570805,,,S7/G.1-2,67.27,108.43
play,1,0,592774,,,W.1-2;2-3
play,1,0,595158,,,S7/L.1-2;2-3;3-H,83.33,106.43
play,1,0,500675,,,7/F,81.33,109.44
play,1,0,521091,,,W.1-2;2-3;3-H
play,1,0,542465,,,S8/L.1X3;2-H;3-H;B-2,117.47,121.49
play,1,0,592286,,,W
play,1,0,placeholder,,,NP
sub,594856,Daniel Hernandez,1,0,1
play,1,0,551750,,,43/G,139.56,174.70
play,1,1,542371,,,K
play,1,1,594900,,,D7/L,93.37,102.41
play,1,1,573183,,,S7/G.2-3,120.48,122.49
play,1,1,596306,,,SBH
play,1,1,placeholder,,,POCS2(136)
play,1,1,596306,,,43/G,136.55,172.69
play,2,0,594824,,,9/F,152.61,114.46
play,2,0,570805,,,S8/G,142.57,113.45
play,2,0,592774,,,HR/F.1-H,68.27,52.21
play,2,0,595158,,,13/G,126.51,198.80
play,2,0,500675,,,7/FF,68.27,172.69
play,2,1,524188,,,53/G,112.45,182.73
play,2,1,543454,,,13/G,124.50,199.80
play,2,1,542503,,,K
play,3,0,521091,,,7/F,83.33,98.39
play,3,0,542465,,,K
play,3,0,592286,,,S9/L,160.64,115.46
play,3,0,551750,,,9/F,170.68,119.48
play,3,1,573001,,,S7/G,61.24,109.44
play,3,1,519214,,,13/SH.1-2,117.47,200.80
play,3,1,542371,,,8/F,127.51,102.41
play,3,1,594900,,,S7/L.2-H,71.29,105.42
play,3,1,573183,,,9/F,184.74,126.51
play,4,0,594824,,,6/P,108.43,175.70
play,4,0,570805,,,K
play,4,0,592774,,,63/G,108.43,171.69
play,4,1,596306,,,43/G,132.53,179.72
play,4,1,524188,,,S9/G,138.55,123.49
play,4,1,543454,,,K
play,4,1,542503,,,S8/G.1-2,130.52,103.41
play,4,1,573001,,,FLE9/PF
play,4,1,573001,,,K
play,5,0,595158,,,NP
sub,595300,Cole Lohden,1,0,1
play,5,0,595158,,,9/F,162.65,102.41
play,5,0,500675,,,W
play,5,0,521091,,,8/F,155.62,113.45
play,5,0,542465,,,3/G,143.57,190.76
play,5,1,519214,,,S8/G,107.43,103.41
play,5,1,542371,,,SB2
play,5,1,542371,,,8/F,119.48,99.40
play,5,1,594900,,,S9/L.2-3,182.73,119.48
play,5,1,573183,,,4/L,137.55,177.71
play,5,1,596306,,,8/F,134.54,107.43
play,6,0,592286,,,9/F,166.67,122.49
play,6,0,551750,,,K
play,6,0,594824,,,HP
play,6,0,570805,,,3/G,143.57,189.76
play,6,1,524188,,,43/G,134.54,178.71
play,6,1,543454,,,K
play,6,1,542503,,,S9/L,176.71,98.39
play,6,1,573001,,,W.1-2
play,6,1,519214,,,NP
sub,518447,Andrew Benes,0,0,1
play,6,1,519214,,,NP
sub,572935,Anthony Howard,1,9,11
play,6,1,572935,,,K
play,7,0,592774,,,NP
sub,572935,Anthony Howard,1,9,9
play,7,0,592774,,,HR/F,227.91,40.16
play,7,0,595158,,,K
play,7,0,500675,,,43/G,136.55,172.69
play,7,0,521091,,,W
play,7,0,542465,,,3/G,136.55,189.76
play,7,1,542371,,,HP
play,7,1,594900,,,4(1)3/G4/GDP,138.55,178.71
play,7,1,573183,,,D8/L,129.52,91.37
play,7,1,596306,,,43/G,143.57,175.70
play,8,0,592286,,,NP
sub,502719,J. Leaper,1,0,1
play,8,0,592286,,,S9/L.B-2(E9),198.80,113.45
play,8,0,551750,,,9/F.2-3,184.74,110.44
play,8,0,594824,,,8/SF.3-H,132.53,115.46
play,8,0,570805,,,3/G,140.56,187.75
play,8,1,524188,,,NP
sub,592515,Aidan Lucas,0,0,1
play,8,1,524188,,,63/G,107.43,165.66
play,8,1,543454,,,K
play,8,1,542503,,,8/F,144.58,114.46
play,9,0,592774,,,43/G,130.52,178.71
play,9,0,595158,,,E5/TH,118.47,178.71
play,9,0,500675,,,WP.1-2
play,9,0,500675,,,S9/L.2-3,158.63,125.50
play,9,0,521091,,,8/F,161.65,104.42
play,9,0,542465,,,FC6/G.1X2(6),106.43,174.70
play,9,1,573001,,,HP
play,9,1,572935,,,W.1-2
play,9,1,542371,,,FC1/G.1X2(16);2-H;B-2(E6/TH),123.49,190.76
play,9,1,594900,,,K
play,9,1,573183,,,S7/L.2-H,53.21,112.45
play,9,1,596306,,,K
id,DanAPP201006280
info,visteam,EliAPP
info,hometeam,DanAPP
info,date,2010/06/28
start,594849,Jamaal Hawkins,0,1,6
start,594973,Lance Ray,0,2,9
start,542455,Oswaldo Arcia,0,3,8
start,571861,Kyle Knudson,0,4,2
start,543611,Daniel Ortiz,0,5,7
start,594896,Andy Leer,0,6,5
start,571972,Buddy Munroe,0,7,10
start,475774,Gunner Glad,0,8,4
start,592184,Brian Burke,0,9,3
start,543908,Blayne Weller,0,0,1
start,594935,Jason Mowry,1,1,8
start,592743,Andrelton Simmons,1,2,6
start,519345,Joseph Terdoslavich,1,3,5
start,594828,Evan Gattis,1,4,2
start,594886,Barrett Kleinknecht,1,5,4
start,575508,Ramon Flores,1,6,9
start,572258,Jace Whitmer,1,7,10
start,571599,Jakob Dalfonso,1,8,3
start,594819,Kenny Fleming,1,9,7
start,543146,Kyle Farrell,1,0,1
play,1,0,594849,,,43/G,111.45,180.72
play,1,0,594973,,,3/G,144.58,177.71
play,1,0,542455,,,K
play,1,1,594935,,,S7/G,74.30,126.51
play,1,1,592743,,,FC6/G.1X2(64);B-1,113.45,168.67
play,1,1,519345,,,CS2
play,1,1,519345,,,K
play,2,0,571861,,,13/G,125.50,191.77
play,2,0,543611,,,S9/G,179.72,133.53
play,2,0,594896,,,D9/L.1-H;B-3(E9),202.81,122.49
play,2,0,571972,,,W
play,2,0,475774,,,46(1)3/GDP/G4,136.55,179.72
play,2,1,594828,,,HP
play,2,1,594886,,,FC6/G.1X2(64);B-1,110.44,178.71
play,2,1,575508,,,S9/L.1-2,169.68,129.52
play,2,1,572258,,,K
play,2,1,571599,,,S9/L.1-2;2-H,157.63,125.50
play,2,1,594819,,,K
play,3,0,592184,,,E6,125.50,174.70
play,3,0,594849,,,13/G.1-2,120.48,189.76
play,3,0,594973,,,HP
play,3,0,542455,,,K
play,3,0,571861,,,FC5/G.2X3(5),105.42,177.71
play,3,1,594935,,,3/G,151.61,175.70
play,3,1,592743,,,E5,102.41,185.74
play,3,1,519345,,,S7/L.1-2,87.35,131.53
play,3,1,594828,,,8/F.2-3,126.51,104.42
play,3,1,594886,,,43/G,145.58,162.65
play,4,0,543611,,,9/F,180.72,114.46
play,4,0,594896,,,K
play,4,0,571972,,,K23
play,4,1,575508,,,8/F,122.49,94.38
play,4,1,572258,,,NP
sub,572809,Clinton Dempster,0,0,1
play,4,1,572258,,,9/F,158.63,112.45
play,4,1,571599,,,K+PB.B-1
play,4,1,594819,,,S1/BG.1-2,135.54,192.77
play,4,1,594935,,,S3/G.1-2;2-3,140.56,191.77
play,4,1,592743,,,E4.1-H;2-H;3-H;B-2,142.57,137.55
play,4,1,519345,,,9/F,176.71,113.45
play,5,0,475774,,,NP
sub,592786,Matthew Suschak,1,0,1
play,5,0,475774,,,K
play,5,0,592184,,,W
play,5,0,594849,,,K+WP.1-2
play,5,0,594973,,,7/F,73.29,105.42
play,5,1,594828,,,63/G,99.40,176.71
play,5,1,594886,,,K
play,5,1,575508,,,K
play,6,0,542455,,,K
play,6,0,571861,,,K
play,6,0,543611,,,K
play,6,1,572258,,,S8/L,139.56,112.45
play,6,1,571599,,,K
play,6,1,594819,,,16(1)3/GDP/G1,123.49,181.73
play,7,0,594896,,,S8/G,104.42,108.43
play,7,0,571972,,,36(1)3/GDP/G3,143.57,179.72
play,7,0,475774,,,S8/L,112.45,115.46
play,7,0,592184,,,FC6/G.1X2(64),100.40,172.69
play,7,1,594935,,,43/G,142.57,174.70
play,7,1,592743,,,7/F,72.29,107.43
play,7,1,519345,,,63/G,109.44,172.69
play,8,0,594849,,,NP
sub,576168,Dalton Acord,1,0,1
play,8,0,594849,,,K
play,8,0,594973,,,7/F,59.24,110.44
play,8,0,542455,,,K
play,8,1,594828,,,NP
sub,592382,Matthew Hauser,0,0,1
play,8,1,594828,,,8/F,138.55,90.36
play,8,1,594886,,,K
play,8,1,575508,,,K
play,9,0,571861,,,S8/L,135.54,103.41
play,9,0,543611,,,K
play,9,0,594896,,,WP.1-2
play,9,0,594896,,,WP.2-3
play,9,0,594896,,,K
play,9,0,571972,,,W
play,9,0,475774,,,K
id,DanAPP201006290
info,visteam,EliAPP
info,hometeam,DanAPP
info,date,2010/06/29
start,594849,Jamaal Hawkins,0,1,6
start,594973,Lance Ray,0,2,9
start,542455,Oswaldo Arcia,0,3,8
start,571861,Kyle Knudson,0,4,10
start,543611,Daniel Ortiz,0,5,7
start,594896,Andy Leer,0,6,5
start,592184,Brian Burke,0,7,3
start,571972,Buddy Munroe,0,8,2
start,475774,Gunner Glad,0,9,4
start,594951,Ryan O'Rourke,0,0,1
start,575508,Ramon Flores,1,1,8
start,592743,Andrelton Simmons,1,2,6
start,519345,Joseph Terdoslavich,1,3,5
start,594828,Evan Gattis,1,4,10
start,517424,Alberto Odreman,1,5,3
start,501592,Daniel Falcon,1,6,9
start,595176,Ryan Delgado,1,7,2
start,554239,Elmer Reyes,1,8,4
start,506916,Bobby Rauh,1,9,7
start,573062,Aaron Northcraft,1,0,1
play,1,0,594849,,,W
play,1,0,594973,,,S7/G.1-2,83.33,120.48
play,1,0,542455,,,K
play,1,0,571861,,,SB3
play,1,0,571861,,,9/SF.3-H,189.76,118.47
play,1,0,543611,,,43/G,138.55,168.67
play,1,1,575508,,,K
play,1,1,592743,,,W
play,1,1,519345,,,S9/F.1-3,173.69,124.50
play,1,1,594828,,,9/SF.3-H,187.75,107.43
play,1,1,517424,,,K
play,2,0,594896,,,S9/L,161.65,127.51
play,2,0,592184,,,S8/G.1-2,123.49,127.51
play,2,0,571972,,,5(2)3/G5/GDP.1-2,104.42,177.71
play,2,0,475774,,,D8/F.2-H,115.46,102.41
play,2,0,594849,,,K
play,2,1,501592,,,K
play,2,1,595176,,,D8/F,124.50,106.43
play,2,1,554239,,,13/G.2-3,130.52,193.78
play,2,1,506916,,,K
play,3,0,594973,,,S9/G,181.73,124.50
play,3,0,542455,,,8/F,119.48,88.35
play,3,0,571861,,,S8/G.1-3,121.49,112.45
play,3,0,543611,,,T9/G.1-H;3-H,197.79,121.49
play,3,0,594896,,,S8/L.3-H,120.48,118.47
play,3,0,592184,,,D8/F.1-H,128.51,93.37
play,3,0,571972,,,S8/G.2-H;BX2(86),130.52,130.52
play,3,0,475774,,,9/F,177.71,123.49
play,3,1,575508,,,8/F,120.48,85.34
play,3,1,592743,,,4/L,140.56,176.71
play,3,1,519345,,,63/G,109.44,172.69
play,4,0,594849,,,NP
sub,543826,Tyler Stovall,1,0,1
play,4,0,594849,,,W
play,4,0,594973,,,K
play,4,0,542455,,,K
play,4,0,571861,,,K
play,4,1,594828,,,D9/F,181.73,118.47
play,4,1,517424,,,7/F,47.19,129.52
play,4,1,501592,,,S9/L.2-3,171.69,116.47
play,4,1,595176,,,6/P,112.45,173.69
play,4,1,554239,,,K
play,5,0,543611,,,W
play,5,0,594896,,,63/G.1-2,115.46,169.68
play,5,0,592184,,,FC6.2X3(65),116.47,171.69
play,5,0,571972,,,W+WP.1-3
play,5,0,475774,,,53/G,108.43,177.71
play,5,1,506916,,,5/PF,91.37,189.76
play,5,1,575508,,,D7/L,62.25,120.48
play,5,1,592743,,,63/G.2-3,113.45,172.69
play,5,1,519345,,,S4/G.3-H,139.56,173.69
play,5,1,594828,,,S9/L.1-2,156.63,134.54
play,5,1,517424,,,S7/L.1-2;2-H,69.28,114.46
play,5,1,501592,,,NP
sub,493556,David Gutierrez,0,0,1
play,5,1,501592,,,K
play,6,0,594849,,,NP
sub,592501,Matthew Lewis,1,0,1
play,6,0,594849,,,W
play,6,0,594973,,,SB2
play,6,0,594973,,,7/F,72.29,117.47
play,6,0,542455,,,31/G.2-3,145.58,183.73
play,6,0,571861,,,S9/L.3-H,179.72,119.48
play,6,0,543611,,,3/G,144.58,181.73
play,6,1,595176,,,W
play,6,1,554239,,,13/G.1-2,117.47,190.76
play,6,1,506916,,,S4/G.2-3,146.59,175.70
play,6,1,575508,,,K
play,6,1,592743,,,HP.1-2
play,6,1,519345,,,S8/L.1-2;2-H;3-H,117.47,105.42
play,6,1,594828,,,D7/F.1-3;2-H,68.27,110.44
play,6,1,517424,,,K
play,7,0,594896,,,K23
play,7,0,592184,,,63/G,114.46,167.67
play,7,0,571972,,,3/G,145.58,173.69
play,7,1,501592,,,HR/F,124.50,86.35
play,7,1,595176,,,NP
sub,572155,Sam Spangler,0,0,1
play,7,1,595176,,,HR/F,76.31,103.41
play,7,1,554239,,,63/G,112.45,169.68
play,7,1,506916,,,S5/BG.B-2(E5/TH),102.41,175.70
play,7,1,575508,,,53/G,105.42,178.71
play,7,1,592743,,,7/F,83.33,122.49
play,8,0,475774,,,S7/L,77.31,115.46
play,8,0,594849,,,FC6/G.1X2(64);B-1,108.43,169.68
play,8,0,594973,,,FC6/G.1X2(64);B-1,115.46,172.69
play,8,0,542455,,,S8/L.1-2,127.51,116.47
play,8,0,571861,,,S6/G.1-2;2-3,101.41,170.68
play,8,0,543611,,,9/F,183.73,107.43
play,8,1,519345,,,9/F,161.65,121.49
play,8,1,594828,,,S8/G,112.45,110.44
play,8,1,517424,,,NP
sub,594935,Jason Mowry,1,4,12
play,8,1,517424,,,64(1)3/GDP/G6,116.47,171.69
play,9,0,594896,,,NP
sub,594935,Jason Mowry,1,4,10
play,9,0,592184,,,NP
sub,542562,Edigson Mora,1,0,1
play,9,0,594896,,,S5/G,99.40,170.68
play,9,0,592184,,,W.1-2
play,9,0,571972,,,13/SH.1-2;2-3,121.49,192.77
play,9,0,475774,,,IW
play,9,0,594849,,,FC4.1X2(4),134.54,178.71
play,9,0,594973,,,8/F,126.51,91.37
play,9,1,501592,,,NP
sub,573624,Zach See,0,0,1
play,9,1,501592,,,K
play,9,1,595176,,,K
play,9,1,554239,,,8/F,122.49,82.33
play,10,0,542455,,,W
play,10,0,571861,,,1/BP,105.42,194.78
play,10,0,543611,,,K
play,10,0,594896,,,BK.1-2
play,10,0,594896,,,63/G,108.43,168.67
play,10,1,506916,,,K
play,10,1,575508,,,S8/L,124.50,112.45
play,10,1,592743,,,PO1(13)
play,10,1,592743,,,W
play,10,1,519345,,,7/F,73.29,112.45
play,11,0,592184,,,HP
play,11,0,571972,,,K
play,11,0,475774,,,9/F,185.74,120.48
play,11,0,594849,,,D7/F.1-H,62.25,113.45
play,11,0,594973,,,D9/F.2-H,184.74,109.44
play,11,0,542455,,,HR/F.2-H,208.84,56.22
play,11,0,571861,,,K
play,11,1,594935,,,NP
sub,592382,Matthew Hauser,0,0,1
play,11,1,594935,,,D7/L,52.21,120.48
play,11,1,517424,,,K
play,11,1,501592,,,K
play,11,1,595176,,,9/F,178.71,118.47
id,DanAPP201006300
info,visteam,EliAPP
info,hometeam,DanAPP
info,date,2010/06/30
start,594849,Jamaal Hawkins,0,1,6
start,594973,Lance Ray,0,2,9
start,542455,Oswaldo Arcia,0,3,8
start,571861,Kyle Knudson,0,4,10
start,543611,Daniel Ortiz,0,5,7
start,594896,Andy Leer,0,6,5
start,592184,Brian Burke,0,7,3
start,516612,Jhonatan Arias,0,8,2
start,527033,Hyeong-rok Choi,0,9,4
start,516614,Manuel Soliman,0,0,1
start,594935,Jason Mowry,1,1,8
start,592743,Andrelton Simmons,1,2,6
start,519345,Joseph Terdoslavich,1,3,5
start,594828,Evan Gattis,1,4,10
start,572258,Jace Whitmer,1,5,2
start,571599,Jakob Dalfonso,1,6,3
start,595212,Jarred Frierson,1,7,9
start,554239,Elmer Reyes,1,8,4
start,594819,Kenny Fleming,1,9,7
start,571873,Lucas La Point,1,0,1
play,1,0,594849,,,3/PF,196.79,203.82
play,1,0,594973,,,8/F,125.50,87.35
play,1,0,542455,,,K
play,1,1,594935,,,53/G,102.41,178.71
play,1,1,592743,,,HP
play,1,1,519345,,,9/F,187.75,113.45
play,1,1,594828,,,E5.1-2,98.39,178.71
play,1,1,572258,,,3/PF,213.86,196.79
play,2,0,571861,,,63/G,119.48,158.63
play,2,0,543611,,,W
play,2,0,594896,,,K
play,2,0,592184,,,SB2
play,2,0,592184,,,K
play,2,1,571599,,,7/F,72.29,106.43
play,2,1,595212,,,W
play,2,1,554239,,,K
play,2,1,594819,,,K23
play,3,0,516612,,,53/G,108.43,180.72
play,3,0,527033,,,53/G,110.44,183.73
play,3,0,594849,,,63/G,122.49,166.67
play,3,1,594935,,,7/FF,42.17,184.74
play,3,1,592743,,,E6,106.43,170.68
play,3,1,519345,,,3/G.1-2,148.59,180.72
play,3,1,594828,,,6/P,121.49,165.66
play,4,0,594973,,,D9/L.BX3(965),150.60,119.48
play,4,0,542455,,,9/F,183.73,117.47
play,4,0,571861,,,63/G,128.51,169.68
play,4,1,572258,,,63/G,107.43,166.67
play,4,1,571599,,,K
play,4,1,595212,,,K
play,5,0,543611,,,9/F,146.59,118.47
play,5,0,594896,,,53/G,107.43,179.72
play,5,0,592184,,,53/G,93.37,177.71
play,5,1,554239,,,7/F,78.31,108.43
play,5,1,594819,,,W
play,5,1,594935,,,7/F,53.21,115.46
play,5,1,592743,,,CS2
play,6,0,516612,,,53/G,98.39,171.69
play,6,0,527033,,,53/G,106.43,183.73
play,6,0,594849,,,K
play,6,1,592743,,,7/F,61.24,107.43
play,6,1,519345,,,K23
play,6,1,594828,,,E6,108.43,162.65
play,6,1,572258,,,FC5/G.1X2(54),110.44,177.71
play,7,0,594973,,,D9/L,203.82,96.39
play,7,0,542455,,,D8/F.2-H,90.36,98.39
play,7,0,571861,,,31/G.2-3,148.59,182.73
play,7,0,543611,,,7/F,98.39,135.54
play,7,0,594896,,,K
play,7,1,571599,,,7/F,61.24,106.43
play,7,1,595212,,,6/P,118.47,171.69
play,7,1,554239,,,4/P,134.54,169.68
play,8,0,592184,,,NP
sub,595206,Matt Fouch,1,0,1
play,8,0,592184,,,K
play,8,0,516612,,,6/P,110.44,172.69
play,8,0,527033,,,K
play,8,1,594819,,,NP
sub,544380,Andrei Lobanov,0,0,1
play,8,1,594819,,,NP
sub,506916,Bobby Rauh,1,9,11
play,8,1,506916,,,S8/L,114.46,103.41
play,8,1,594935,,,NP
sub,501592,Daniel Falcon,1,1,11
play,8,1,501592,,,6(1)3/G6/GDP,109.44,168.67
play,8,1,592743,,,S9/L,160.64,136.55
play,8,1,519345,,,43/G,137.55,178.71
play,9,0,594849,,,NP
sub,501592,Daniel Falcon,1,1,9
play,9,0,594973,,,NP
sub,595212,Jarred Frierson,1,7,7
play,9,0,542455,,,NP
sub,506916,Bobby Rauh,1,9,8
play,9,0,594849,,,K
play,9,0,594973,,,K
play,9,0,542455,,,K
play,9,1,594828,,,63/G,113.45,166.67
play,9,1,572258,,,K23
play,9,1,571599,,,NP
sub,517424,Alberto Odreman,1,6,11
play,9,1,517424,,,53/G,106.43,177.71
id,DanAPP201007010
info,visteam,PriAPP
info,hometeam,DanAPP
info,date,2010/07/01
start,596335,Brian Harris,0,1,6
start,571711,Todd Glaesmann,0,2,8
start,595281,Kevin Kiermaier,0,3,9
start,572853,Bryan Fogle,0,4,10
start,501675,Ruben Contreras,0,5,7
start,553889,Hector Guevara,0,6,4
start,517021,Gerardo Olivares,0,7,2
start,545349,Jeff Malm,0,8,3
start,541653,Felix Gonzalez,0,9,5
start,572015,Jacob Partridge,0,0,1
start,592743,Andrelton Simmons,1,1,6
start,594886,Barrett Kleinknecht,1,2,5
start,519345,Joseph Terdoslavich,1,3,3
start,594828,Evan Gattis,1,4,10
start,501592,Daniel Falcon,1,5,9
start,572258,Jace Whitmer,1,6,2
start,506916,Bobby Rauh,1,7,8
start,594935,Jason Mowry,1,8,7
start,554239,Elmer Reyes,1,9,4
start,592303,David Filak,1,0,1
play,1,0,596335,,,K
play,1,0,571711,,,K
play,1,0,595281,,,S7/L,73.29,135.54
play,1,0,572853,,,6/P,116.47,166.67
play,1,1,592743,,,W
play,1,1,594886,,,3/P,148.59,173.69
play,1,1,519345,,,SB2
play,1,1,519345,,,9/F,191.77,125.50
play,1,1,594828,,,63/G,107.43,166.67
play,2,0,501675,,,8/F,138.55,108.43
play,2,0,553889,,,53/G,111.45,183.73
play,2,0,517021,,,K
play,2,1,501592,,,3/P,148.59,178.71
play,2,1,572258,,,S7/G,95.38,133.53
play,2,1,506916,,,W.1-2
play,2,1,594935,,,7/FF,56.22,149.60
play,2,1,554239,,,2/PF,112.45,221.89
play,3,0,545349,,,43/G,133.53,165.66
play,3,0,541653,,,K
play,3,0,596335,,,W
play,3,0,571711,,,8/F,133.53,92.37
play,3,1,592743,,,6/P,114.46,163.65
play,3,1,594886,,,5/P,101.41,181.73
play,3,1,519345,,,K
play,4,0,595281,,,8/F,123.49,88.35
play,4,0,572853,,,S7/L,88.35,137.55
play,4,0,501675,,,S9/L.1-3,184.74,135.54
play,4,0,553889,,,7/SF.3-H,48.19,111.45
play,4,0,517021,,,5/PF,95.38,198.80
play,4,1,594828,,,HP
play,4,1,501592,,,46(1)3/GDP/G4,139.56,165.66
play,4,1,572258,,,3/PF,152.61,197.79
play,5,0,545349,,,3/G,140.56,182.73
play,5,0,541653,,,53/G,105.42,178.71
play,5,0,596335,,,8/F,132.53,85.34
play,5,1,506916,,,53/G,106.43,179.72
play,5,1,594935,,,S8/L,125.50,108.43
play,5,1,554239,,,8/F,131.53,79.32
play,5,1,592743,,,POCS2(134)
play,6,0,571711,,,NP
sub,592396,Tyler Hess,1,0,1
play,6,0,571711,,,E1,119.48,190.76
play,6,0,595281,,,SB2
play,6,0,595281,,,W
play,6,0,572853,,,SB3
play,6,0,572853,,,6/P,110.44,161.65
play,6,0,501675,,,SB2
play,6,0,501675,,,IW
play,6,0,553889,,,FC5/G.1-2;2X3(5);3-H;B-1,100.40,182.73
play,6,0,517021,,,S7/L.1-2;2-H,66.27,126.51
play,6,0,545349,,,3/G,143.57,179.72
play,6,1,592743,,,S7/L,72.29,122.49
play,6,1,594886,,,K
play,6,1,519345,,,SB2
play,6,1,519345,,,S5/G,110.44,189.76
play,6,1,594828,,,NP
sub,595263,Mickey Jannis,0,0,1
play,6,1,594828,,,7/F,64.26,126.51
play,6,1,501592,,,HP.1-2;2-3
play,6,1,572258,,,S8/L.1-2;2-H;3-H,105.42,96.39
play,6,1,506916,,,FC5/G.2X3(5),99.40,175.70
play,7,0,541653,,,W
play,7,0,596335,,,SB2
play,7,0,596335,,,S8/L.2-3,117.47,94.38
play,7,0,571711,,,NP
sub,572911,Jamie Hayes,1,0,1
play,7,0,571711,,,K
play,7,0,595281,,,CS2
play,7,0,595281,,,K
play,7,1,594935,,,43/G,136.55,166.67
play,7,1,554239,,,K
play,7,1,592743,,,8/F,131.53,69.28
play,8,0,572853,,,K
play,8,0,501675,,,HR/F,220.88,74.30
play,8,0,553889,,,53/G,108.43,176.71
play,8,0,517021,,,HP
play,8,0,545349,,,D9/L.1-H,226.91,81.33
play,8,0,541653,,,S8/L.2-H,130.52,104.42
play,8,0,596335,,,43/G,134.54,165.66
play,8,1,594886,,,K
play,8,1,519345,,,E5,110.44,178.71
play,8,1,594828,,,13/G.1-2,122.49,190.76
play,8,1,501592,,,FC5.2X3(5),109.44,184.74
play,9,0,571711,,,K23
play,9,0,595281,,,43/G,135.54,171.69
play,9,0,572853,,,S7/G,73.29,115.46
play,9,0,501675,,,43/G,137.55,164.66
play,9,1,572258,,,S4/G,135.54,163.65
play,9,1,506916,,,S7/G.1-2,80.32,125.50
play,9,1,594935,,,NP
sub,596333,Matthew Gilson,0,0,1
play,9,1,594935,,,NP
sub,517424,Alberto Odreman,1,8,11
play,9,1,517424,,,E5.1-2;2-3,102.41,182.73
play,9,1,554239,,,NP
sub,595176,Ryan Delgado,1,9,11
play,9,1,595176,,,8/SF.2-3;3-H,130.52,59.24
play,9,1,592743,,,3/PF,148.59,204.82
play,9,1,594886,,,4/P,136.55,164.66
id,DanAPP201007020
info,visteam,PriAPP
info,hometeam,DanAPP
info,date,2010/07/02
start,595281,Kevin Kiermaier,0,1,8
start,553891,Leonardo Reginatto,0,2,6
start,581660,Scott Lawson,0,3,5
start,572853,Bryan Fogle,0,4,7
start,501675,Ruben Contreras,0,5,9
start,553889,Hector Guevara,0,6,4
start,541660,Alejandro Segovia,0,7,2
start,545349,Jeff Malm,0,8,3
start,541653,Felix Gonzalez,0,9,10
start,544836,Enny Romero,0,0,1
start,594935,Jason Mowry,1,1,8
start,592743,Andrelton Simmons,1,2,6
start,519345,Joseph Terdoslavich,1,3,5
start,594828,Evan Gattis,1,4,2
start,595176,Ryan Delgado,1,5,10
start,517424,Alberto Odreman,1,6,3
start,501592,Daniel Falcon,1,7,9
start,594819,Kenny Fleming,1,8,7
start,554239,Elmer Reyes,1,9,4
start,543901,Ryan Weber,1,0,1
play,1,0,595281,,,53/G,109.44,180.72
play,1,0,553891,,,43/G,141.57,165.66
play,1,0,581660,,,63/G,114.46,167.67
play,1,1,594935,,,63/G,109.44,166.67
play,1,1,592743,,,5/P,104.42,180.72
play,1,1,519345,,,6/L,110.44,163.65
play,2,0,572853,,,E6,112.45,174.70
play,2,0,501675,,,S9/G.1-2,168.67,143.57
play,2,0,553889,,,14/SH.1-2;2-3,124.50,188.76
play,2,0,541660,,,FC5.2-3;3XH(52),108.43,186.75
play,2,0,545349,,,63/G,102.41,164.66
play,2,1,594828,,,9/F,200.80,130.52
play,2,1,595176,,,S8/G,133.53,109.44
play,2,1,517424,,,K
play,2,1,501592,,,FC6/G.1X2(64),111.45,165.66
play,3,0,541653,,,43/G,135.54,167.67
play,3,0,595281,,,7/F,88.35,111.45
play,3,0,553891,,,6/L,112.45,164.66
play,3,1,594819,,,43/G,140.56,168.67
play,3,1,554239,,,S8/L,130.52,109.44
play,3,1,594935,,,D7/G.1-3,71.29,125.50
play,3,1,592743,,,63/G.2-3;3-H,104.42,161.65
play,3,1,519345,,,HP
play,3,1,594828,,,HP.1-2
play,3,1,595176,,,43/G,141.57,159.64
play,4,0,581660,,,13/BG,125.50,193.78
play,4,0,572853,,,143/G1,122.49,190.76
play,4,0,501675,,,23/BG,125.50,203.82
play,4,1,517424,,,9/F,196.79,117.47
play,4,1,501592,,,HR/F,28.11,65.26
play,4,1,594819,,,K
play,4,1,554239,,,K
play,5,0,553889,,,53/G,112.45,182.73
play,5,0,541660,,,S8/G,120.48,116.47
play,5,0,545349,,,E4.1-3(E9)(E9);B-2,140.56,165.66
play,5,0,541653,,,K
play,5,0,595281,,,13/G,126.51,198.80
play,5,1,594935,,,S9/L,175.70,143.57
play,5,1,592743,,,9/F,194.78,108.43
play,5,1,519345,,,6/P,109.44,165.66
play,5,1,594828,,,BK.1-2
play,5,1,594828,,,W
play,5,1,595176,,,NP
sub,595371,Chris Rearick,0,0,1
play,5,1,595176,,,FC6/G.1X2(64),113.45,165.66
play,6,0,553891,,,S7/L,70.28,142.57
play,6,0,581660,,,9/F,173.69,135.54
play,6,0,572853,,,64(1)3/GDP/G6,110.44,164.66
play,6,1,517424,,,8/F,121.49,80.32
play,6,1,501592,,,E6/TH,112.45,164.66
play,6,1,594819,,,NP
sub,506916,Bobby Rauh,1,8,11
play,6,1,506916,,,8/F,119.48,79.32
play,6,1,554239,,,5/P,109.44,182.73
play,7,0,501675,,,NP
sub,506916,Bobby Rauh,1,8,7
play,7,0,501675,,,S7/L,80.32,128.51
play,7,0,553889,,,643/G6.1-2,107.43,164.66
play,7,0,541660,,,D7/L.2-H,41.16,105.42
play,7,0,545349,,,NP
sub,592786,Matthew Suschak,1,0,1
play,7,0,545349,,,WP.2-3
play,7,0,545349,,,W
play,7,0,541653,,,WP.1-2;3-H
play,7,0,541653,,,43/G.2-3,136.55,168.67
play,7,0,595281,,,8/F,119.48,86.35
play,7,1,594935,,,S7/L,57.23,116.47
play,7,1,592743,,,D7/G.1-3,52.21,120.48
play,7,1,519345,,,3/G,137.55,178.71
play,7,1,594828,,,FC5.3XH(52),104.42,179.72
play,7,1,595176,,,8/F,135.54,64.26
play,8,0,553891,,,13/G,127.51,188.76
play,8,0,581660,,,W
play,8,0,572853,,,D8/L.1-H,135.54,63.25
play,8,0,501675,,,NP
sub,571711,Todd Glaesmann,0,4,12
play,8,0,501675,,,T9/L.2-H,194.78,114.46
play,8,0,553889,,,7/SF.3-H,64.26,111.45
play,8,0,541660,,,S7/G,82.33,118.47
play,8,0,545349,,,S9/G.1-2,181.73,136.55
play,8,0,541653,,,6/L,109.44,162.65
play,8,1,517424,,,NP
sub,595281,Kevin Kiermaier,0,1,9
play,8,1,501592,,,NP
sub,571711,Todd Glaesmann,0,4,8
play,8,1,506916,,,NP
sub,501675,Ruben Contreras,0,5,7
play,8,1,517424,,,43/G,137.55,162.65
play,8,1,501592,,,53/G,109.44,179.72
play,8,1,506916,,,9/F,171.69,114.46
play,9,0,595281,,,NP
sub,543826,Tyler Stovall,1,0,1
play,9,0,595281,,,7/F,93.37,114.46
play,9,0,553891,,,8/F,143.57,89.36
play,9,0,581660,,,3/G,144.58,177.71
play,9,1,554239,,,NP
sub,596335,Brian Harris,0,6,4
play,9,1,554239,,,63/G,109.44,159.64
play,9,1,594935,,,43/G,138.55,163.65
play,9,1,592743,,,E6/TH,109.44,161.65
play,9,1,519345,,,8/F,132.53,67.27
id,DanAPP201007030
info,visteam,PriAPP
info,hometeam,DanAPP
info,date,2010/07/03
start,553891,Leonardo Reginatto,0,1,6
start,571711,Todd Glaesmann,0,2,8
start,581660,Scott Lawson,0,3,5
start,572853,Bryan Fogle,0,4,7
start,501675,Ruben Contreras,0,5,9
start,553889,Hector Guevara,0,6,4
start,541660,Alejandro Segovia,0,7,2
start,545349,Jeff Malm,0,8,3
start,596334,Zane Williams,0,9,10
start,571479,Andrew Bellatti,0,0,1
start,594935,Jason Mowry,1,1,8
start,573640,Jim Linger,1,2,4
start,592495,Joe Leonard,1,3,5
start,594828,Evan Gattis,1,4,10
start,519345,Joseph Terdoslavich,1,5,3
start,572258,Jace Whitmer,1,6,2
start,501592,Daniel Falcon,1,7,9
start,595212,Jarred Frierson,1,8,7
start,554239,Elmer Reyes,1,9,6
start,573673,Carlos Perez,1,0,1
play,1,0,553891,,,43/G,136.55,170.68
play,1,0,571711,,,K
play,1,0,581660,,,63/G,106.43,166.67
play,1,1,594935,,,43/G,137.55,167.67
play,1,1,573640,,,63/G,106.43,165.66
play,1,1,592495,,,K
play,2,0,572853,,,K
play,2,0,501675,,,63/G,112.45,170.68
play,2,0,553889,,,63/G,112.45,168.67
play,2,1,594828,,,S7/G,80.32,121.49
play,2,1,519345,,,T9/G.1-H,222.89,116.47
play,2,1,572258,,,5/P,104.42,176.71
play,2,1,501592,,,K
play,2,1,595212,,,9/F,183.73,116.47
play,3,0,541660,,,8/F,129.52,87.35
play,3,0,545349,,,43/G,139.56,170.68
play,3,0,596334,,,W
play,3,0,553891,,,53/G,103.41,180.72
play,3,1,554239,,,D7/G,40.16,117.47
play,3,1,594935,,,S8/L.2-3,126.51,99.40
play,3,1,573640,,,S1/BG.1-2;3-H,119.48,196.79
play,3,1,592495,,,D7/L.1-3;2-H,91.37,90.36
play,3,1,594828,,,K
play,3,1,519345,,,K
play,3,1,572258,,,D9/F.2-H;3-H,185.74,90.36
play,3,1,501592,,,2/PF,121.49,226.91
play,4,0,571711,,,K
play,4,0,581660,,,K
play,4,0,572853,,,E5/TH,104.42,178.71
play,4,0,501675,,,S8/L.1-2,121.49,96.39
play,4,0,553889,,,D8/F.1-H;2-H,143.57,64.26
play,4,0,541660,,,9/F,176.71,110.44
play,4,1,595212,,,8/F,122.49,99.40
play,4,1,554239,,,S5/G.B-2(E5/TH),101.41,180.72
play,4,1,594935,,,63/G.2-3,109.44,164.66
play,4,1,573640,,,43/G,139.56,163.65
play,5,0,545349,,,K
play,5,0,596334,,,63/G,112.45,171.69
play,5,0,553891,,,43/G,138.55,169.68
play,5,1,592495,,,K23
play,5,1,594828,,,63/G,113.45,170.68
play,5,1,519345,,,7/F,85.34,118.47
play,6,0,571711,,,K
play,6,0,581660,,,43/G,138.55,170.68
play,6,0,572853,,,K
play,6,1,572258,,,8/F,119.48,89.36
play,6,1,501592,,,K
play,6,1,595212,,,S6/G,106.43,171.69
play,6,1,554239,,,NP
sub,543190,Bradley Furdal,0,0,1
play,6,1,554239,,,FC6/G.1X2(6),112.45,164.66
play,7,0,501675,,,NP
sub,571599,Jakob Dalfonso,1,3,3
play,7,0,553889,,,NP
sub,519345,Joseph Terdoslavich,1,5,5
play,7,0,501675,,,8/F,122.49,87.35
play,7,0,553889,,,8/F,123.49,100.40
play,7,0,541660,,,S9/G,173.69,120.48
play,7,0,545349,,,K
play,7,1,594935,,,8/F,113.45,85.34
play,7,1,573640,,,43/G,137.55,168.67
play,7,1,571599,,,53/G,103.41,177.71
play,8,0,596334,,,NP
sub,542201,Ronan Pacheco,1,0,1
play,8,0,596334,,,W
play,8,0,553891,,,BK.1-2
play,8,0,553891,,,W
play,8,0,571711,,,K
play,8,0,581660,,,W.1-2;2-3
play,8,0,572853,,,K
play,8,0,501675,,,FC5/G.1X2(54),102.41,180.72
play,8,1,594828,,,7/F,71.29,117.47
play,8,1,519345,,,W
play,8,1,572258,,,S4/G.1X3(45),146.59,163.65
play,8,1,501592,,,S4/G.1-2,144.58,164.66
play,8,1,595212,,,7/F,70.28,114.46
play,9,0,553889,,,K
play,9,0,541660,,,S7/G,76.31,117.47
play,9,0,545349,,,E4.1-2,141.57,167.67
play,9,0,596334,,,WP.1-2;2-3
play,9,0,596334,,,K
play,9,0,553891,,,BK.2-3;3-H
play,9,0,553891,,,8/F,129.52,86.35
id,DanAPP201007070
info,visteam,BurAPP
info,hometeam,DanAPP
info,date,2010/07/07
start,543454,Alex Llanos,0,1,8
start,594918,Alex McClure,0,2,6
start,573183,Ryan Stovall,0,3,4
start,573001,Gabe MacDougall,0,4,7
start,571461,Geoffrey Baldwin,0,5,3
start,524188,Yunior Figueroa,0,6,5
start,542503,Edul Escobar,0,7,2
start,542502,Adrian Martinez,0,8,10
start,519214,Derek Rodriguez,0,9,9
start,572137,Crawford Simmons,0,0,1
start,594935,Jason Mowry,1,1,8
start,519345,Joseph Terdoslavich,1,2,3
start,592495,Joe Leonard,1,3,5
start,594828,Evan Gattis,1,4,10
start,572258,Jace Whitmer,1,5,2
start,501592,Daniel Falcon,1,6,9
start,592743,Andrelton Simmons,1,7,6
start,594819,Kenny Fleming,1,8,7
start,554239,Elmer Reyes,1,9,4
start,542201,Ronan Pacheco,1,0,1
play,1,0,543454,,,63/G,125.50,166.67
play,1,0,594918,,,43/G,141.57,165.66
play,1,0,573183,,,S8/G,98.39,112.45
play,1,0,573001,,,BK.1-2
play,1,0,573001,,,53/G,94.38,183.73
play,1,1,594935,,,63/G,107.43,168.67
play,1,1,519345,,,9/F,199.80,121.49
play,1,1,592495,,,4/P,130.52,164.66
play,2,0,571461,,,K
play,2,0,524188,,,43/G,138.55,177.71
play,2,0,542503,,,E5,106.43,179.72
play,2,0,542502,,,BK.1-2
play,2,0,542502,,,D7/L.2-H,64.26,128.51
play,2,0,519214,,,T9/L.2-H,194.78,121.49
play,2,0,543454,,,K
play,2,1,594828,,,63/G,118.47,171.69
play,2,1,572258,,,K23
play,2,1,501592,,,8/F,118.47,99.40
play,3,0,594918,,,8/F,126.51,113.45
play,3,0,573183,,,63/G,118.47,175.70
play,3,0,573001,,,K23
play,3,1,592743,,,S7/L,77.31,139.56
play,3,1,594819,,,S7/L.1-2,54.22,124.50
play,3,1,554239,,,9/F,172.69,127.51
play,3,1,594935,,,8/F,110.44,105.42
play,3,1,519345,,,9/F,196.79,126.51
play,4,0,571461,,,13/G,130.52,194.78
play,4,0,524188,,,3/G,136.55,182.73
play,4,0,542503,,,S1/G,117.47,195.78
play,4,0,542502,,,FC6/G.1X2(64),121.49,169.68
play,4,1,592495,,,7/F,72.29,111.45
play,4,1,594828,,,S9/G,167.67,138.55
play,4,1,572258,,,9/F,153.61,124.50
play,4,1,501592,,,HR/F.1-H,28.11,64.26
play,4,1,592743,,,HR/F,38.15,55.22
play,4,1,594819,,,S3/G,140.56,182.73
play,4,1,554239,,,SB2
play,4,1,554239,,,53/G,112.45,177.71
play,5,0,519214,,,NP
sub,543901,Ryan Weber,1,0,1
play,5,0,519214,,,E1.B-2,140.56,183.73
play,5,0,543454,,,13/SH.2-3,128.51,195.78
play,5,0,594918,,,HP
play,5,0,573183,,,FC6/G.1X2(64);3-H;B-1,118.47,169.68
play,5,0,573001,,,63/G,119.48,173.69
play,5,1,594935,,,13/G,124.50,189.76
play,5,1,519345,,,53/G,112.45,178.71
play,5,1,592495,,,63/G,110.44,173.69
play,6,0,571461,,,S9/L,145.58,136.55
play,6,0,524188,,,S9/G.1-3,166.67,130.52
play,6,0,542503,,,CS2
play,6,0,542503,,,K
play,6,0,542502,,,43/G,142.57,171.69
play,6,1,594828,,,D9/L,172.69,126.51
play,6,1,572258,,,63/G.2-3,106.43,165.66
play,6,1,501592,,,S7/G.3-H,80.32,128.51
play,6,1,592743,,,6(B)63(1)/LDP,104.42,171.69
play,7,0,519214,,,K
play,7,0,543454,,,63/G,102.41,171.69
play,7,0,594918,,,9/F,154.62,131.53
play,7,1,594819,,,NP
sub,594776,Chas Byrne,0,0,1
play,7,1,594819,,,53/G,111.45,182.73
play,7,1,554239,,,8/F,112.45,103.41
play,7,1,594935,,,S6/G,115.46,173.69
play,7,1,519345,,,FC6/G.1X2(6),118.47,167.67
play,8,0,573183,,,S9/L,188.76,139.56
play,8,0,573001,,,23/SH.1-2,129.52,195.78
play,8,0,571461,,,8/F,102.41,70.28
play,8,0,524188,,,3/G,141.57,182.73
play,8,1,592495,,,63/G,116.47,161.65
play,8,1,594828,,,53/G,109.44,178.71
play,8,1,572258,,,W
play,8,1,501592,,,3/P,152.61,178.71
play,9,0,542503,,,NP
sub,506916,Bobby Rauh,1,6,9
play,9,0,542503,,,53/G,106.43,178.71
play,9,0,542502,,,K
play,9,0,519214,,,8/F,120.48,88.35
id,DanAPP201007080
info,visteam,BurAPP
info,hometeam,DanAPP
info,date,2010/07/08
start,543454,Alex Llanos,0,1,8
start,542371,Luis Piterson,0,2,4
start,573183,Ryan Stovall,0,3,5
start,596306,Ryan Jenkins,0,4,2
start,573001,Gabe MacDougall,0,5,7
start,571461,Geoffrey Baldwin,0,6,3
start,572935,Anthony Howard,0,7,9
start,594918,Alex McClure,0,8,6
start,542502,Adrian Martinez,0,9,10
start,521835,Leonel Santiago,0,0,1
start,594935,Jason Mowry,1,1,8
start,519345,Joseph Terdoslavich,1,2,3
start,592495,Joe Leonard,1,3,5
start,594828,Evan Gattis,1,4,2
start,571599,Jakob Dalfonso,1,5,10
start,501592,Daniel Falcon,1,6,9
start,592743,Andrelton Simmons,1,7,6
start,594819,Kenny Fleming,1,8,7
start,554239,Elmer Reyes,1,9,4
start,573673,Carlos Perez,1,0,1
play,1,0,543454,,,K
play,1,0,542371,,,9/F,182.73,113.45
play,1,0,573183,,,8/F,118.47,79.32
play,1,1,594935,,,3/G,148.59,172.69
play,1,1,519345,,,K
play,1,1,592495,,,S9/F,176.71,120.48
play,1,1,594828,,,S6/G.1-2,112.45,164.66
play,1,1,571599,,,8/F,127.51,91.37
play,2,0,596306,,,9/F,180.72,113.45
play,2,0,573001,,,53/G,106.43,179.72
play,2,0,571461,,,W
play,2,0,placeholder,,,NP
sub,543826,Tyler Stovall,1,0,1
play,2,0,572935,,,53/G,101.41,175.70
play,2,1,501592,,,9/F,160.64,97.39
play,2,1,592743,,,8/F,127.51,93.37
play,2,1,594819,,,63/G,104.42,158.63
play,3,0,594918,,,9/F,166.67,132.53
play,3,0,542502,,,43/G,137.55,165.66
play,3,0,543454,,,D9/L,174.70,105.42
play,3,0,542371,,,6/P,117.47,165.66
play,3,1,554239,,,9/F,173.69,115.46
play,3,1,594935,,,S8/L,133.53,85.34
play,3,1,519345,,,46(1)3/GDP/G4,134.54,168.67
play,4,0,573183,,,W
play,4,0,596306,,,D7/G.1-H,74.30,131.53
play,4,0,573001,,,K
play,4,0,571461,,,K
play,4,0,572935,,,K
play,4,1,592495,,,W
play,4,1,594828,,,S9/L.1-2,168.67,138.55
play,4,1,571599,,,FC1/G.1-2;2X3(15);B-1,112.45,186.75
play,4,1,501592,,,K+WP.1-2;2-3
play,4,1,592743,,,S8/G.2-H;3-H;B-2(E8),125.50,113.45
play,4,1,594819,,,K23
play,5,0,594918,,,W
play,5,0,542502,,,SB2
play,5,0,542502,,,43/G.2-3,138.55,164.66
play,5,0,543454,,,8/SF.3-H,134.54,84.34
play,5,0,542371,,,3/P,142.57,179.72
play,5,1,554239,,,63/G,99.40,163.65
play,5,1,594935,,,8/F,138.55,87.35
play,5,1,519345,,,31/G,134.54,171.69
play,6,0,573183,,,NP
sub,592501,Matthew Lewis,1,0,1
play,6,0,573183,,,T8/L,136.55,89.36
play,6,0,596306,,,WP.3-H
play,6,0,596306,,,W
play,6,0,573001,,,123/G1.1-2,130.52,193.78
play,6,0,571461,,,K
play,6,0,572935,,,S8/L.2-H,124.50,99.40
play,6,0,594918,,,SB2
play,6,0,594918,,,K
play,6,1,592495,,,NP
sub,572965,Jonathon Keck,0,0,1
play,6,1,592495,,,53/G,107.43,170.68
play,6,1,594828,,,53/G,102.41,178.71
play,6,1,571599,,,W
play,6,1,501592,,,W.1-2
play,6,1,592743,,,K
play,7,0,542502,,,43/G,129.52,160.64
play,7,0,543454,,,53/G,109.44,174.70
play,7,0,542371,,,K
play,7,1,594819,,,5/BP,106.43,176.71
play,7,1,554239,,,E4,139.56,165.66
play,7,1,594935,,,K
play,7,1,519345,,,WP.1-2
play,7,1,519345,,,63/G,102.41,165.66
play,8,0,573183,,,K
play,8,0,596306,,,S9/L,181.73,126.51
play,8,0,573001,,,PB.1-2
play,8,0,573001,,,W
play,8,0,571461,,,NP
sub,576168,Dalton Acord,1,0,1
play,8,0,571461,,,WP.1-2;2-3
play,8,0,571461,,,IW
play,8,0,572935,,,K
play,8,0,594918,,,K
play,8,1,592495,,,NP
sub,573256,Josh Worrell,0,0,1
play,8,1,592495,,,63/G,113.45,166.67
play,8,1,594828,,,5/P,105.42,178.71
play,8,1,571599,,,S8/G,117.47,108.43
play,8,1,501592,,,63/G,114.46,165.66
play,9,0,542502,,,W
play,9,0,543454,,,K
play,9,0,542371,,,7/F,78.31,118.47
play,9,0,573183,,,SB2
play,9,0,573183,,,W+WP.2-3
play,9,0,596306,,,4/P,145.58,157.63
play,9,1,592743,,,NP
sub,572708,Claudio Bavera,0,0,1
play,9,1,592743,,,S5/G,109.44,179.72
play,9,1,594819,,,NP
sub,517424,Alberto Odreman,1,8,11
play,9,1,517424,,,FC4/G.1X2(46);B-1,139.56,166.67
play,9,1,554239,,,NP
sub,595176,Ryan Delgado,1,9,11
play,9,1,595176,,,7/F,64.26,106.43
play,9,1,594935,,,8/F,120.48,93.37
id,DanAPP201007090
info,visteam,BurAPP
info,hometeam,DanAPP
info,date,2010/07/09
start,543454,Alex Llanos,0,1,8
start,542371,Luis Piterson,0,2,4
start,573183,Ryan Stovall,0,3,5
start,596306,Ryan Jenkins,0,4,2
start,573001,Gabe MacDougall,0,5,7
start,571461,Geoffrey Baldwin,0,6,3
start,572935,Anthony Howard,0,7,9
start,594918,Alex McClure,0,8,6
start,542502,Adrian Martinez,0,9,10
start,571709,Michael Giovenco,0,0,1
start,594935,Jason Mowry,1,1,8
start,595212,Jarred Frierson,1,2,9
start,519345,Joseph Terdoslavich,1,3,3
start,592495,Joe Leonard,1,4,5
start,595176,Ryan Delgado,1,5,2
start,571599,Jakob Dalfonso,1,6,10
start,592743,Andrelton Simmons,1,7,6
start,594819,Kenny Fleming,1,8,7
start,554239,Elmer Reyes,1,9,4
start,548323,Willie Kempf,1,0,1
play,1,0,543454,,,W
play,1,0,542371,,,4/L,139.56,173.69
play,1,0,573183,,,BK.1-2
play,1,0,573183,,,K
play,1,0,596306,,,HR/F.2-H,35.14,73.29
play,1,0,573001,,,63/G,116.47,163.65
play,1,1,594935,,,7/F,89.36,153.61
play,1,1,595212,,,S9/G,158.63,145.58
play,1,1,519345,,,S8/G.1-2,124.50,136.55
play,1,1,592495,,,9/F,188.76,111.45
play,1,1,595176,,,S7/L.1-2;2-3,93.37,154.62
play,1,1,571599,,,WP.1-2;2-3;3-H
play,1,1,571599,,,S7/L.2-3;3-H,94.38,141.57
play,1,1,592743,,,53/G,99.40,182.73
play,2,0,571461,,,K
play,2,0,572935,,,K23
play,2,0,594918,,,K
play,2,1,594819,,,63/G,115.46,166.67
play,2,1,554239,,,W
play,2,1,594935,,,43/G.1-2,133.53,167.67
play,2,1,595212,,,W
play,2,1,519345,,,W.1-2;2-3
play,2,1,592495,,,K
play,3,0,542502,,,43/G,133.53,166.67
play,3,0,543454,,,23/BG,122.49,202.81
play,3,0,542371,,,K
play,3,1,595176,,,7/F,58.23,119.48
play,3,1,571599,,,K
play,3,1,592743,,,S7/L,93.37,151.61
play,3,1,594819,,,SB2
play,3,1,594819,,,31/G,141.57,183.73
play,4,0,573183,,,K
play,4,0,596306,,,7/F,45.18,109.44
play,4,0,573001,,,53/G,108.43,180.72
play,4,1,554239,,,K
play,4,1,594935,,,3/G,146.59,179.72
play,4,1,595212,,,9/F,175.70,119.48
play,5,0,571461,,,K
play,5,0,572935,,,43/G,142.57,171.69
play,5,0,594918,,,43/G,142.57,171.69
play,5,1,519345,,,43/G,136.55,169.68
play,5,1,592495,,,7/F,73.29,116.47
play,5,1,595176,,,K
play,6,0,542502,,,NP
sub,543146,Kyle Farrell,1,0,1
play,6,0,543454,,,NP
sub,572258,Jace Whitmer,1,5,2
play,6,0,542502,,,4/P,135.54,165.66
play,6,0,543454,,,K
play,6,0,542371,,,63/G,113.45,172.69
play,6,1,571599,,,NP
sub,572026,Robert Penny,0,0,1
play,6,1,571599,,,S8/G,119.48,132.53
play,6,1,592743,,,S7/G.1-2,72.29,136.55
play,6,1,594819,,,16(1)3/GDP/G1.2-3,121.49,193.78
play,6,1,554239,,,53/G,103.41,181.73
play,7,0,573183,,,D8/L,97.39,63.25
play,7,0,596306,,,9/F,180.72,119.48
play,7,0,573001,,,SB3
play,7,0,573001,,,7/SF.3-H,64.26,118.47
play,7,0,571461,,,8/F,137.55,68.27
play,7,1,594935,,,S8/G,127.51,140.56
play,7,1,595212,,,46(1)3/GDP/G4,141.57,166.67
play,7,1,519345,,,43/G,140.56,171.69
play,8,0,572935,,,K
play,8,0,594918,,,S9/L,151.61,150.60
play,8,0,542502,,,SB2
play,8,0,542502,,,13/G.2-3,123.49,194.78
play,8,0,543454,,,K
play,8,1,592495,,,NP
sub,595300,Cole Lohden,0,0,1
play,8,1,592495,,,W
play,8,1,572258,,,4/P,147.59,164.66
play,8,1,571599,,,S9/L.1-3,154.62,146.59
play,8,1,592743,,,FC5/G.1X2(54);3-H;B-1,109.44,179.72
play,8,1,594819,,,SB2
play,8,1,594819,,,WP.2-3
play,8,1,594819,,,W+WP.3-H
play,8,1,554239,,,S9/L.1-3,156.63,145.58
play,8,1,594935,,,K23
play,9,0,542371,,,S6/G,105.42,176.71
play,9,0,573183,,,8/F,135.54,89.36
play,9,0,596306,,,W.1-2
play,9,0,573001,,,NP
sub,594925,Kyle Mertins,1,0,1
play,9,0,573001,,,8/F.2-3,117.47,72.29
play,9,0,571461,,,SB2
play,9,0,571461,,,8/F,100.40,83.33
id,DanAPP201007100
info,visteam,PulAPP
info,hometeam,DanAPP
info,date,2010/07/10
start,573095,Derek Poppert,0,1,4
start,543049,Henry Contreras,0,2,10
start,517539,Ramon Morla,0,3,5
start,515055,Jose Rivero,0,4,9
start,595467,James Wood,0,5,7
start,595400,Jake Schlander,0,6,6
start,571708,Andrew Giobbi,0,7,2
start,595351,Ethan Paquette,0,8,3
start,500726,Mario Yepez,0,9,8
start,500722,Yovanny Olivero,0,0,1
start,594935,Jason Mowry,1,1,8
start,592743,Andrelton Simmons,1,2,6
start,519345,Joseph Terdoslavich,1,3,10
start,592495,Joe Leonard,1,4,5
start,571599,Jakob Dalfonso,1,5,3
start,594828,Evan Gattis,1,6,2
start,501592,Daniel Falcon,1,7,9
start,506916,Bobby Rauh,1,8,7
start,554239,Elmer Reyes,1,9,4
start,573062,Aaron Northcraft,1,0,1
play,1,0,573095,,,K
play,1,0,543049,,,8/F,113.45,112.45
play,1,0,517539,,,K
play,1,1,594935,,,53/G,96.39,178.71
play,1,1,592743,,,S8/L,113.45,125.50
play,1,1,519345,,,S7/G.1-2,99.40,131.53
play,1,1,592495,,,53/G.1-2;2-3,114.46,179.72
play,1,1,571599,,,53/G,96.39,178.71
play,2,0,515055,,,63/G,117.47,170.68
play,2,0,595467,,,K
play,2,0,595400,,,K
play,2,1,594828,,,HP
play,2,1,501592,,,9/F,153.61,134.54
play,2,1,506916,,,S3/G.1-2,150.60,177.71
play,2,1,554239,,,S5/G.1-2;2-3,112.45,185.74
play,2,1,594935,,,S8/G.1-3;2-H;3-H;B-2,130.52,124.50
play,2,1,592743,,,FC5.2-3;3XH(52),103.41,184.74
play,2,1,519345,,,3/G,141.57,184.74
play,3,0,571708,,,K
play,3,0,595351,,,8/F,83.33,104.42
play,3,0,500726,,,43/G,136.55,170.68
play,3,1,592495,,,6/L,119.48,160.64
play,3,1,571599,,,7/F,86.35,115.46
play,3,1,594828,,,K
play,4,0,573095,,,HP
play,4,0,543049,,,HP.1-2
play,4,0,517539,,,WP.1-2;2-3
play,4,0,517539,,,9/F.2X3(936),152.61,142.57
play,4,0,515055,,,K
play,4,1,501592,,,HP
play,4,1,506916,,,S5/G.1-2,110.44,185.74
play,4,1,554239,,,SB3
play,4,1,554239,,,S8/G.1-3;3-H,119.48,134.54
play,4,1,594935,,,7/SF.1-2;3-H,60.24,125.50
play,4,1,592743,,,6(B)64(2)/LDP,106.43,170.68
play,5,0,595467,,,43/G,142.57,169.68
play,5,0,595400,,,63/G,116.47,159.64
play,5,0,571708,,,HP
play,5,0,595351,,,8/F,93.37,118.47
play,5,1,519345,,,E3,149.60,177.71
play,5,1,592495,,,64(1)3/GDP/G6,110.44,169.68
play,5,1,571599,,,S8/L,164.66,120.48
play,5,1,594828,,,FC6/G.1X2(64),103.41,168.67
play,6,0,500726,,,31/G,145.58,169.68
play,6,0,573095,,,7/F,54.22,115.46
play,6,0,543049,,,S7/G,72.29,133.53
play,6,0,517539,,,6/L,106.43,159.64
play,6,1,501592,,,4/P,146.59,166.67
play,6,1,506916,,,63/G,113.45,164.66
play,6,1,554239,,,43/G,145.58,157.63
play,7,0,515055,,,S8/L,105.42,120.48
play,7,0,595467,,,S7/L.1-3,84.34,138.55
play,7,0,595400,,,53/G.1-2;3-H,96.39,173.69
play,7,0,571708,,,NP
sub,592786,Matthew Suschak,1,0,1
play,7,0,571708,,,W
play,7,0,595351,,,3/PF,153.61,194.78
play,7,0,500726,,,8/F,128.51,113.45
play,7,1,594935,,,K
play,7,1,592743,,,D7/G,69.28,145.58
play,7,1,519345,,,43/G.2-3,145.58,163.65
play,7,1,592495,,,9/F,160.64,138.55
play,8,0,573095,,,HP
play,8,0,543049,,,W.1-2
play,8,0,517539,,,4/P,146.59,168.67
play,8,0,515055,,,5(2)3/G5/GDP,103.41,182.73
play,8,1,571599,,,S5/G,101.41,178.71
play,8,1,594828,,,D8/L.1-3,98.39,99.40
play,8,1,501592,,,T9/F.2-H;3-H,157.63,139.56
play,8,1,506916,,,8/F,159.64,107.43
play,8,1,554239,,,53/G.3-H,111.45,186.75
play,8,1,594935,,,9/F,153.61,130.52
play,9,0,595467,,,K23
play,9,0,595400,,,S7/L,69.28,139.56
play,9,0,571708,,,K+SB2
play,9,0,595351,,,63/G,108.43,164.66
id,DanAPP201007110
info,visteam,PulAPP
info,hometeam,DanAPP
info,date,2010/07/11
start,573095,Derek Poppert,0,1,4
start,500726,Mario Yepez,0,2,8
start,517539,Ramon Morla,0,3,5
start,543049,Henry Contreras,0,4,10
start,515055,Jose Rivero,0,5,9
start,595467,James Wood,0,6,7
start,571708,Andrew Giobbi,0,7,3
start,542546,Hassiel Jimenez,0,8,2
start,595400,Jake Schlander,0,9,6
start,570798,Richard Vargas,0,0,1
start,594935,Jason Mowry,1,1,8
start,592743,Andrelton Simmons,1,2,6
start,519345,Joseph Terdoslavich,1,3,5
start,571599,Jakob Dalfonso,1,4,10
start,501592,Daniel Falcon,1,5,9
start,517424,Alberto Odreman,1,6,3
start,572258,Jace Whitmer,1,7,2
start,595212,Jarred Frierson,1,8,4
start,594819,Kenny Fleming,1,9,7
start,571873,Lucas La Point,1,0,1
play,1,0,573095,,,63/G,108.43,173.69
play,1,0,500726,,,43/G,149.60,179.72
play,1,0,517539,,,HR/F,39.16,69.28
play,1,0,543049,,,63/G,112.45,172.69
play,1,1,594935,,,13/G,119.48,198.80
play,1,1,592743,,,63/G,102.41,164.66
play,1,1,519345,,,43/G,138.55,174.70
play,2,0,515055,,,S8/G,124.50,121.49
play,2,0,595467,,,43/G.1-2,135.54,175.70
play,2,0,571708,,,K
play,2,0,542546,,,S8/F.2-H,115.46,117.47
play,2,0,595400,,,S7/F.1-3;B-2,91.37,140.56
play,2,0,573095,,,E9.2-H;3-H;B-2,181.73,131.53
play,2,0,500726,,,4/P,137.55,173.69
play,2,1,571599,,,K
play,2,1,501592,,,NP
sub,506916,Bobby Rauh,1,5,11
play,2,1,506916,,,53/G,99.40,180.72
play,2,1,517424,,,K
play,3,0,517539,,,NP
sub,506916,Bobby Rauh,1,5,9
play,3,0,517539,,,1/G,126.51,195.78
play,3,0,543049,,,W
play,3,0,515055,,,K
play,3,0,595467,,,FC3/G.1X2(36),134.54,180.72
play,3,1,572258,,,K
play,3,1,595212,,,S9/G,149.60,127.51
play,3,1,594819,,,S7/G.1-2,70.28,122.49
play,3,1,594935,,,S9/F.1-3;2-H;B-2,173.69,151.61
play,3,1,592743,,,PB.2-3;3-H
play,3,1,592743,,,4/P,140.56,170.68
play,3,1,519345,,,S9/F.3-H,175.70,142.57
play,3,1,571599,,,CS2
play,4,0,571708,,,43/G,133.53,177.71
play,4,0,542546,,,53/G,110.44,181.73
play,4,0,595400,,,K
play,4,1,571599,,,S9/L,172.69,131.53
play,4,1,506916,,,13/SH.1-2,128.51,202.81
play,4,1,517424,,,K
play,4,1,572258,,,WP.2-3
play,4,1,572258,,,D7/F.3-H,63.25,119.48
play,4,1,595212,,,S9/L.2XH,159.64,156.63
play,5,0,573095,,,63/G,122.49,167.67
play,5,0,500726,,,K
play,5,0,517539,,,S9/F,154.62,134.54
play,5,0,543049,,,HR/F.1-H,48.19,72.29
play,5,0,515055,,,63/G,111.45,165.66
play,5,1,594819,,,S6/G,115.46,174.70
play,5,1,594935,,,FC3/G.1X2(36);B-1,149.60,187.75
play,5,1,592743,,,S8/G.1-3,121.49,124.50
play,5,1,519345,,,FC4/G.1X2(4);3-H;B-1,135.54,168.67
play,5,1,571599,,,43/G,138.55,166.67
play,6,0,595467,,,43/G,132.53,165.66
play,6,0,571708,,,D9/F,188.76,123.49
play,6,0,542546,,,NP
sub,542562,Edigson Mora,1,0,1
play,6,0,542546,,,PB.2-3
play,6,0,542546,,,HP
play,6,0,595400,,,HP.1-2
play,6,0,573095,,,6(1)3/G6/GDP,118.47,173.69
play,6,1,506916,,,S7/L,86.35,134.54
play,6,1,517424,,,46(1)3/GDP/G4,135.54,173.69
play,6,1,572258,,,4/P,141.57,176.71
play,7,0,500726,,,7/F,88.35,114.46
play,7,0,517539,,,K
play,7,0,543049,,,53/G,102.41,179.72
play,7,1,595212,,,NP
sub,594842,Tim Griffin,0,0,1
play,7,1,595212,,,W
play,7,1,594819,,,2/PF,47.19,195.78
play,7,1,594935,,,K
play,7,1,592743,,,9/F,182.73,119.48
play,8,0,515055,,,3/G,147.59,182.73
play,8,0,595467,,,K
play,8,0,571708,,,63/G,113.45,172.69
play,8,1,519345,,,S7/F,81.33,124.50
play,8,1,571599,,,NP
sub,595280,Ryan Kiel,0,0,1
play,8,1,571599,,,NP
sub,595176,Ryan Delgado,1,4,11
play,8,1,595176,,,HP.1-2
play,8,1,placeholder,,,NP
sub,594886,Barrett Kleinknecht,1,4,12
play,8,1,506916,,,13/SH.1-2;2-3,127.51,197.79
play,8,1,517424,,,NP
sub,542940,Matthew Bischoff,0,0,1
play,8,1,517424,,,NP
sub,592495,Joe Leonard,1,6,11
play,8,1,592495,,,IW
play,8,1,572258,,,9/SF.2-3;3-H,162.65,127.51
play,8,1,595212,,,K
play,9,0,542546,,,NP
sub,519345,Joseph Terdoslavich,1,3,3
play,9,0,595400,,,NP
sub,594886,Barrett Kleinknecht,1,4,10
play,9,0,573095,,,NP
sub,592495,Joe Leonard,1,6,5
play,9,0,542546,,,S7/F,70.28,111.45
play,9,0,595400,,,NP
sub,594925,Kyle Mertins,1,0,1
play,9,0,595400,,,3/SH.1-2,127.51,191.77
play,9,0,573095,,,FC6.2X3(65),115.46,177.71
play,9,0,500726,,,8/F,122.49,90.36
play,9,1,594819,,,6/L,101.41,165.66
play,9,1,594935,,,7/F,78.31,126.51
play,9,1,592743,,,K
play,10,0,517539,,,K+WP.B-1
play,10,0,543049,,,7/F,63.25,124.50
play,10,0,515055,,,PO1(E?).1-2
play,10,0,515055,,,S5/G.2-3,109.44,176.71
play,10,0,595467,,,1/SH.1-2;3-H,126.51,192.77
play,10,0,571708,,,CS3
play,10,1,519345,,,8/F,97.39,96.39
play,10,1,594886,,,2/PF,50.20,194.78
play,10,1,506916,,,K
id,DanAPP201007120
info,visteam,PulAPP
info,hometeam,DanAPP
info,date,2010/07/12
start,573095,Derek Poppert,0,1,4
start,462088,Jetsy Extrano,0,2,10
start,517539,Ramon Morla,0,3,5
start,543049,Henry Contreras,0,4,3
start,515055,Jose Rivero,0,5,9
start,595400,Jake Schlander,0,6,6
start,595351,Ethan Paquette,0,7,7
start,500719,Larry Gonzalez,0,8,2
start,500726,Mario Yepez,0,9,8
start,526911,Nolan Diaz,0,0,1
start,594935,Jason Mowry,1,1,8
start,592743,Andrelton Simmons,1,2,6
start,571599,Jakob Dalfonso,1,3,10
start,594828,Evan Gattis,1,4,2
start,592495,Joe Leonard,1,5,5
start,519345,Joseph Terdoslavich,1,6,3
start,501592,Daniel Falcon,1,7,9
start,594819,Kenny Fleming,1,8,7
start,554239,Elmer Reyes,1,9,4
start,542201,Ronan Pacheco,1,0,1
play,1,0,573095,,,S8/F,122.49,104.42
play,1,0,462088,,,HP.1-2
play,1,0,517539,,,WP.1-2;2-3
play,1,0,517539,,,K
play,1,0,543049,,,S8/L.2-H;3-H,100.40,108.43
play,1,0,515055,,,S7/L.1-2,83.33,129.52
play,1,0,595400,,,S9/G.1-3;2-H,206.83,140.56
play,1,0,595351,,,SBH;SB2
play,1,0,595351,,,CS3
play,1,0,595351,,,S9/L,163.65,135.54
play,1,0,500719,,,53/G,108.43,169.68
play,1,1,594935,,,S7/L,79.32,135.54
play,1,1,592743,,,S5/BG.1-2,111.45,185.74
play,1,1,571599,,,K
play,1,1,594828,,,K
play,1,1,592495,,,K
play,2,0,500726,,,43/G,131.53,179.72
play,2,0,573095,,,7/F,54.22,119.48
play,2,0,462088,,,W
play,2,0,517539,,,K
play,2,1,519345,,,S8/L,117.47,137.55
play,2,1,501592,,,64(1)3/GDP/G6,116.47,177.71
play,2,1,594819,,,S7/L,86.35,135.54
play,2,1,554239,,,13/G,132.53,195.78
play,3,0,543049,,,63/G,126.51,176.71
play,3,0,515055,,,63/G,114.46,171.69
play,3,0,595400,,,K
play,3,1,594935,,,43/G,129.52,173.69
play,3,1,592743,,,6/P,114.46,166.67
play,3,1,571599,,,D8/L,117.47,104.42
play,3,1,594828,,,W
play,3,1,592495,,,FC5/G.1X2(54),110.44,186.75
play,4,0,595351,,,53/G,120.48,180.72
play,4,0,500719,,,8/F,126.51,101.41
play,4,0,500726,,,S1/BG,123.49,196.79
play,4,0,573095,,,SB2
play,4,0,573095,,,D7/L.2-H,64.26,130.52
play,4,0,462088,,,WP.2-3
play,4,0,517539,,,NP
sub,543901,Ryan Weber,1,0,1
play,4,0,462088,,,K
play,4,1,519345,,,63/G,98.39,172.69
play,4,1,501592,,,S7/G,71.29,132.53
play,4,1,594819,,,9/F,186.75,133.53
play,4,1,554239,,,S7/G.1-2,83.33,137.55
play,4,1,594935,,,9/F,173.69,139.56
play,5,0,517539,,,K23
play,5,0,543049,,,63/G,112.45,165.66
play,5,0,515055,,,53/G,120.48,166.67
play,5,1,592743,,,K
play,5,1,571599,,,K
play,5,1,594828,,,43/G,136.55,171.69
play,6,0,595400,,,3/G,142.57,188.76
play,6,0,595351,,,K
play,6,0,500719,,,63/G,108.43,173.69
play,6,1,592495,,,S8/L,132.53,116.47
play,6,1,519345,,,36(1)3/GDP/G3,147.59,180.72
play,6,1,501592,,,13/G,134.54,194.78
play,7,0,500726,,,HR/F,227.91,59.24
play,7,0,573095,,,43/G,151.61,168.67
play,7,0,462088,,,63/G,113.45,166.67
play,7,0,517539,,,3/G,140.56,180.72
play,7,1,594819,,,E4/TH.BX2(23),127.51,172.69
play,7,1,554239,,,9/F,151.61,115.46
play,7,1,594935,,,43/G,146.59,171.69
play,8,0,543049,,,NP
sub,595212,Jarred Frierson,1,2,4
play,8,0,515055,,,NP
sub,554239,Elmer Reyes,1,9,6
play,8,0,543049,,,K
play,8,0,515055,,,S3/G,155.62,179.72
play,8,0,595400,,,46(1)3/GDP/G4,151.61,168.67
play,8,1,595212,,,NP
sub,597054,Lance Abbott,0,0,1
play,8,1,595212,,,13/G,128.51,198.80
play,8,1,571599,,,W
play,8,1,594828,,,K
play,8,1,592495,,,K
play,9,0,595351,,,NP
sub,572911,Jamie Hayes,1,0,1
play,9,0,595351,,,4/P,142.57,157.63
play,9,0,500719,,,K
play,9,0,500726,,,43/G,137.55,171.69
play,9,1,519345,,,W
play,9,1,501592,,,53/G.1-2,112.45,182.73
play,9,1,594819,,,K
play,9,1,554239,,,9/F,181.73,133.53
id,DanAPP201007200
info,visteam,PulAPP
info,hometeam,DanAPP
info,date,2010/07/20
start,500726,Mario Yepez,0,1,8
start,595467,James Wood,0,2,7
start,517539,Ramon Morla,0,3,5
start,515055,Jose Rivero,0,4,9
start,500716,Jorge Agudelo,0,5,4
start,571708,Andrew Giobbi,0,6,10
start,595143,Matt Browning,0,7,3
start,542546,Hassiel Jimenez,0,8,10
start,595400,Jake Schlander,0,9,6
start,570884,George Mieses,0,0,1
start,506916,Bobby Rauh,1,1,8
start,592743,Andrelton Simmons,1,2,6
start,594886,Barrett Kleinknecht,1,3,10
start,595176,Ryan Delgado,1,4,2
start,519345,Joseph Terdoslavich,1,5,5
start,592691,David Rohm,1,6,9
start,517424,Alberto Odreman,1,7,3
start,554239,Elmer Reyes,1,8,4
start,594819,Kenny Fleming,1,9,7
start,548323,Willie Kempf,1,0,1
play,1,0,500726,,,S8/L,116.47,113.45
play,1,0,595467,,,BK.1-2
play,1,0,595467,,,7/F,59.24,115.46
play,1,0,517539,,,K
play,1,0,515055,,,D8/F.2-H,136.55,84.34
play,1,0,500716,,,6/P,105.42,153.61
play,1,1,506916,,,W
play,1,1,592743,,,SB2
play,1,1,592743,,,K
play,1,1,594886,,,63/G.2-3,115.46,166.67
play,1,1,595176,,,7/F,66.27,110.44
play,2,0,571708,,,53/G,102.41,183.73
play,2,0,595143,,,63/G,105.42,164.66
play,2,0,542546,,,63/G,114.46,163.65
play,2,1,519345,,,43/G,138.55,166.67
play,2,1,592691,,,6/P,101.41,159.64
play,2,1,517424,,,S9/G,145.58,125.50
play,2,1,554239,,,43/G,134.54,168.67
play,3,0,595400,,,3/L,147.59,178.71
play,3,0,500726,,,43/G,142.57,165.66
play,3,0,595467,,,K
play,3,1,594819,,,K
play,3,1,506916,,,K
play,3,1,592743,,,53/G,107.43,179.72
play,4,0,517539,,,4/P,139.56,164.66
play,4,0,515055,,,K
play,4,0,500716,,,8/F,115.46,83.33
play,4,1,594886,,,53/G,102.41,178.71
play,4,1,595176,,,HP
play,4,1,519345,,,K
play,4,1,592691,,,3/G,148.59,177.71
play,5,0,571708,,,NP
sub,594828,Evan Gattis,1,4,2
play,5,0,571708,,,4/L,141.57,167.67
play,5,0,595143,,,S9/L,169.68,118.47
play,5,0,542546,,,K
play,5,0,595400,,,SB2
play,5,0,595400,,,3/G,138.55,180.72
play,5,1,517424,,,8/F,114.46,91.37
play,5,1,554239,,,S8/L,114.46,108.43
play,5,1,594819,,,8/F,131.53,80.32
play,5,1,506916,,,SB2
play,5,1,506916,,,53/G,108.43,182.73
play,6,0,500726,,,6/P,106.43,170.68
play,6,0,595467,,,K
play,6,0,517539,,,K23
play,6,1,592743,,,9/F,178.71,113.45
play,6,1,594886,,,D7/L,63.25,109.44
play,6,1,594828,,,WP.2-3
play,6,1,594828,,,9/SF.3-H,173.69,108.43
play,6,1,519345,,,43/G,136.55,166.67
play,7,0,515055,,,53/G,106.43,179.72
play,7,0,500716,,,K
play,7,0,571708,,,8/F,129.52,83.33
play,7,1,592691,,,53/G,105.42,178.71
play,7,1,517424,,,9/F,174.70,118.47
play,7,1,554239,,,63/G,107.43,166.67
play,8,0,595143,,,4/P,139.56,165.66
play,8,0,542546,,,HP
play,8,0,595400,,,NP
sub,462088,Jetsy Extrano,0,8,12
play,8,0,595400,,,SB2;1-3(E2)(E2/TH)
play,8,0,595400,,,K23
play,8,0,500726,,,4/P,136.55,163.65
play,8,1,594819,,,NP
sub,500719,Larry Gonzalez,0,8,2
play,8,1,594819,,,4/L,133.53,167.67
play,8,1,506916,,,S8/L,125.50,91.37
play,8,1,592743,,,8/F,123.49,83.33
play,8,1,594886,,,SB2
play,8,1,594886,,,HP
play,8,1,594828,,,S6/G.2XH(65),112.45,164.66
play,9,0,595467,,,NP
sub,592501,Matthew Lewis,1,0,1
play,9,0,595467,,,W
play,9,0,517539,,,SB2
play,9,0,517539,,,W
play,9,0,515055,,,SB3;SB2
play,9,0,515055,,,S7/L.2-H;3-H,73.29,122.49
play,9,0,500716,,,E1/TH.1-2,130.52,192.77
play,9,0,571708,,,14/SH.1-2;2-3,128.51,189.76
play,9,0,595143,,,W
play,9,0,500719,,,53/G.1-2;2-3;3-H,95.38,174.70
play,9,0,595400,,,W
play,9,0,500726,,,HR/F.1-H;2-H;3-H,199.80,67.27
play,9,0,595467,,,W
play,9,0,517539,,,53/G,109.44,184.74
play,9,1,519345,,,NP
sub,573095,Derek Poppert,0,5,4
play,9,1,592691,,,NP
sub,518898,Stephen Kohlscheen,0,0,1
play,9,1,519345,,,53/G,105.42,178.71
play,9,1,592691,,,63/G,122.49,168.67
play,9,1,517424,,,E5/TH.B-2,100.40,172.69
play,9,1,554239,,,K
id,DanAPP201007210
info,visteam,PulAPP
info,hometeam,DanAPP
info,date,2010/07/21
start,500726,Mario Yepez,0,1,8
start,573095,Derek Poppert,0,2,4
start,462088,Jetsy Extrano,0,3,5
start,595467,James Wood,0,4,7
start,500716,Jorge Agudelo,0,5,9
start,595143,Matt Browning,0,6,3
start,595351,Ethan Paquette,0,7,10
start,500719,Larry Gonzalez,0,8,2
start,595400,Jake Schlander,0,9,6
start,500722,Yovanny Olivero,0,0,1
start,592743,Andrelton Simmons,1,1,6
start,594886,Barrett Kleinknecht,1,2,5
start,571599,Jakob Dalfonso,1,3,10
start,594828,Evan Gattis,1,4,2
start,519345,Joseph Terdoslavich,1,5,3
start,592691,David Rohm,1,6,9
start,506916,Bobby Rauh,1,7,8
start,554239,Elmer Reyes,1,8,4
start,594819,Kenny Fleming,1,9,7
start,573062,Aaron Northcraft,1,0,1
play,1,0,500726,,,3/G,143.57,178.71
play,1,0,573095,,,K
play,1,0,462088,,,K
play,1,1,592743,,,7/F,64.26,118.47
play,1,1,594886,,,S9/L,168.67,128.51
play,1,1,571599,,,SB2
play,1,1,571599,,,31/G.2-3,136.55,190.76
play,1,1,594828,,,S8/L.3-H,97.39,90.36
play,1,1,519345,,,D7/L.1-H,44.18,114.46
play,1,1,592691,,,HP
play,1,1,506916,,,S9/L.1-2;2-3,160.64,93.37
play,1,1,554239,,,FC6/G.1X2(64),113.45,180.72
play,2,0,595467,,,3/G,146.59,183.73
play,2,0,500716,,,53/G,107.43,186.75
play,2,0,595143,,,S8/L,159.64,92.37
play,2,0,595351,,,K
play,2,1,594819,,,53/G,99.40,183.73
play,2,1,592743,,,6/L,115.46,174.70
play,2,1,594886,,,S7/L,89.36,95.38
play,2,1,571599,,,3/L,139.56,185.74
play,3,0,500719,,,63/G,118.47,167.67
play,3,0,595400,,,53/G,113.45,185.74
play,3,0,500726,,,43/G,138.55,175.70
play,3,1,594828,,,S7/G,95.38,100.40
play,3,1,519345,,,8/F,140.56,96.39
play,3,1,592691,,,WP.1-2
play,3,1,592691,,,S9/L.2-3,193.78,122.49
play,3,1,506916,,,K
play,3,1,554239,,,FC4/G.1X2(46),129.52,178.71
play,4,0,573095,,,63/G,109.44,182.73
play,4,0,462088,,,K
play,4,0,595467,,,K
play,4,1,594819,,,7/F,91.37,106.43
play,4,1,592743,,,D7/F,78.31,96.39
play,4,1,594886,,,S8/L.2-H,123.49,84.34
play,4,1,571599,,,POCS2(136)
play,4,1,571599,,,3/G,126.51,192.77
play,5,0,500716,,,K
play,5,0,595143,,,K
play,5,0,595351,,,S8/G,136.55,112.45
play,5,0,500719,,,SB2
play,5,0,500719,,,K
play,5,1,594828,,,3/G,146.59,186.75
play,5,1,519345,,,S9/L,168.67,114.46
play,5,1,592691,,,4/P,123.49,179.72
play,5,1,506916,,,6/P,102.41,171.69
play,6,0,595400,,,53/G,101.41,182.73
play,6,0,500726,,,63/G,108.43,173.69
play,6,0,573095,,,HP
play,6,0,462088,,,SB2
play,6,0,462088,,,K
play,6,1,554239,,,NP
sub,544731,Yao Wen Chang,0,0,1
play,6,1,554239,,,HP
play,6,1,594819,,,9/F,183.73,118.47
play,6,1,592743,,,54(1)3/GDP/G5,109.44,177.71
play,7,0,595467,,,7/F,97.39,105.42
play,7,0,500716,,,K
play,7,0,595143,,,13/G,120.48,200.80
play,7,1,594886,,,6/L,111.45,172.69
play,7,1,571599,,,S9/L,148.59,128.51
play,7,1,594828,,,WP.1-2
play,7,1,594828,,,S8/G.2-H;B-2,109.44,94.38
play,7,1,519345,,,8/F,116.47,104.42
play,7,1,592691,,,7/F,61.24,130.52
play,8,0,595351,,,NP
sub,543146,Kyle Farrell,1,0,1
play,8,0,595351,,,9/FF,179.72,166.67
play,8,0,500719,,,S9/L,199.80,109.44
play,8,0,595400,,,S9/G.1-2,181.73,120.48
play,8,0,500726,,,8/F,146.59,89.36
play,8,0,573095,,,K
play,8,1,506916,,,31/G,146.59,182.73
play,8,1,554239,,,S7/G,91.37,110.44
play,8,1,594819,,,D7/L.1-3,51.20,122.49
play,8,1,592743,,,D7/L.2-H;3-H,98.39,114.46
play,8,1,594886,,,9/F,165.66,121.49
play,8,1,571599,,,S8/G.2-H;B-2,142.57,89.36
play,8,1,594828,,,S7/G.2-H,71.29,122.49
play,8,1,519345,,,S9/L.1-2,181.73,115.46
play,8,1,592691,,,6/P,117.47,174.70
play,9,0,462088,,,8/F,106.43,106.43
play,9,0,595467,,,8/F,134.54,111.45
play,9,0,500716,,,S7/L,67.27,111.45
play,9,0,595143,,,WP.1-2
play,9,0,595143,,,K.2-H;B-1(E2/TH)
play,9,0,595351,,,6/P,114.46,174.70
id,DanAPP201007220
info,visteam,PulAPP
info,hometeam,DanAPP
info,date,2010/07/22
start,500726,Mario Yepez,0,1,8
start,462088,Jetsy Extrano,0,2,6
start,517539,Ramon Morla,0,3,5
start,515055,Jose Rivero,0,4,9
start,500716,Jorge Agudelo,0,5,4
start,595467,James Wood,0,6,7
start,595143,Matt Browning,0,7,3
start,571708,Andrew Giobbi,0,8,2
start,595400,Jake Schlander,0,9,10
start,595138,Timothy Boyce,0,0,1
start,594935,Jason Mowry,1,1,8
start,594886,Barrett Kleinknecht,1,2,5
start,571599,Jakob Dalfonso,1,3,10
start,594828,Evan Gattis,1,4,2
start,519345,Joseph Terdoslavich,1,5,3
start,592743,Andrelton Simmons,1,6,6
start,595212,Jarred Frierson,1,7,9
start,554239,Elmer Reyes,1,8,4
start,594819,Kenny Fleming,1,9,7
start,543901,Ryan Weber,1,0,1
play,1,0,500726,,,D8/F,134.54,78.31
play,1,0,462088,,,9/F,194.78,137.55
play,1,0,517539,,,S9/L.2-H,190.76,143.57
play,1,0,placeholder,,,POCS2(134)
play,1,0,515055,,,K
play,1,1,594935,,,7/F,84.34,129.52
play,1,1,594886,,,8/F,153.61,110.44
play,1,1,571599,,,HP
play,1,1,594828,,,S8/G.1-2,127.51,129.52
play,1,1,519345,,,43/G,141.57,170.68
play,2,0,500716,,,HP
play,2,0,595467,,,16(1)3/GDP/G1,125.50,195.78
play,2,0,595143,,,53/G,108.43,179.72
play,2,1,592743,,,S8/L,132.53,104.42
play,2,1,595212,,,S4/G.1-2,141.57,173.69
play,2,1,554239,,,9/F.2-3,179.72,121.49
play,2,1,594819,,,6(1)3/G6/GDP,117.47,164.66
play,3,0,571708,,,K
play,3,0,595400,,,63/G,111.45,171.69
play,3,0,500726,,,K
play,3,1,594935,,,8/F,106.43,90.36
play,3,1,594886,,,7/F,80.32,119.48
play,3,1,571599,,,S4/G,134.54,181.73
play,3,1,594828,,,S9/L.1-3,168.67,139.56
play,3,1,519345,,,4/L,145.58,176.71
play,4,0,462088,,,D7/F,59.24,119.48
play,4,0,517539,,,43/G.2-3,140.56,169.68
play,4,0,515055,,,63/G,116.47,166.67
play,4,0,500716,,,K
play,4,1,592743,,,D9/F,185.74,132.53
play,4,1,595212,,,WP.2-3
play,4,1,595212,,,143/G1,126.51,189.76
play,4,1,554239,,,9/SF.3-H,198.80,125.50
play,4,1,594819,,,S4/G,133.53,160.64
play,4,1,594935,,,S8/G.1-3,110.44,101.41
play,4,1,594886,,,E5.1-3;3-H;B-2,109.44,176.71
play,4,1,571599,,,HP
play,4,1,594828,,,S9/G.1-3;2-H;3-H,176.71,145.58
play,4,1,519345,,,3/G,142.57,190.76
play,5,0,595467,,,K
play,5,0,595143,,,63/G,122.49,167.67
play,5,0,571708,,,9/F,187.75,117.47
play,5,1,592743,,,NP
sub,598217,Michael Vitale,0,0,1
play,5,1,592743,,,6/P,107.43,173.69
play,5,1,595212,,,8/F,95.38,89.36
play,5,1,554239,,,7/F,78.31,132.53
play,6,0,595400,,,53/G,102.41,177.71
play,6,0,500726,,,43/G,147.59,168.67
play,6,0,462088,,,9/F,181.73,134.54
play,6,1,594819,,,53/G,105.42,175.70
play,6,1,594935,,,5/L,101.41,175.70
play,6,1,594886,,,S7/L,76.31,132.53
play,6,1,571599,,,SB2
play,6,1,571599,,,31/G,148.59,180.72
play,7,0,517539,,,63/G,116.47,170.68
play,7,0,515055,,,K
play,7,0,500716,,,63/G,105.42,169.68
play,7,1,594828,,,9/F,201.81,117.47
play,7,1,519345,,,43/G,153.61,171.69
play,7,1,592743,,,9/F,162.65,124.50
play,8,0,595467,,,NP
sub,592786,Matthew Suschak,1,0,1
play,8,0,595467,,,S8/F,116.47,121.49
play,8,0,595143,,,WP.1-2
play,8,0,595143,,,3(B)36(2)/LDP,148.59,187.75
play,8,0,571708,,,S8/L,121.49,110.44
play,8,0,595400,,,S9/L.1-2,162.65,152.61
play,8,0,500726,,,3/G,147.59,179.72
play,8,1,595212,,,13/G,128.51,192.77
play,8,1,554239,,,43/G,141.57,171.69
play,8,1,594819,,,3/G,136.55,183.73
play,9,0,462088,,,K
play,9,0,517539,,,6/L,104.42,163.65
play,9,0,515055,,,43/G,137.55,175.70
id,DanAPP201007230
info,visteam,JohAPP
info,hometeam,DanAPP
info,date,2010/07/23
start,594824,Greg Garcia,0,1,4
start,570805,Oscar Taveras,0,2,7
start,592774,Cody Stanley,0,3,2
start,595158,Philip Cerreto,0,4,3
start,521091,Romulo Ruiz,0,5,5
start,542465,Roberto Reyes,0,6,9
start,500675,Kleininger Teran,0,7,10
start,551750,Cesar Valera,0,8,6
start,518802,Virgil Hill,0,9,8
start,595166,Ryan Copeland,0,0,1
start,594935,Jason Mowry,1,1,8
start,592743,Andrelton Simmons,1,2,6
start,594886,Barrett Kleinknecht,1,3,4
start,594828,Evan Gattis,1,4,2
start,519345,Joseph Terdoslavich,1,5,5
start,592691,David Rohm,1,6,9
start,517424,Alberto Odreman,1,7,3
start,596732,Ryan Query,1,8,2
start,595212,Jarred Frierson,1,9,7
start,542201,Ronan Pacheco,1,0,1
play,1,0,594824,,,HP
play,1,0,570805,,,K
play,1,0,592774,,,S8/G.1-2,121.49,91.37
play,1,0,595158,,,S5/G.1-2;2-3,111.45,179.72
play,1,0,521091,,,S7/G.1-2;2-3;3-H,64.26,136.55
play,1,0,542465,,,7/SF.3-H,58.23,110.44
play,1,0,500675,,,S7/L.1-2;2-H,95.38,99.40
play,1,0,551750,,,63/G,106.43,171.69
play,1,1,594935,,,9/F,180.72,113.45
play,1,1,592743,,,7/F,78.31,109.44
play,1,1,594886,,,HR/F,51.20,73.29
play,1,1,594828,,,K
play,2,0,518802,,,D9/G,178.71,122.49
play,2,0,594824,,,3/G.2-3,152.61,177.71
play,2,0,570805,,,S8/L.3-H,132.53,103.41
play,2,0,592774,,,S9/G.1-3,178.71,120.48
play,2,0,595158,,,8/SF.3-H,109.44,79.32
play,2,0,521091,,,NP
sub,572911,Jamie Hayes,1,0,1
play,2,0,521091,,,W.1-2
play,2,0,542465,,,63/G,107.43,172.69
play,2,1,519345,,,K
play,2,1,592691,,,K
play,2,1,517424,,,43/G,136.55,172.69
play,3,0,500675,,,D7/L,77.31,112.45
play,3,0,551750,,,K
play,3,0,518802,,,S6/G.2-3,115.46,165.66
play,3,0,594824,,,W.1-2
play,3,0,570805,,,D8/L.1-H;2-H;3-H,123.49,90.36
play,3,0,592774,,,7/F,64.26,116.47
play,3,0,595158,,,7/F,65.26,126.51
play,3,1,596732,,,K23
play,3,1,595212,,,K
play,3,1,594935,,,43/G,133.53,174.70
play,4,0,521091,,,S5/G,102.41,184.74
play,4,0,542465,,,3/G.1-2,140.56,182.73
play,4,0,500675,,,W
play,4,0,551750,,,S8/L.1-2;2-3,131.53,88.35
play,4,0,518802,,,W.1-2;2-3;3-H
play,4,0,594824,,,7/F,82.33,128.51
play,4,0,570805,,,S4/G.1-2;2-3;3-H,135.54,171.69
play,4,0,592774,,,7/F,75.30,108.43
play,4,1,592743,,,8/F,103.41,85.34
play,4,1,594886,,,S9/G,167.67,128.51
play,4,1,594828,,,HR/F.1-H,42.17,62.25
play,4,1,519345,,,63/G,101.41,171.69
play,4,1,592691,,,9/F,165.66,127.51
play,5,0,595158,,,NP
sub,554239,Elmer Reyes,1,2,6
play,5,0,595158,,,S5/G,99.40,182.73
play,5,0,521091,,,K
play,5,0,542465,,,K
play,5,0,500675,,,NP
sub,592501,Matthew Lewis,1,0,1
play,5,0,500675,,,WP.1-2
play,5,0,500675,,,8/F,124.50,86.35
play,5,1,517424,,,K
play,5,1,596732,,,K
play,5,1,595212,,,S8/L,134.54,90.36
play,5,1,594935,,,7/F,59.24,109.44
play,6,0,551750,,,W
play,6,0,518802,,,W.1-2
play,6,0,594824,,,FC4/G.1X2(46);2-3;B-1,129.52,176.71
play,6,0,570805,,,S9/G.1-3;3-H,156.63,116.47
play,6,0,592774,,,8/SF.3-H,113.45,103.41
play,6,0,595158,,,S7/G.1-2,88.35,108.43
play,6,0,521091,,,WP.1-2;2-3
play,6,0,521091,,,W
play,6,0,542465,,,NP
sub,542562,Edigson Mora,1,0,1
play,6,0,542465,,,K
play,6,1,554239,,,NP
sub,571772,Hector Hernandez,0,0,1
play,6,1,554239,,,S7/L,65.26,126.51
play,6,1,594886,,,8/F,115.46,89.36
play,6,1,594828,,,PO1(E?).1-2
play,6,1,594828,,,K
play,6,1,519345,,,63/G,115.46,172.69
play,7,0,500675,,,NP
sub,571599,Jakob Dalfonso,1,5,5
play,7,0,500675,,,S8/F,108.43,86.35
play,7,0,551750,,,64(1)3/GDP/G6,117.47,169.68
play,7,0,518802,,,S4/G,134.54,170.68
play,7,0,594824,,,S9/G.1-3,169.68,107.43
play,7,0,570805,,,NP
sub,572265,Reggie Williams,0,2,11
play,7,0,572265,,,W.1-2
play,7,0,592774,,,NP
sub,516650,Juan Castillo,0,3,11
play,7,0,516650,,,13/G,123.49,185.74
play,7,1,592691,,,NP
sub,572265,Reggie Williams,0,2,8
play,7,1,517424,,,NP
sub,516650,Juan Castillo,0,3,2
play,7,1,596732,,,NP
sub,518802,Virgil Hill,0,9,7
play,7,1,592691,,,W
play,7,1,517424,,,D7/G.1-H;B-3(E),75.30,137.55
play,7,1,596732,,,K23
play,7,1,595212,,,4/L,135.54,169.68
play,7,1,594935,,,43/G,128.51,175.70
play,8,0,595158,,,13/G,126.51,188.76
play,8,0,521091,,,63/G,112.45,176.71
play,8,0,542465,,,7/F,59.24,106.43
play,8,1,554239,,,8/F,118.47,97.39
play,8,1,594886,,,D8/F,122.49,89.36
play,8,1,594828,,,NP
sub,595176,Ryan Delgado,1,4,11
play,8,1,595176,,,43/G.2-3,144.58,164.66
play,8,1,571599,,,D9/G.3-H,178.71,127.51
play,8,1,592691,,,S6/G.2-3,103.41,176.71
play,8,1,517424,,,FC5/G.1X2(54),107.43,181.73
play,9,0,500675,,,NP
sub,595176,Ryan Delgado,1,4,10
play,9,0,500675,,,8/F,120.48,70.28
play,9,0,551750,,,4/P,137.55,174.70
play,9,0,518802,,,T9/G,192.77,108.43
play,9,0,594824,,,43/G,134.54,163.65
play,9,1,596732,,,8/F,121.49,107.43
play,9,1,595212,,,S4/G,147.59,173.69
play,9,1,594935,,,K
play,9,1,554239,,,13/G,128.51,189.76
id,DanAPP201007240
info,visteam,JohAPP
info,hometeam,DanAPP
info,date,2010/07/24
start,594824,Greg Garcia,0,1,6
start,570805,Oscar Taveras,0,2,7
start,592774,Cody Stanley,0,3,10
start,595158,Philip Cerreto,0,4,9
start,521091,Romulo Ruiz,0,5,5
start,500675,Kleininger Teran,0,6,3
start,518802,Virgil Hill,0,7,8
start,502023,Travis Tartamella,0,8,2
start,592286,Patrick Elkins,0,9,4
start,542203,Angel De Jesus,0,0,1
start,594935,Jason Mowry,1,1,8
start,592743,Andrelton Simmons,1,2,6
start,594886,Barrett Kleinknecht,1,3,5
start,594828,Evan Gattis,1,4,2
start,595176,Ryan Delgado,1,5,10
start,519345,Joseph Terdoslavich,1,6,3
start,592691,David Rohm,1,7,9
start,554239,Elmer Reyes,1,8,4
start,594819,Kenny Fleming,1,9,7
start,543146,Kyle Farrell,1,0,1
play,1,0,594824,,,K
play,1,0,570805,,,63/G,111.45,167.67
play,1,0,592774,,,8/F,119.48,102.41
play,1,1,594935,,,D8/F,116.47,83.33
play,1,1,592743,,,13/SH.2-3,130.52,196.79
play,1,1,594886,,,S7/G.3-H,68.27,122.49
play,1,1,594828,,,S9/L.1-2,167.67,119.48
play,1,1,595176,,,64(1)3/GDP/G6,111.45,167.67
play,2,0,595158,,,K
play,2,0,521091,,,63/G,113.45,166.67
play,2,0,500675,,,K
play,2,1,519345,,,K
play,2,1,592691,,,43/G,131.53,163.65
play,2,1,554239,,,K
play,3,0,518802,,,HR/F,48.19,51.20
play,3,0,502023,,,63/G,110.44,168.67
play,3,0,592286,,,K
play,3,0,594824,,,43/G,133.53,164.66
play,3,1,594819,,,S7/L,78.31,127.51
play,3,1,594935,,,16(1)3/GDP/G1,124.50,190.76
play,3,1,592743,,,S8/G,125.50,113.45
play,3,1,594886,,,SB2
play,3,1,594886,,,S9/L.2-H,156.63,113.45
play,3,1,594828,,,CS2
play,4,0,570805,,,8/F,109.44,105.42
play,4,0,592774,,,8/F,118.47,108.43
play,4,0,595158,,,D9/F,167.67,108.43
play,4,0,521091,,,63/G,113.45,167.67
play,4,1,594828,,,53/G,102.41,177.71
play,4,1,595176,,,K
play,4,1,519345,,,13/G,122.49,188.76
play,5,0,500675,,,3/G,148.59,174.70
play,5,0,518802,,,S4/G,133.53,163.65
play,5,0,502023,,,E1.1-2,125.50,169.68
play,5,0,592286,,,3/G.1-2;2-3,146.59,176.71
play,5,0,594824,,,43/G,128.51,166.67
play,5,1,592691,,,S8/L,117.47,110.44
play,5,1,554239,,,HP.1-2
play,5,1,594819,,,K
play,5,1,594935,,,HR/F.1-H;2-H,189.76,54.22
play,5,1,592743,,,31/G,144.58,173.69
play,5,1,594886,,,53/G,100.40,174.70
play,6,0,570805,,,4/P,127.51,141.57
play,6,0,592774,,,3/G,146.59,176.71
play,6,0,595158,,,W
play,6,0,521091,,,FC6/G.1X2(64),111.45,165.66
play,6,1,594828,,,NP
sub,572797,Patrick Daugherty,0,0,1
play,6,1,594828,,,7/F,70.28,120.48
play,6,1,595176,,,D9/F,178.71,99.40
play,6,1,519345,,,43/G.2-3,129.52,160.64
play,6,1,592691,,,S4/G.3-H,132.53,167.67
play,6,1,554239,,,53/G,102.41,176.71
play,7,0,500675,,,43/G,135.54,168.67
play,7,0,518802,,,7/F,65.26,121.49
play,7,0,502023,,,63/G,111.45,164.66
play,7,1,594819,,,53/G,105.42,177.71
play,7,1,594935,,,K
play,7,1,592743,,,E5/TH,97.39,170.68
play,7,1,594886,,,FC6/G.1X2(64),107.43,165.66
play,8,0,592286,,,NP
sub,543826,Tyler Stovall,1,0,1
play,8,0,592286,,,HP
play,8,0,594824,,,W.1-2
play,8,0,570805,,,E1/TH.1-3;2-H;B-2,122.49,194.78
play,8,0,592774,,,D7/F.2-H;3-H,69.28,121.49
play,8,0,595158,,,PB.2-3
play,8,0,595158,,,7/SF.3-H,59.24,117.47
play,8,0,521091,,,W
play,8,0,500675,,,NP
sub,551750,Cesar Valera,0,5,12
play,8,0,518802,,,NP
sub,594925,Kyle Mertins,1,0,1
play,8,0,500675,,,46(1)3/GDP/G4,137.55,165.66
play,8,1,594828,,,NP
sub,594824,Greg Garcia,0,1,4
play,8,1,595176,,,NP
sub,551750,Cesar Valera,0,5,6
play,8,1,519345,,,NP
sub,592286,Patrick Elkins,0,9,5
play,8,1,594828,,,S9/G,157.63,102.41
play,8,1,595176,,,9/F,161.65,115.46
play,8,1,519345,,,S9/G.1-3,165.66,124.50
play,8,1,592691,,,NP
sub,592515,Aidan Lucas,0,0,1
play,8,1,592691,,,K
play,8,1,554239,,,S8/L.1X3;3-H,124.50,110.44
play,9,0,518802,,,43/G,131.53,162.65
play,9,0,502023,,,W
play,9,0,592286,,,NP
sub,571641,Christopher Edmondson,0,9,11
play,9,0,571641,,,S9/G.1-2,160.64,123.49
play,9,0,placeholder,,,NP
sub,542465,Roberto Reyes,0,9,12
play,9,0,594824,,,HP.1-2;2-3
play,9,0,570805,,,5/P,97.39,168.67
play,9,0,592774,,,63/G,111.45,166.67
id,DanAPP201007250
info,visteam,JohAPP
info,hometeam,DanAPP
info,date,2010/07/25
start,518802,Virgil Hill,0,1,9
start,570805,Oscar Taveras,0,2,10
start,595158,Philip Cerreto,0,3,3
start,571641,Christopher Edmondson,0,4,7
start,521091,Romulo Ruiz,0,5,5
start,516650,Juan Castillo,0,6,2
start,592286,Patrick Elkins,0,7,4
start,551750,Cesar Valera,0,8,6
start,572265,Reggie Williams,0,9,8
start,572953,Cale Johnson,0,0,1
start,594935,Jason Mowry,1,1,8
start,592743,Andrelton Simmons,1,2,6
start,571599,Jakob Dalfonso,1,3,10
start,594886,Barrett Kleinknecht,1,4,5
start,595176,Ryan Delgado,1,5,2
start,519345,Joseph Terdoslavich,1,6,3
start,592691,David Rohm,1,7,9
start,554239,Elmer Reyes,1,8,4
start,506916,Bobby Rauh,1,9,7
start,548323,Willie Kempf,1,0,1
play,1,0,518802,,,S8/G,129.52,109.44
play,1,0,570805,,,S9/L.1-3,161.65,147.59
play,1,0,595158,,,9/SF.1X2(926);3-H,180.72,126.51
play,1,0,571641,,,63/G,111.45,176.71
play,1,1,594935,,,S8/G,148.59,112.45
play,1,1,592743,,,53/G.1-2,106.43,174.70
play,1,1,571599,,,7/F,78.31,121.49
play,1,1,594886,,,S8/L.2-H,112.45,120.48
play,1,1,595176,,,9/F,180.72,129.52
play,2,0,521091,,,8/F,97.39,96.39
play,2,0,516650,,,31/G,146.59,184.74
play,2,0,592286,,,63/G,122.49,168.67
play,2,1,519345,,,53/G,115.46,177.71
play,2,1,592691,,,63/G,118.47,176.71
play,2,1,554239,,,K
play,3,0,551750,,,S3/G,103.41,183.73
play,3,0,572265,,,K
play,3,0,518802,,,POCS2(234)
play,3,0,518802,,,8/F,123.49,75.30
play,3,1,506916,,,53/G,104.42,177.71
play,3,1,594935,,,S4/G,133.53,172.69
play,3,1,592743,,,S6/G.1-2,116.47,173.69
play,3,1,571599,,,S8/G.1-2;2-H,104.42,121.49
play,3,1,594886,,,POCS3(145);.1-2
play,3,1,594886,,,K
play,4,0,570805,,,S3/G,137.55,185.74
play,4,0,595158,,,9/F,182.73,121.49
play,4,0,571641,,,K+PO1(23)
play,4,1,595176,,,63/G,106.43,172.69
play,4,1,519345,,,43/G,149.60,172.69
play,4,1,592691,,,D9/F,144.58,112.45
play,4,1,554239,,,S7/G.2XH,63.25,138.55
play,5,0,521091,,,63/G,104.42,171.69
play,5,0,516650,,,43/G,133.53,175.70
play,5,0,592286,,,S8/L,86.35,111.45
play,5,0,551750,,,9/F,152.61,127.51
play,5,1,506916,,,9/F,178.71,113.45
play,5,1,594935,,,S8/G,105.42,112.45
play,5,1,592743,,,S5/G.1-2,102.41,180.72
play,5,1,571599,,,3/G.1-2;2-3,150.60,183.73
play,5,1,594886,,,7/F,102.41,107.43
play,6,0,572265,,,S5/G,112.45,178.71
play,6,0,518802,,,WP.1-2
play,6,0,518802,,,FC6.2X3(65),107.43,167.67
play,6,0,570805,,,CS2
play,6,0,570805,,,S7/G,57.23,137.55
play,6,0,595158,,,D7/L.1-H,65.26,137.55
play,6,0,571641,,,K
play,6,1,595176,,,9/F,157.63,125.50
play,6,1,519345,,,8/F,92.37,109.44
play,6,1,592691,,,S8/L,116.47,117.47
play,6,1,554239,,,S8/L.1-3,123.49,111.45
play,6,1,506916,,,NP
sub,519185,Robert Revesz,0,0,1
play,6,1,506916,,,HR/F.1-H;3-H,42.17,68.27
play,6,1,594935,,,K23
play,7,0,521091,,,5/P,103.41,171.69
play,7,0,516650,,,63/G,118.47,166.67
play,7,0,592286,,,43/G,128.51,170.68
play,7,1,592743,,,S5/G,103.41,183.73
play,7,1,571599,,,S9/L.1-3,183.73,143.57
play,7,1,594886,,,WP.1-2;3-H
play,7,1,594886,,,13/G.2-3,119.48,190.76
play,7,1,595176,,,FC6.3XH(62),121.49,174.70
play,7,1,519345,,,FC4/G.1X2(46),146.59,169.68
play,8,0,551750,,,S9/G,175.70,141.57
play,8,0,572265,,,K
play,8,0,518802,,,S8/L.1-3,91.37,124.50
play,8,0,570805,,,NP
sub,576168,Dalton Acord,1,0,1
play,8,0,570805,,,43/G.1-2;3-H,131.53,170.68
play,8,0,595158,,,WP.2-3
play,8,0,595158,,,5/P,111.45,167.67
play,8,1,592691,,,NP
sub,518447,Andrew Benes,0,0,1
play,8,1,592691,,,S7/L,90.36,134.54
play,8,1,placeholder,,,NP
sub,595212,Jarred Frierson,1,7,12
play,8,1,placeholder,,,POCS2(136)
play,8,1,554239,,,D7/F,65.26,127.51
play,8,1,506916,,,K
play,8,1,594935,,,43/G,144.58,170.68
play,9,0,571641,,,NP
sub,595212,Jarred Frierson,1,7,9
play,9,0,571641,,,8/F,116.47,98.39
play,9,0,521091,,,W
play,9,0,516650,,,HP.1-2
play,9,0,592286,,,NP
sub,592774,Cody Stanley,0,7,11
play,9,0,592774,,,D8/L.1-H;2-H,109.44,83.33
play,9,0,551750,,,K
play,9,0,572265,,,NP
sub,542465,Roberto Reyes,0,9,11
play,9,0,542465,,,WP.2-3
play,9,0,542465,,,K
id,DanAPP201008010
info,visteam,BluAPP
info,hometeam,DanAPP
info,date,2010/08/01
start,572932,Kyle Hoppy,0,1,7
start,570727,Dudley Leonora,0,2,5
start,572245,Brenden Webb,0,3,8
start,543848,Corey Thomas,0,4,3
start,572000,Michael Ohlman,0,5,2
start,501531,Luis Ramirez,0,6,10
start,525988,Moises Ciriaco,0,7,4
start,594785,Christopher Clinton,0,8,9
start,570731,Jonathan Schoop,0,9,6
start,595360,Jacob Petitt,0,0,1
start,594935,Jason Mowry,1,1,8
start,592743,Andrelton Simmons,1,2,6
start,594886,Barrett Kleinknecht,1,3,5
start,594828,Evan Gattis,1,4,2
start,595176,Ryan Delgado,1,5,10
start,517424,Alberto Odreman,1,6,3
start,592691,David Rohm,1,7,9
start,554239,Elmer Reyes,1,8,4
start,594819,Kenny Fleming,1,9,7
start,543901,Ryan Weber,1,0,1
play,1,0,572932,,,1/L,126.51,179.72
play,1,0,570727,,,K
play,1,0,572245,,,53/G,104.42,172.69
play,1,1,594935,,,8/F,120.48,80.32
play,1,1,592743,,,53/G,108.43,165.66
play,1,1,594886,,,4/P,137.55,158.63
play,2,0,543848,,,K
play,2,0,572000,,,13/G,128.51,187.75
play,2,0,501531,,,S8/L,100.40,85.34
play,2,0,525988,,,FC6/G.1X2(64),116.47,155.62
play,2,1,594828,,,53/G,108.43,169.68
play,2,1,595176,,,7/F,55.22,90.36
play,2,1,517424,,,63/G,119.48,152.61
play,3,0,594785,,,K
play,3,0,570731,,,S7/G,68.27,114.46
play,3,0,572932,,,FC4/G.1X2(4);B-1,133.53,163.65
play,3,0,570727,,,S9/G.1-2,171.69,96.39
play,3,0,572245,,,K
play,3,1,592691,,,9/F,153.61,73.29
play,3,1,554239,,,53/G,103.41,165.66
play,3,1,594819,,,S4/G,141.57,146.59
play,3,1,594935,,,43/G,149.60,150.60
play,4,0,543848,,,K
play,4,0,572000,,,63/G,118.47,153.61
play,4,0,501531,,,HP
play,4,0,525988,,,43/G,145.58,153.61
play,4,1,592743,,,63/G,128.51,149.60
play,4,1,594886,,,S9/L,150.60,87.35
play,4,1,594828,,,8/F,109.44,79.32
play,4,1,595176,,,SB2
play,4,1,595176,,,D9/L.2-H,185.74,83.33
play,4,1,517424,,,W
play,4,1,592691,,,S8/L.1X3;2-H,118.47,90.36
play,5,0,594785,,,D9/L,150.60,91.37
play,5,0,570731,,,63/G.2-3,98.39,154.62
play,5,0,572932,,,E3.3-H,152.61,163.65
play,5,0,570727,,,K
play,5,0,572245,,,W.1-2
play,5,0,543848,,,K
play,5,1,554239,,,63/G,101.41,161.65
play,5,1,594819,,,13/G,135.54,190.76
play,5,1,594935,,,6/L,108.43,147.59
play,6,0,572000,,,K
play,6,0,501531,,,K
play,6,0,525988,,,53/G,105.42,173.69
play,6,1,592743,,,8/F,88.35,63.25
play,6,1,594886,,,S7/G,63.25,99.40
play,6,1,594828,,,S9/L.1-2,144.58,91.37
play,6,1,595176,,,9/F,172.69,92.37
play,6,1,517424,,,9/F,194.78,90.36
play,7,0,594785,,,NP
sub,594925,Kyle Mertins,1,0,1
play,7,0,594785,,,D7/L,44.18,113.45
play,7,0,570731,,,3/SH.2-3,137.55,189.76
play,7,0,572932,,,63/G.3-H,111.45,155.62
play,7,0,570727,,,43/G,129.52,153.61
play,7,1,592691,,,NP
sub,598171,Cory Ast,0,0,1
play,7,1,592691,,,D7/F,54.22,110.44
play,7,1,554239,,,K
play,7,1,594819,,,63/G.2-3,109.44,151.61
play,7,1,594935,,,143/G1,139.56,158.63
play,8,0,572245,,,7/F,98.39,81.33
play,8,0,543848,,,9/F,179.72,93.37
play,8,0,572000,,,W
play,8,0,501531,,,K
play,8,1,592743,,,NP
sub,504322,Sam Taveras,0,0,1
play,8,1,592743,,,W
play,8,1,594886,,,6(B)63(1)/LDP,106.43,153.61
play,8,1,594828,,,W
play,8,1,595176,,,FC4/G.1X2(46),153.61,159.64
play,9,0,525988,,,S3/G,151.61,170.68
play,9,0,594785,,,34/SH.1-2,151.61,169.68
play,9,0,570731,,,3/G.2-3,136.55,169.68
play,9,0,572932,,,63/G,126.51,147.59
play,9,1,517424,,,NP
sub,571599,Jakob Dalfonso,1,6,11
play,9,1,571599,,,S4/G,143.57,158.63
play,9,1,592691,,,1/BP,120.48,191.77
play,9,1,554239,,,9/F,162.65,90.36
play,9,1,594819,,,8/F,110.44,69.28
play,10,0,570727,,,NP
sub,571599,Jakob Dalfonso,1,6,3
play,10,0,570727,,,W
play,10,0,572245,,,43/G.1-2,139.56,160.64
play,10,0,543848,,,NP
sub,576168,Dalton Acord,1,0,1
play,10,0,543848,,,WP.2-3
play,10,0,543848,,,K23
play,10,0,572000,,,W
play,10,0,501531,,,IW.1-2
play,10,0,525988,,,K
play,10,1,594935,,,5/P,105.42,164.66
play,10,1,592743,,,53/G,106.43,168.67
play,10,1,594886,,,S7/L,101.41,98.39
play,10,1,594828,,,SB2
play,10,1,594828,,,K23
play,11,0,594785,,,W
play,11,0,570731,,,8/F,129.52,90.36
play,11,0,572932,,,FC3/G.1X2(36);B-1,147.59,169.68
play,11,0,570727,,,W.1-2
play,11,0,572245,,,6/P,115.46,152.61
play,11,1,595176,,,NP
sub,595429,Travis Strong,0,0,1
play,11,1,595176,,,5/P,99.40,184.74
play,11,1,571599,,,W
play,11,1,592691,,,SB2
play,11,1,592691,,,S7/L.2-H,77.31,107.43
id,DanAPP201008020
info,visteam,BluAPP
info,hometeam,DanAPP
info,date,2010/08/02
start,572932,Kyle Hoppy,0,1,7
start,570727,Dudley Leonora,0,2,5
start,572245,Brenden Webb,0,3,8
start,573220,Joseph Velleggia,0,4,3
start,501531,Luis Ramirez,0,5,9
start,525988,Moises Ciriaco,0,6,4
start,572882,Austin Goolsby,0,7,2
start,595472,Cody Young,0,8,10
start,500161,Javier Santana,0,9,6
start,543496,Jarret Martin,0,0,1
start,594935,Jason Mowry,1,1,8
start,592743,Andrelton Simmons,1,2,6
start,594886,Barrett Kleinknecht,1,3,5
start,594828,Evan Gattis,1,4,2
start,595176,Ryan Delgado,1,5,2
start,519345,Joseph Terdoslavich,1,6,3
start,592691,David Rohm,1,7,9
start,554239,Elmer Reyes,1,8,4
start,594819,Kenny Fleming,1,9,7
start,573062,Aaron Northcraft,1,0,1
play,1,0,572932,,,3/G,141.57,194.78
play,1,0,570727,,,63/G,125.50,162.65
play,1,0,572245,,,63/G,110.44,172.69
play,1,1,594935,,,W
play,1,1,592743,,,8/F,110.44,91.37
play,1,1,594886,,,WP.1-2
play,1,1,594886,,,WP.2-3
play,1,1,594886,,,4/P,143.57,168.67
play,1,1,594828,,,K
play,2,0,573220,,,S9/G,184.74,147.59
play,2,0,501531,,,64(1)3/GDP/G6,120.48,160.64
play,2,0,525988,,,43/G,152.61,170.68
play,2,1,595176,,,13/G,125.50,197.79
play,2,1,519345,,,8/F,140.56,101.41
play,2,1,592691,,,53/G,115.46,182.73
play,3,0,572882,,,K
play,3,0,595472,,,53/G,110.44,181.73
play,3,0,500161,,,63/G,120.48,175.70
play,3,1,554239,,,K23
play,3,1,594819,,,E1,127.51,198.80
play,3,1,594935,,,SB2
play,3,1,594935,,,43/G.2-3,137.55,167.67
play,3,1,592743,,,9/F,196.79,117.47
play,4,0,572932,,,43/G,147.59,176.71
play,4,0,570727,,,S7/L,70.28,122.49
play,4,0,572245,,,E3.1-2,143.57,180.72
play,4,0,573220,,,S9/L.1-2;2-3,147.59,143.57
play,4,0,501531,,,1/P,128.51,191.77
play,4,0,525988,,,FC6/G.1X2(64),116.47,166.67
play,4,1,594886,,,K
play,4,1,594828,,,S4/G,129.52,173.69
play,4,1,595176,,,WP.1-2
play,4,1,595176,,,W
play,4,1,519345,,,S9/G.1XH;2-H;BX2,175.70,142.57
play,5,0,572882,,,K
play,5,0,595472,,,13/G,136.55,194.78
play,5,0,500161,,,63/G,114.46,167.67
play,5,1,592691,,,W
play,5,1,554239,,,NP
sub,575248,Andrew Huebner,0,0,1
play,5,1,554239,,,S6/G.1-3(E6)(E6/TH),106.43,168.67
play,5,1,594819,,,7/SF.3-H,81.33,127.51
play,5,1,594935,,,43/G.1-2,139.56,170.68
play,5,1,592743,,,8/F,114.46,93.37
play,6,0,572932,,,13/G,132.53,196.79
play,6,0,570727,,,S9/G,161.65,135.54
play,6,0,572245,,,S8/G.1-2,102.41,124.50
play,6,0,573220,,,HP.1-2;2-3
play,6,0,501531,,,S9/L.1-2;2-3;3-H,174.70,126.51
play,6,0,525988,,,K
play,6,0,572882,,,43/G,146.59,172.69
play,6,1,594886,,,9/F,170.68,129.52
play,6,1,594828,,,K
play,6,1,595176,,,S7/L,66.27,124.50
play,6,1,519345,,,NP
sub,596745,Chris Petrini,0,0,1
play,6,1,519345,,,K
play,7,0,595472,,,NP
sub,592303,David Filak,1,0,1
play,7,0,595472,,,K
play,7,0,500161,,,W
play,7,0,572932,,,K
play,7,0,570727,,,31/G,141.57,183.73
play,7,1,592691,,,K
play,7,1,554239,,,K
play,7,1,594819,,,HP
play,7,1,594935,,,SB2;1-3(E1)(E1/TH)
play,7,1,594935,,,W
play,7,1,592743,,,NP
sub,571540,Dustin Carder,0,0,1
play,7,1,592743,,,8/F,0.00,0.00
play,8,0,572245,,,W
play,8,0,573220,,,K
play,8,0,501531,,,FC4/G.1X2(46);B-1,0.00,0.00
play,8,0,525988,,,K
play,8,1,594886,,,W
play,8,1,594828,,,HP.1-2
play,8,1,595176,,,NP
sub,571599,Jakob Dalfonso,1,5,11
play,8,1,571599,,,S9/L.1-2;2-3,194.78,125.50
play,8,1,519345,,,S9/G.1-2;2-3;3-H,178.71,151.61
play,8,1,592691,,,D7/L.1-3;2-H;3-H,78.31,113.45
play,8,1,554239,,,NP
sub,504376,Jairo De La Cruz,0,0,1
play,8,1,554239,,,S9/L.2-3;3-H,168.67,144.58
play,8,1,594819,,,7/SF.3-H,79.32,113.45
play,8,1,594935,,,W.1-2
play,8,1,592743,,,W.1-2;2-3
play,8,1,594886,,,7/F,56.22,130.52
play,8,1,594828,,,43/G,128.51,169.68
play,9,0,572882,,,NP
sub,571599,Jakob Dalfonso,1,5,10
play,9,0,595472,,,NP
sub,592501,Matthew Lewis,1,0,1
play,9,0,572882,,,K
play,9,0,595472,,,HP
play,9,0,500161,,,46(1)3/GDP/G4,140.56,176.71
id,DanAPP201008030
info,visteam,BluAPP
info,hometeam,DanAPP
info,date,2010/08/03
start,489314,Jeremy Shelby,0,1,7
start,570727,Dudley Leonora,0,2,4
start,572245,Brenden Webb,0,3,8
start,543848,Corey Thomas,0,4,3
start,572803,Brad Decater,0,5,5
start,572000,Michael Ohlman,0,6,10
start,594785,Christopher Clinton,0,7,9
start,516670,Janensis Guerrero,0,8,2
start,570731,Jonathan Schoop,0,9,6
start,516671,Angel Cespedes,0,0,1
start,594935,Jason Mowry,1,1,8
start,594886,Barrett Kleinknecht,1,2,4
start,571599,Jakob Dalfonso,1,3,3
start,594828,Evan Gattis,1,4,10
start,519345,Joseph Terdoslavich,1,5,5
start,595176,Ryan Delgado,1,6,2
start,595212,Jarred Frierson,1,7,9
start,554239,Elmer Reyes,1,8,6
start,594819,Kenny Fleming,1,9,7
start,542201,Ronan Pacheco,1,0,1
play,1,0,489314,,,53/G,106.43,178.71
play,1,0,570727,,,E5,105.42,178.71
play,1,0,572245,,,64(1)3/GDP/G6,110.44,165.66
play,1,1,594935,,,7/F,87.35,124.50
play,1,1,594886,,,53/G,104.42,174.70
play,1,1,571599,,,43/G,141.57,169.68
play,2,0,543848,,,63/G,117.47,170.68
play,2,0,572803,,,S9/L,181.73,120.48
play,2,0,572000,,,K
play,2,0,594785,,,53/G,105.42,176.71
play,2,1,594828,,,63/G,113.45,167.67
play,2,1,519345,,,S9/G,178.71,115.46
play,2,1,595176,,,S7/G.1-2,91.37,123.49
play,2,1,595212,,,S7/G.1-2;2-3,62.25,116.47
play,2,1,554239,,,S7/G.1-2;2-3;3-H,80.32,113.45
play,2,1,594819,,,S7/G.1-2;2-3;3-H,117.47,174.70
play,2,1,594935,,,64(1)3/GDP/G6,114.46,192.77
play,3,0,516670,,,163/G1,0.00,0.00
play,3,0,570731,,,W
play,3,0,489314,,,S8/L.1-2,171.69,127.51
play,3,0,570727,,,9/F.2-3,119.48,92.37
play,3,0,572245,,,8/F,128.51,78.31
play,3,1,594886,,,D7/L,83.33,111.45
play,3,1,571599,,,8/F,121.49,86.35
play,3,1,594828,,,53/G,103.41,180.72
play,3,1,519345,,,D9/F.2-H,181.73,126.51
play,3,1,595176,,,53/G,104.42,181.73
play,4,0,543848,,,8/F,107.43,93.37
play,4,0,572803,,,K23
play,4,0,572000,,,W
play,4,0,594785,,,8/F,0.00,0.00
play,4,1,595212,,,8/F,162.65,123.49
play,4,1,554239,,,8/F,133.53,101.41
play,4,1,594819,,,S9/L,109.44,107.43
play,4,1,594935,,,SB2
play,4,1,594935,,,W
play,4,1,594886,,,7/F,0.00,0.00
play,5,0,516670,,,7/F,76.31,123.49
play,5,0,570731,,,D8/L,137.55,107.43
play,5,0,489314,,,K
play,5,0,570727,,,S8/L.2-H;B-2,131.53,118.47
play,5,0,572245,,,43/G,121.49,175.70
play,5,1,571599,,,S7/L,118.47,111.45
play,5,1,594828,,,54(1)3/GDP/G5,100.40,186.75
play,5,1,519345,,,43/G,126.51,173.69
play,6,0,543848,,,8/F,120.48,102.41
play,6,0,572803,,,W
play,6,0,572000,,,K
play,6,0,594785,,,PB.1-2
play,6,0,594785,,,W
play,6,0,516670,,,9/FF,145.58,142.57
play,6,1,595176,,,43/G,136.55,174.70
play,6,1,595212,,,9/F,168.67,126.51
play,6,1,554239,,,W
play,6,1,594819,,,CS2
play,7,0,570731,,,31/G,130.52,181.73
play,7,0,489314,,,8/F,116.47,106.43
play,7,0,570727,,,63/G,115.46,171.69
play,7,1,594819,,,13/BG,120.48,190.76
play,7,1,594935,,,43/G,138.55,169.68
play,7,1,594886,,,S5/P,102.41,182.73
play,7,1,571599,,,E4.1-3,134.54,171.69
play,7,1,594828,,,7/F,66.27,113.45
play,8,0,572245,,,NP
sub,592741,Chasen Shreve,1,0,1
play,8,0,572245,,,13/BG,123.49,188.76
play,8,0,543848,,,K
play,8,0,572803,,,W
play,8,0,572000,,,K
play,8,1,519345,,,NP
sub,596741,Andy Deain,0,0,1
play,8,1,519345,,,D9/F,173.69,127.51
play,8,1,595176,,,FC1.2X3(15),121.49,190.76
play,8,1,595212,,,8/F,101.41,103.41
play,8,1,554239,,,D7/F.1-H,68.27,103.41
play,8,1,594819,,,NP
sub,598171,Cory Ast,0,0,1
play,8,1,594819,,,K
play,9,0,594785,,,W
play,9,0,516670,,,NP
sub,573220,Joseph Velleggia,0,8,11
play,9,0,573220,,,K
play,9,0,570731,,,46(1)3/GDP/G4,135.54,176.71
id,DanAPP201008090
info,visteam,BriAPP
info,hometeam,DanAPP
info,date,2010/08/09
start,543388,Jordan Keegan,0,1,7
start,596881,Qualon Millender,0,2,8
start,594895,Drew Lee,0,3,6
start,542941,Daniel Black,0,4,3
start,500875,Jeffer Patino,0,5,4
start,592660,Rangel Ravelo,0,6,5
start,592715,Bradley Salgado,0,7,10
start,555543,Chase Blackwood,0,8,2
start,596880,J. D. Ashbrook,0,9,9
start,571765,Matthew Heidenreich,0,0,1
start,592743,Andrelton Simmons,1,1,6
start,554239,Elmer Reyes,1,2,4
start,571599,Jakob Dalfonso,1,3,9
start,594886,Barrett Kleinknecht,1,4,5
start,594828,Evan Gattis,1,5,2
start,519345,Joseph Terdoslavich,1,6,3
start,595176,Ryan Delgado,1,7,10
start,594935,Jason Mowry,1,8,8
start,594819,Kenny Fleming,1,9,7
start,542201,Ronan Pacheco,1,0,1
play,1,0,543388,,,43/G,136.55,164.66
play,1,0,596881,,,S5/G,103.41,175.70
play,1,0,594895,,,D7/G.1-H,55.22,121.49
play,1,0,542941,,,3/PF,157.63,193.78
play,1,0,500875,,,7/F,69.28,113.45
play,1,1,592743,,,43/G,139.56,165.66
play,1,1,554239,,,S7/L,86.35,119.48
play,1,1,571599,,,46(1)3/GDP/G4,139.56,166.67
play,2,0,592660,,,D8/L,128.51,91.37
play,2,0,592715,,,W
play,2,0,555543,,,53/SH.1-2;2-3,109.44,182.73
play,2,0,596880,,,S7/G.2-3;3-H,94.38,136.55
play,2,0,543388,,,S5/G.1-2;3-H,107.43,177.71
play,2,0,596881,,,S8/L.1-2;2-3,118.47,118.47
play,2,0,594895,,,K
play,2,0,542941,,,S7/L.1-2;2-H;3-H,65.26,121.49
play,2,0,500875,,,S6/G.1X3(15);2-H(E6/TH),109.44,164.66
play,2,1,594886,,,5/L,106.43,174.70
play,2,1,594828,,,K
play,2,1,519345,,,53/G,94.38,176.71
play,3,0,592660,,,43/G,149.60,162.65
play,3,0,592715,,,9/F,171.69,118.47
play,3,0,555543,,,K
play,3,1,595176,,,S8/L,112.45,93.37
play,3,1,594935,,,64(1)3/GDP/G6,115.46,170.68
play,3,1,594819,,,43/G,137.55,164.66
play,4,0,596880,,,S9/L,174.70,116.47
play,4,0,543388,,,D7/L.1XH,64.26,101.41
play,4,0,596881,,,K23
play,4,0,594895,,,S7/L.2-H;B-2,72.29,119.48
play,4,0,542941,,,8/F,122.49,101.41
play,4,1,592743,,,53/G,101.41,177.71
play,4,1,554239,,,K
play,4,1,571599,,,7/F,71.29,119.48
play,5,0,500875,,,NP
sub,543826,Tyler Stovall,1,0,1
play,5,0,500875,,,63/G,109.44,164.66
play,5,0,592660,,,53/G,105.42,186.75
play,5,0,592715,,,S7/L,75.30,128.51
play,5,0,555543,,,FC6/G.1X2(64),114.46,169.68
play,5,1,594886,,,S8/G,121.49,102.41
play,5,1,594828,,,PB.1-2
play,5,1,594828,,,9/F,163.65,116.47
play,5,1,519345,,,63/G.2-3,112.45,169.68
play,5,1,595176,,,63/G,115.46,162.65
play,6,0,596880,,,W
play,6,0,543388,,,SB2
play,6,0,543388,,,43/G.2-3,145.58,165.66
play,6,0,596881,,,43/G,137.55,169.68
play,6,0,594895,,,S8/L.3-H,115.46,111.45
play,6,0,542941,,,9/F,165.66,112.45
play,6,1,594935,,,43/G,141.57,165.66
play,6,1,594819,,,3/G,148.59,175.70
play,6,1,592743,,,63/G,110.44,168.67
play,7,0,500875,,,NP
sub,598878,Keenan Wiley,1,8,8
play,7,0,592660,,,NP
sub,592741,Chasen Shreve,1,0,1
play,7,0,500875,,,S4/G,142.57,172.69
play,7,0,592660,,,16(1)3/GDP/G1,136.55,193.78
play,7,0,592715,,,13/G,126.51,192.77
play,7,1,554239,,,S9/F,164.66,126.51
play,7,1,571599,,,S9/L.1-2,164.66,134.54
play,7,1,594886,,,7/F,62.25,127.51
play,7,1,594828,,,5/L,111.45,178.71
play,7,1,519345,,,FC6/G.1X2(64),111.45,164.66
play,8,0,555543,,,K
play,8,0,596880,,,HP
play,8,0,543388,,,K
play,8,0,596881,,,9/F,166.67,120.48
play,8,1,595176,,,HP
play,8,1,598878,,,S7/G.1-2,84.34,138.55
play,8,1,594819,,,64(1)3/GDP/G6.2-3,105.42,165.66
play,8,1,592743,,,S5/G.3-H;B-2(E5/TH),104.42,179.72
play,8,1,554239,,,63/G,104.42,161.65
play,9,0,594895,,,NP
sub,576168,Dalton Acord,1,0,1
play,9,0,594895,,,8/F,141.57,83.33
play,9,0,542941,,,K
play,9,0,500875,,,S8/L,122.49,92.37
play,9,0,592660,,,K
play,9,1,571599,,,NP
sub,572837,Austin Evans,0,0,1
play,9,1,571599,,,HP
play,9,1,594886,,,4/P,131.53,167.67
play,9,1,594828,,,K
play,9,1,519345,,,NP
sub,517424,Alberto Odreman,1,6,11
play,9,1,517424,,,W.1-2
play,9,1,595176,,,S7/L.1-2;2-H,70.28,123.49
play,9,1,598878,,,13/G,124.50,189.76
id,DanAPP201008100
info,visteam,BriAPP
info,hometeam,DanAPP
info,date,2010/08/10
start,543388,Jordan Keegan,0,1,7
start,596881,Qualon Millender,0,2,8
start,594895,Drew Lee,0,3,6
start,542941,Daniel Black,0,4,10
start,500875,Jeffer Patino,0,5,5
start,555543,Chase Blackwood,0,6,2
start,594990,Michael Schwartz,0,7,3
start,592715,Bradley Salgado,0,8,4
start,596880,J. Ashbrook,0,9,9
start,572944,Ethan Icard,0,0,1
start,594935,Jason Mowry,1,1,8
start,592743,Andrelton Simmons,1,2,6
start,571599,Jakob Dalfonso,1,3,9
start,594828,Evan Gattis,1,4,2
start,594886,Barrett Kleinknecht,1,5,5
start,519345,Joseph Terdoslavich,1,6,3
start,517424,Alberto Odreman,1,7,10
start,554239,Elmer Reyes,1,8,4
start,594819,Kenny Fleming,1,9,7
start,543146,Kyle Farrell,1,0,1
play,1,0,543388,,,6/L,107.43,176.71
play,1,0,596881,,,13/BG,132.53,202.81
play,1,0,594895,,,3/G,151.61,180.72
play,1,1,594935,,,W
play,1,1,592743,,,W.1-2
play,1,1,571599,,,9/FF.1-2;2-3,237.95,200.80
play,1,1,594828,,,K
play,1,1,594886,,,8/F,90.36,96.39
play,2,0,542941,,,9/F,162.65,128.51
play,2,0,500875,,,D7/F,76.31,117.47
play,2,0,555543,,,S8/L.2-3,111.45,122.49
play,2,0,594990,,,WP.1-2;3-H
play,2,0,594990,,,D7/G.2-H,78.31,136.55
play,2,0,placeholder,,,NP
sub,542562,Edigson Mora,1,0,1
play,2,0,592715,,,S8/L.2-H;B-2(E),125.50,139.56
play,2,0,596880,,,S5/G.2-3,111.45,181.73
play,2,0,543388,,,46(1)3/GDP/G4,140.56,170.68
play,2,1,519345,,,S7/L,78.31,149.60
play,2,1,placeholder,,,PO1(E?).1-3(E9)(E9)
play,2,1,517424,,,W
play,2,1,554239,,,HP.1-2
play,2,1,594819,,,FC6/G.1X2(64);2-3;3-H;B-1,112.45,163.65
play,2,1,594935,,,FC4/G.1X2(46);3-H;B-1,147.59,173.69
play,2,1,592743,,,9/F,172.69,129.52
play,3,0,596881,,,13/G,124.50,193.78
play,3,0,594895,,,6/L,122.49,180.72
play,3,0,542941,,,S7/L,79.32,133.53
play,3,0,500875,,,S9/L.1-2,185.74,135.54
play,3,0,555543,,,S7/L.1-2;2-H,55.22,121.49
play,3,0,594990,,,S9/L.1-3;2-H,160.64,148.59
play,3,0,592715,,,31/G,154.62,182.73
play,3,1,571599,,,NP
sub,518457,Josh Billeaud,0,0,1
play,3,1,571599,,,53/BG,108.43,186.75
play,3,1,594828,,,3/G,139.56,186.75
play,3,1,594886,,,S6/G,95.38,170.68
play,3,1,519345,,,FC4/G.1X2(46),136.55,177.71
play,4,0,596880,,,D5/F,105.42,97.39
play,4,0,543388,,,E3,139.56,190.76
play,4,0,596881,,,K
play,4,0,594895,,,7/F,61.24,127.51
play,4,1,517424,,,9/F,152.61,141.57
play,4,1,554239,,,HP
play,4,1,594819,,,46(1)3/GDP/G4,143.57,179.72
play,5,0,542941,,,W
play,5,0,500875,,,S8/F.1-2,106.43,107.43
play,5,0,555543,,,13/SH.1-2;2-3,124.50,194.78
play,5,0,594990,,,NP
sub,598866,Blaine Sims,1,0,1
play,5,0,594990,,,34/G.2-3;3-H,140.56,188.76
play,5,0,592715,,,D8/L.3-H,142.57,76.31
play,5,0,596880,,,63/G,123.49,170.68
play,5,1,594935,,,53/G,104.42,189.76
play,5,1,592743,,,S8/L,96.39,116.47
play,5,1,571599,,,K+SB2;1-3(E2)(E2/TH)
play,5,1,594828,,,S8/L.3-H,121.49,110.44
play,5,1,594886,,,9/F,175.70,128.51
play,6,0,543388,,,K
play,6,0,596881,,,63/G,123.49,167.67
play,6,0,594895,,,63/G,93.37,169.68
play,6,1,519345,,,NP
sub,502280,Jamaal Hollis,0,0,1
play,6,1,519345,,,9/F,151.61,124.50
play,6,1,517424,,,K
play,6,1,554239,,,3/P,149.60,182.73
play,7,0,542941,,,63/G,117.47,169.68
play,7,0,500875,,,63/G,113.45,166.67
play,7,0,555543,,,S7/G,61.24,135.54
play,7,0,594990,,,S7/L.1-2,60.24,139.56
play,7,0,592715,,,9/F,177.71,130.52
play,7,1,594819,,,K
play,7,1,594935,,,K
play,7,1,592743,,,K
play,8,0,596880,,,7/F,53.21,114.46
play,8,0,543388,,,63/G,125.50,166.67
play,8,0,596881,,,K
play,8,1,571599,,,43/G,127.51,177.71
play,8,1,594828,,,K
play,8,1,594886,,,K+WP.B-1
play,8,1,519345,,,S9/G.1-2,171.69,149.60
play,8,1,517424,,,K
play,9,0,594895,,,NP
sub,572911,Jamie Hayes,1,0,1
play,9,0,594895,,,K
play,9,0,542941,,,D8/F,133.53,107.43
play,9,0,500875,,,S9/G.2-H;B-2,159.64,150.60
play,9,0,555543,,,63/G,123.49,183.73
play,9,0,594990,,,7/F,106.43,119.48
play,9,1,554239,,,NP
sub,534743,Kevin Moran,0,0,1
play,9,1,554239,,,9/F,163.65,123.49
play,9,1,594819,,,K
play,9,1,594935,,,K
id,DanAPP201008110
info,visteam,BriAPP
info,hometeam,DanAPP
info,date,2010/08/11
start,596881,Qualon Millender,0,1,8
start,596880,J. D. Ashbrook,0,2,9
start,594895,Drew Lee,0,3,6
start,542941,Daniel Black,0,4,2
start,500875,Jeffer Patino,0,5,5
start,572794,Robert Cummings,0,6,10
start,594990,Michael Schwartz,0,7,3
start,595033,Ethan Wilson,0,8,4
start,596882,Marcus Spencer,0,9,7
start,542890,Spencer Arroyo,0,0,1
start,592743,Andrelton Simmons,1,1,6
start,554239,Elmer Reyes,1,2,4
start,594886,Barrett Kleinknecht,1,3,5
start,594828,Evan Gattis,1,4,2
start,519345,Joseph Terdoslavich,1,5,10
start,517424,Alberto Odreman,1,6,3
start,571599,Jakob Dalfonso,1,7,9
start,594935,Jason Mowry,1,8,8
start,594819,Kenny Fleming,1,9,7
start,594874,Dan Jurik,1,0,1
play,1,0,596881,,,9/F,159.64,95.38
play,1,0,596880,,,43/G,135.54,152.61
play,1,0,594895,,,43/G,138.55,152.61
play,1,1,592743,,,43/G,148.59,142.57
play,1,1,554239,,,D7/L,55.22,94.38
play,1,1,594886,,,S7/L.2-H,71.29,106.43
play,1,1,594828,,,WP.1-2
play,1,1,594828,,,43/G.2-3,130.52,153.61
play,1,1,519345,,,9/FF,213.86,143.57
play,2,0,542941,,,9/F,194.78,99.40
play,2,0,500875,,,S8/L,118.47,89.36
play,2,0,572794,,,8/F,127.51,80.32
play,2,0,594990,,,8/F,128.51,71.29
play,2,1,517424,,,K
play,2,1,571599,,,K23
play,2,1,594935,,,S8/G.B-2(E8),124.50,81.33
play,2,1,594819,,,SB3
play,2,1,594819,,,K
play,3,0,595033,,,K
play,3,0,596882,,,53/BG,98.39,179.72
play,3,0,596881,,,S9/L,157.63,99.40
play,3,0,596880,,,BK.1-2
play,3,0,596880,,,8/F,103.41,82.33
play,3,1,592743,,,13/BG,120.48,184.74
play,3,1,554239,,,W
play,3,1,594886,,,FC1/G.1X2(16);B-1,127.51,182.73
play,3,1,594828,,,43/G,138.55,152.61
play,4,0,594895,,,9/F,181.73,84.34
play,4,0,542941,,,S9/L,185.74,90.36
play,4,0,500875,,,46(1)3/GDP/G4,125.50,153.61
play,4,1,519345,,,9/F,182.73,96.39
play,4,1,517424,,,3/G,149.60,165.66
play,4,1,571599,,,K
play,5,0,572794,,,W
play,5,0,594990,,,7/F,68.27,102.41
play,5,0,595033,,,S3/G.1-2,137.55,180.72
play,5,0,596882,,,HR/F.1-H;2-H,60.24,69.28
play,5,0,596881,,,5/P,111.45,171.69
play,5,0,596880,,,S9/F,164.66,83.33
play,5,0,594895,,,4/PF,181.73,167.67
play,5,1,594935,,,8/F,120.48,55.22
play,5,1,594819,,,K23
play,5,1,592743,,,8/F,109.44,75.30
play,6,0,542941,,,7/F,77.31,101.41
play,6,0,500875,,,6/P,118.47,145.58
play,6,0,572794,,,63/G,115.46,145.58
play,6,1,554239,,,5/PF,89.36,172.69
play,6,1,594886,,,D8/G,104.42,73.29
play,6,1,594828,,,S7/L.2-H;B-2,75.30,83.33
play,6,1,519345,,,WP.2-3
play,6,1,519345,,,S7/G.3-H,77.31,115.46
play,6,1,517424,,,SB2
play,6,1,517424,,,63/G.2-3,122.49,157.63
play,6,1,571599,,,5/PF,78.31,185.74
play,7,0,594990,,,NP
sub,592501,Matthew Lewis,1,0,1
play,7,0,594990,,,S7/L,69.28,97.39
play,7,0,595033,,,3/SH.1-2,125.50,186.75
play,7,0,596882,,,W
play,7,0,596881,,,WP.1-2;2-3
play,7,0,596881,,,W
play,7,0,596880,,,WP.1-2;2-3;3-H
play,7,0,596880,,,W
play,7,0,placeholder,,,NP
sub,543388,Jordan Keegan,0,2,12
play,7,0,placeholder,,,NP
sub,576168,Dalton Acord,1,0,1
play,7,0,594895,,,FC3/G.1-2;2-3;3XH(32);B-1,149.60,173.69
play,7,0,542941,,,HP.1-2;2-3;3-H
play,7,0,500875,,,31/G,156.63,169.68
play,7,1,594935,,,NP
sub,543388,Jordan Keegan,0,2,7
play,7,1,594819,,,NP
sub,596882,Marcus Spencer,0,9,9
play,7,1,592743,,,NP
sub,519170,Kevin Rath,0,0,1
play,7,1,594935,,,43/G,136.55,150.60
play,7,1,594819,,,S7/G,82.33,90.36
play,7,1,592743,,,S7/G.1-2,84.34,105.42
play,7,1,554239,,,K
play,7,1,594886,,,S9/G.1-3;2-H,170.68,91.37
play,7,1,594828,,,HP.1-2
play,7,1,519345,,,S5/G.1-2;2-3;3-H,107.43,176.71
play,7,1,517424,,,T8/F.1-H;2-H;3-H,110.44,47.19
play,7,1,571599,,,WP.3-H
play,7,1,571599,,,K
play,8,0,572794,,,NP
sub,598878,Keenan Wiley,1,7,9
play,8,0,572794,,,K
play,8,0,594990,,,W
play,8,0,595033,,,K
play,8,0,596882,,,K
play,8,1,placeholder,,,NP
sub,570558,Darwin Matos,0,0,1
play,8,1,594935,,,W
play,8,1,594819,,,8/F,119.48,66.27
play,8,1,592743,,,POCS2(136)
play,8,1,592743,,,7/F,69.28,93.37
play,9,0,596881,,,K
play,9,0,543388,,,K
play,9,0,594895,,,S9/L,153.61,89.36
play,9,0,542941,,,W.1-2
play,9,0,500875,,,53/G,103.41,165.66
id,DanAPP201008150
info,visteam,BurAPP
info,hometeam,DanAPP
info,date,2010/08/15
start,594900,Michael Liberto,0,1,4
start,542502,Adrian Martinez,0,2,6
start,573183,Ryan Stovall,0,3,5
start,573001,Gabe MacDougall,0,4,7
start,571461,Geoffrey Baldwin,0,5,3
start,543454,Alex Llanos,0,6,8
start,542503,Edul Escobar,0,7,10
start,595379,Drew Robertson,0,8,2
start,519214,Derek Rodriguez,0,9,9
start,521835,Leonel Santiago,0,0,1
start,592743,Andrelton Simmons,1,1,6
start,554239,Elmer Reyes,1,2,4
start,594886,Barrett Kleinknecht,1,3,5
start,594828,Evan Gattis,1,4,2
start,595176,Ryan Delgado,1,5,10
start,519345,Joseph Terdoslavich,1,6,3
start,598878,Keenan Wiley,1,7,8
start,595212,Jarred Frierson,1,8,9
start,594819,Kenny Fleming,1,9,7
start,543146,Kyle Farrell,1,0,1
play,1,0,594900,,,T9/L,179.72,76.31
play,1,0,542502,,,43/G.3-H,142.57,151.61
play,1,0,573183,,,3/PF,168.67,180.72
play,1,0,573001,,,K
play,1,1,592743,,,4/P,142.57,143.57
play,1,1,554239,,,HR/F,69.28,56.22
play,1,1,594886,,,S9/L,175.70,81.33
play,1,1,594828,,,PB.1-2
play,1,1,594828,,,K
play,1,1,595176,,,53/G,98.39,165.66
play,2,0,571461,,,3/G,150.60,164.66
play,2,0,543454,,,S7/G,63.25,98.39
play,2,0,placeholder,,,PO1(E?).1-3
play,2,0,542503,,,S7/L.3-H,54.22,104.42
play,2,0,595379,,,FC4/G.1X2(46);B-1,152.61,163.65
play,2,0,519214,,,23/BG,116.47,200.80
play,2,1,519345,,,D9/G,178.71,91.37
play,2,1,598878,,,K
play,2,1,595212,,,S9/G.2XH;B-2,189.76,101.41
play,2,1,594819,,,D7/L.2-H,49.20,104.42
play,2,1,592743,,,53/G,113.45,174.70
play,3,0,594900,,,63/G,104.42,146.59
play,3,0,542502,,,8/F,106.43,72.29
play,3,0,573183,,,D7/F,50.20,103.41
play,3,0,573001,,,8/F,112.45,77.31
play,3,1,554239,,,HP
play,3,1,594886,,,2/PF,108.43,206.83
play,3,1,594828,,,S9/L.1-3,159.64,104.42
play,3,1,595176,,,K
play,3,1,519345,,,7/F,89.36,73.29
play,4,0,571461,,,43/G,142.57,150.60
play,4,0,543454,,,K
play,4,0,542503,,,K
play,4,1,598878,,,W
play,4,1,595212,,,FC1/G.1X2(16);B-1,125.50,180.72
play,4,1,594819,,,SB2
play,4,1,594819,,,S7/L.2-3,72.29,96.39
play,4,1,592743,,,D8/L.1-3;3-H,109.44,58.23
play,4,1,554239,,,9/SF.3-H,154.62,84.34
play,4,1,594886,,,K23
play,5,0,595379,,,4/L,137.55,145.58
play,5,0,519214,,,S7/G,73.29,95.38
play,5,0,594900,,,8/F,121.49,64.26
play,5,0,542502,,,SB2
play,5,0,542502,,,13/G,125.50,185.74
play,5,1,594828,,,NP
sub,572026,Robert Penny,0,0,1
play,5,1,594828,,,53/G,106.43,170.68
play,5,1,595176,,,3/G,163.65,176.71
play,5,1,519345,,,7/F,71.29,90.36
play,6,0,573183,,,K
play,6,0,573001,,,D7/F,70.28,80.32
play,6,0,571461,,,S9/G.2-H;B-2(E9),147.59,99.40
play,6,0,543454,,,NP
sub,542371,Luis Piterson,0,5,12
play,6,0,542503,,,NP
sub,598866,Blaine Sims,1,0,1
play,6,0,543454,,,S7/L.2-H,67.27,92.37
play,6,0,542503,,,S7/L.1-2,75.30,111.45
play,6,0,595379,,,SB3
play,6,0,595379,,,6(1)3/G6/GDP,101.41,153.61
play,6,1,598878,,,NP
sub,594900,Michael Liberto,0,1,5
play,6,1,595212,,,NP
sub,573183,Ryan Stovall,0,3,3
play,6,1,594819,,,NP
sub,542371,Luis Piterson,0,5,4
play,6,1,598878,,,43/G,136.55,161.65
play,6,1,595212,,,31/G,150.60,165.66
play,6,1,594819,,,63/G,109.44,147.59
play,7,0,519214,,,13/G,113.45,183.73
play,7,0,594900,,,K
play,7,0,542502,,,S9/L,193.78,108.43
play,7,0,573183,,,FC6/G.1X2(64),115.46,154.62
play,7,1,592743,,,NP
sub,594900,Michael Liberto,0,1,6
play,7,1,554239,,,NP
sub,524188,Yunior Figueroa,0,2,5
play,7,1,592743,,,8/F,113.45,63.25
play,7,1,554239,,,5/P,102.41,174.70
play,7,1,594886,,,63/G,110.44,150.60
play,8,0,573001,,,S9/L,168.67,91.37
play,8,0,542371,,,S7/L.1-2,62.25,101.41
play,8,0,543454,,,PO2(16)
play,8,0,543454,,,K
play,8,0,542503,,,53/G,105.42,168.67
play,8,1,594828,,,NP
sub,594776,Chas Byrne,0,0,1
play,8,1,594828,,,6/L,113.45,141.57
play,8,1,595176,,,8/F,117.47,74.30
play,8,1,519345,,,7/F,73.29,96.39
play,9,0,595379,,,9/F,155.62,87.35
play,9,0,519214,,,K23
play,9,0,594900,,,43/G,146.59,149.60
play,9,1,598878,,,63/G,114.46,150.60
play,9,1,595212,,,S9/L,183.73,86.35
play,9,1,594819,,,NP
sub,571599,Jakob Dalfonso,1,9,11
play,9,1,571599,,,CS2
play,9,1,571599,,,63/G,103.41,147.59
play,10,0,524188,,,NP
sub,595212,Jarred Frierson,1,8,7
play,10,0,573183,,,NP
sub,571599,Jakob Dalfonso,1,9,9
play,10,0,524188,,,9/F,168.67,85.34
play,10,0,573183,,,S5/G,113.45,184.74
play,10,0,573001,,,9/F,160.64,83.33
play,10,0,542371,,,S8/L.1-3,107.43,78.31
play,10,0,543454,,,S8/L.1-2;3-H,114.46,80.32
play,10,0,542503,,,FC5/G.2X3(5),108.43,169.68
play,10,1,592743,,,2/PF,117.47,208.84
play,10,1,554239,,,D7/F,72.29,95.38
play,10,1,594886,,,K
play,10,1,594828,,,7/F,61.24,100.40
id,DanAPP201008160
info,visteam,BurAPP
info,hometeam,DanAPP
info,date,2010/08/16
start,542371,Luis Piterson,0,1,4
start,594900,Michael Liberto,0,2,6
start,573183,Ryan Stovall,0,3,3
start,573001,Gabe MacDougall,0,4,7
start,524188,Yunior Figueroa,0,5,5
start,543454,Alex Llanos,0,6,8
start,572935,Anthony Howard,0,7,9
start,596306,Ryan Jenkins,0,8,2
start,519214,Derek Rodriguez,0,9,10
start,572965,Jonathon Keck,0,0,1
start,592743,Andrelton Simmons,1,1,6
start,554239,Elmer Reyes,1,2,4
start,594886,Barrett Kleinknecht,1,3,5
start,594828,Evan Gattis,1,4,10
start,517424,Alberto Odreman,1,5,3
start,572258,Jace Whitmer,1,6,2
start,571599,Jakob Dalfonso,1,7,9
start,598878,Keenan Wiley,1,8,8
start,594819,Kenny Fleming,1,9,7
start,594874,Dan Jurik,1,0,1
play,1,0,542371,,,9/F,168.67,124.50
play,1,0,594900,,,K
play,1,0,573183,,,K
play,1,1,592743,,,4/P,137.55,157.63
play,1,1,554239,,,K
play,1,1,594886,,,D7/L,49.20,124.50
play,1,1,594828,,,8/F,114.46,84.34
play,2,0,573001,,,K
play,2,0,524188,,,8/F,139.56,102.41
play,2,0,543454,,,K
play,2,1,517424,,,K
play,2,1,572258,,,5/P,107.43,174.70
play,2,1,571599,,,HP
play,2,1,598878,,,FC6/G.1X2(64),111.45,170.68
play,3,0,572935,,,W
play,3,0,596306,,,S1/G.1-2,124.50,199.80
play,3,0,519214,,,24/SH.1-2;2-3,125.50,204.82
play,3,0,542371,,,IW
play,3,0,594900,,,T9/L.1-H;2-H;3-H,194.78,93.37
play,3,0,573183,,,S8/G.3-H,127.51,140.56
play,3,0,573001,,,SB2
play,3,0,573001,,,S8/L.2-H,124.50,136.55
play,3,0,524188,,,7/F,76.31,123.49
play,3,0,543454,,,43/G,142.57,170.68
play,3,1,594819,,,K
play,3,1,592743,,,53/G,110.44,181.73
play,3,1,554239,,,53/G,107.43,177.71
play,4,0,572935,,,HR/F,208.84,81.33
play,4,0,596306,,,S9/G,155.62,146.59
play,4,0,519214,,,13/SH.1-2,126.51,192.77
play,4,0,542371,,,8/F,130.52,88.35
play,4,0,594900,,,8/F,118.47,77.31
play,4,1,594886,,,D8/F,106.43,59.24
play,4,1,594828,,,63/G,115.46,166.67
play,4,1,517424,,,S5/G.2-H(E5/TH),106.43,189.76
play,4,1,572258,,,9/F,173.69,116.47
play,4,1,571599,,,FC4/G.1X2(46),138.55,171.69
play,5,0,573183,,,63/G,117.47,168.67
play,5,0,573001,,,S9/L,152.61,145.58
play,5,0,524188,,,WP.1-2
play,5,0,524188,,,K
play,5,0,543454,,,7/F,80.32,121.49
play,5,1,598878,,,53/G,104.42,175.70
play,5,1,594819,,,43/G,135.54,163.65
play,5,1,592743,,,53/G,106.43,182.73
play,6,0,572935,,,NP
sub,543826,Tyler Stovall,1,0,1
play,6,0,572935,,,K
play,6,0,596306,,,63/G,110.44,166.67
play,6,0,519214,,,63/G,116.47,173.69
play,6,1,554239,,,S6/G,120.48,163.65
play,6,1,594886,,,S7/G.1-3,87.35,137.55
play,6,1,594828,,,S8/G.1-2;3-H,107.43,126.51
play,6,1,517424,,,FC3/G.1X2(34);64);2-H;B-2(E4/TH),111.45,170.68
play,6,1,572258,,,S6/G,115.46,166.67
play,6,1,571599,,,HP.1-2
play,6,1,598878,,,NP
sub,571709,Michael Giovenco,0,0,1
play,6,1,598878,,,8/F,113.45,104.42
play,7,0,542371,,,6/P,101.41,157.63
play,7,0,594900,,,43/G,134.54,170.68
play,7,0,573183,,,S9/L,154.62,152.61
play,7,0,573001,,,WP.1-2
play,7,0,573001,,,K23
play,7,1,594819,,,53/G,110.44,181.73
play,7,1,592743,,,K
play,7,1,554239,,,7/F,63.25,121.49
play,8,0,524188,,,63/G,107.43,176.71
play,8,0,543454,,,W
play,8,0,572935,,,K
play,8,0,596306,,,9/F,163.65,123.49
play,8,1,594886,,,7/F,63.25,123.49
play,8,1,594828,,,K.B-1(E2/TH)
play,8,1,517424,,,S8/F.1-2,128.51,142.57
play,8,1,572258,,,6(1)3/G6/GDP,115.46,173.69
play,9,0,519214,,,63/G,113.45,169.68
play,9,0,542371,,,53/G,109.44,181.73
play,9,0,594900,,,S1/G,123.49,202.81
play,9,0,573183,,,CS2
play,9,1,571599,,,43/G,135.54,171.69
play,9,1,598878,,,K
play,9,1,594819,,,6/P,118.47,144.58
id,DanAPP201008201
info,visteam,GreAPP
info,hometeam,DanAPP
info,date,2010/08/20
start,592261,Delino DeShieldsJr.,0,1,8
start,595831,Jonathan Merritt,0,2,6
start,455390,Jhonny Medrano,0,3,10
start,571981,Telvin Nash,0,4,7
start,592629,Roberto Pena,0,5,2
start,502316,Rafael Valenzuela,0,6,3
start,516430,Emilio King,0,7,9
start,500767,Ricardo Garcia,0,8,4
start,542605,Hector Rodriguez,0,9,5
start,542300,Euris Quezada,0,0,1
start,592743,Andrelton Simmons,1,1,6
start,554239,Elmer Reyes,1,2,4
start,571599,Jakob Dalfonso,1,3,3
start,594886,Barrett Kleinknecht,1,4,5
start,594828,Evan Gattis,1,5,10
start,572258,Jace Whitmer,1,6,2
start,594935,Jason Mowry,1,7,8
start,598878,Keenan Wiley,1,8,9
start,594819,Kenny Fleming,1,9,7
start,542201,Ronan Pacheco,1,0,1
play,1,0,592261,,,S8/L,120.48,111.45
play,1,0,595831,,,5(B)53(1)/LDP,104.42,178.71
play,1,0,455390,,,9/F,180.72,127.51
play,1,1,592743,,,53/G,98.39,171.69
play,1,1,554239,,,63/G,119.48,164.66
play,1,1,571599,,,43/G,151.61,172.69
play,2,0,571981,,,63/G,104.42,169.68
play,2,0,592629,,,43/G,126.51,172.69
play,2,0,502316,,,S7/L,72.29,131.53
play,2,0,516430,,,PB.1-2
play,2,0,516430,,,W
play,2,0,500767,,,6/P,117.47,169.68
play,2,1,594886,,,S7/G,89.36,137.55
play,2,1,594828,,,S8/L.1-2,126.51,106.43
play,2,1,572258,,,2/BPF,172.69,222.89
play,2,1,594935,,,WP.1-2;2-3
play,2,1,594935,,,T9/F.2-H;3-H,205.82,122.49
play,2,1,598878,,,S7/G.3-H,86.35,131.53
play,2,1,594819,,,CS2
play,2,1,594819,,,T9/G,178.71,133.53
play,2,1,592743,,,3/PF,231.93,228.92
play,3,0,542605,,,S9/L,148.59,147.59
play,3,0,592261,,,W.1-2
play,3,0,595831,,,S6/G.1-2;2-3,109.44,168.67
play,3,0,455390,,,HP.1-2;2-3;3-H
play,3,0,571981,,,D8/F.1-H;2-H;3-H,99.40,76.31
play,3,0,592629,,,3/G.2-3,138.55,181.73
play,3,0,502316,,,43/G.3-H,134.54,172.69
play,3,0,516430,,,53/G,106.43,179.72
play,3,1,554239,,,T8/F,115.46,96.39
play,3,1,571599,,,43/G.3-H,142.57,170.68
play,3,1,594886,,,HP
play,3,1,594828,,,HP.1-2
play,3,1,572258,,,W.1-2;2-3
play,3,1,594935,,,NP
sub,518514,Garrett Bullock,0,0,1
play,3,1,594935,,,31(3)2/GDP/G3,143.57,184.74
play,4,0,500767,,,63/G,109.44,175.70
play,4,0,542605,,,13/G,119.48,188.76
play,4,0,592261,,,D5/L,76.31,129.52
play,4,1,598878,,,D7/G,84.34,113.45
play,4,1,594819,,,53/SH.2-3,112.45,184.74
play,4,1,592743,,,HP
play,4,1,554239,,,HP.1-2
play,4,1,571599,,,46(1)3/GDP/G4,138.55,171.69
play,5,0,595831,,,K
play,5,0,455390,,,D9/L,190.76,137.55
play,5,0,571981,,,NP
sub,506692,Danilo Alvarez,1,0,1
play,5,0,571981,,,W
play,5,0,592629,,,S7/L.1-3(E6)(E6/TH);2-H,85.34,141.57
play,5,0,502316,,,D9/L.1-3;3-H,165.66,140.56
play,5,0,516430,,,IW
play,5,0,500767,,,9/SF.2-3;3-H,183.73,121.49
play,5,0,542605,,,D8/L.1-H;3-H,141.57,88.35
play,5,0,592261,,,S8/L.2-H,110.44,130.52
play,5,0,595831,,,53/G,105.42,180.72
play,5,1,594886,,,S5/G,117.47,182.73
play,5,1,594828,,,4/P,151.61,162.65
play,5,1,572258,,,S9/L.1-2,157.63,131.53
play,5,1,594935,,,S6/G.1-2;2-3,94.38,168.67
play,5,1,598878,,,4(1)3/G4/GDP,141.57,169.68
play,6,0,455390,,,NP
sub,592741,Chasen Shreve,1,0,1
play,6,0,455390,,,6/P,91.37,157.63
play,6,0,571981,,,HR/F,32.13,62.25
play,6,0,592629,,,8/F,97.39,108.43
play,6,0,502316,,,43/G,147.59,168.67
play,6,1,594819,,,NP
sub,595224,Paul Gerrish,0,0,1
play,6,1,594819,,,K
play,6,1,592743,,,S7/L,91.37,140.56
play,6,1,554239,,,63/G.1-2,102.41,165.66
play,6,1,571599,,,63/G,110.44,172.69
play,7,0,516430,,,63/G,113.45,173.69
play,7,0,500767,,,6/P,121.49,161.65
play,7,0,542605,,,S8/L,90.36,128.51
play,7,0,592261,,,D7/L.1-H,57.23,115.46
play,7,0,595831,,,K23
play,7,1,594886,,,NP
sub,572995,Chris Lovett,0,9,5
play,7,1,594886,,,3/P,138.55,183.73
play,7,1,594828,,,HP
play,7,1,572258,,,S4/G.1-2,135.54,174.70
play,7,1,594935,,,7/F,57.23,118.47
play,7,1,598878,,,D7/F.1-3;2-H,83.33,116.47
play,7,1,594819,,,43/G,138.55,168.67
id,DanAPP201008202
info,visteam,GreAPP
info,hometeam,DanAPP
info,date,2010/08/20
start,592261,Delino DeShieldsJr.,0,1,8
start,595831,Jonathan Merritt,0,2,6
start,455390,Jhonny Medrano,0,3,10
start,571981,Telvin Nash,0,4,7
start,502316,Rafael Valenzuela,0,5,3
start,504333,Carlos Mojica,0,6,2
start,516430,Emilio King,0,7,9
start,500767,Ricardo Garcia,0,8,4
start,542605,Hector Rodriguez,0,9,5
start,515808,Gabriel Garcia,0,0,1
start,592743,Andrelton Simmons,1,1,6
start,577029,Chris Curley,1,2,4
start,594886,Barrett Kleinknecht,1,3,5
start,594828,Evan Gattis,1,4,2
start,595176,Ryan Delgado,1,5,10
start,517424,Alberto Odreman,1,6,3
start,594935,Jason Mowry,1,7,8
start,598878,Keenan Wiley,1,8,9
start,595212,Jarred Frierson,1,9,7
start,592396,Tyler Hess,1,0,1
play,1,0,592261,,,13/G,128.51,196.79
play,1,0,595831,,,T9/L,180.72,113.45
play,1,0,455390,,,K
play,1,0,571981,,,63/G,110.44,171.69
play,1,1,592743,,,5/P,103.41,167.67
play,1,1,577029,,,53/G,109.44,177.71
play,1,1,594886,,,8/F,117.47,66.27
play,2,0,502316,,,S8/G,110.44,107.43
play,2,0,504333,,,63/G.1-2,111.45,177.71
play,2,0,516430,,,FC1.2X3(156),125.50,195.78
play,2,0,500767,,,S9/G.1-2,167.67,135.54
play,2,0,542605,,,43/G,145.58,170.68
play,2,1,594828,,,2/PF,212.85,214.86
play,2,1,595176,,,K
play,2,1,517424,,,K
play,3,0,592261,,,S5/BG,112.45,180.72
play,3,0,595831,,,13/SH.1-2,116.47,197.79
play,3,0,455390,,,S7/G.2-3,76.31,137.55
play,3,0,571981,,,64(1)3/GDP/G6,118.47,168.67
play,3,1,594935,,,43/G,135.54,179.72
play,3,1,598878,,,43/G,144.58,175.70
play,3,1,595212,,,8/F,132.53,89.36
play,4,0,502316,,,3/G,138.55,180.72
play,4,0,504333,,,K23
play,4,0,516430,,,W
play,4,0,500767,,,9/F,168.67,118.47
play,4,1,592743,,,53/G,100.40,181.73
play,4,1,577029,,,5/L,98.39,183.73
play,4,1,594886,,,43/G,140.56,171.69
play,5,0,542605,,,D7/G,61.24,125.50
play,5,0,592261,,,FC6.2X3(65),112.45,171.69
play,5,0,595831,,,S8/G.1-3,119.48,124.50
play,5,0,455390,,,WP.1-2;3-H
play,5,0,455390,,,3/L,138.55,182.73
play,5,0,571981,,,K
play,5,1,594828,,,NP
sub,592225,Ryan Cole,0,0,1
play,5,1,594828,,,K
play,5,1,595176,,,53/G,108.43,173.69
play,5,1,517424,,,9/F,192.77,119.48
play,6,0,502316,,,NP
sub,489087,Ian Marshall,1,0,1
play,6,0,502316,,,31/G,140.56,191.77
play,6,0,504333,,,9/F,149.60,125.50
play,6,0,516430,,,8/F,125.50,81.33
play,6,1,594935,,,2/PF,212.85,211.85
play,6,1,598878,,,E4,135.54,175.70
play,6,1,595212,,,NP
sub,571599,Jakob Dalfonso,1,9,11
play,6,1,571599,,,46(1)3/GDP/G4,142.57,173.69
play,7,0,500767,,,NP
sub,598878,Keenan Wiley,1,8,7
play,7,0,542605,,,NP
sub,571599,Jakob Dalfonso,1,9,9
play,7,0,500767,,,43/G,146.59,166.67
play,7,0,542605,,,31/G,135.54,185.74
play,7,0,592261,,,2/PF,164.66,221.89
play,7,1,592743,,,NP
sub,572173,Brian Streilein,0,0,1
play,7,1,577029,,,NP
sub,516429,Ricardo Heredia,0,4,7
play,7,1,592743,,,63/G,111.45,161.65
play,7,1,577029,,,K
play,7,1,594886,,,W
play,7,1,594828,,,S7/G.1-2,90.36,146.59
play,7,1,595176,,,NP
sub,594819,Kenny Fleming,1,4,12
play,7,1,595176,,,8/F,104.42,106.43
id,DanAPP201008210
info,visteam,GreAPP
info,hometeam,DanAPP
info,date,2010/08/21
start,592261,Delino DeShieldsJr.,0,1,8
start,595831,Jonathan Merritt,0,2,6
start,455390,Jhonny Medrano,0,3,10
start,571981,Telvin Nash,0,4,7
start,502316,Rafael Valenzuela,0,5,3
start,592629,Roberto Pena,0,6,2
start,516430,Emilio King,0,7,9
start,572995,Chris Lovett,0,8,4
start,542605,Hector Rodriguez,0,9,5
start,592314,Michael Foltynewicz,0,0,1
start,594935,Jason Mowry,1,1,8
start,554239,Elmer Reyes,1,2,4
start,571599,Jakob Dalfonso,1,3,3
start,594886,Barrett Kleinknecht,1,4,5
start,594828,Evan Gattis,1,5,10
start,592743,Andrelton Simmons,1,6,6
start,572258,Jace Whitmer,1,7,2
start,598878,Keenan Wiley,1,8,9
start,594819,Kenny Fleming,1,9,7
start,543146,Kyle Farrell,1,0,1
play,1,0,592261,,,6/L,116.47,166.67
play,1,0,595831,,,9/F,163.65,132.53
play,1,0,455390,,,3/G,140.56,187.75
play,1,1,594935,,,31/G,139.56,185.74
play,1,1,554239,,,K
play,1,1,571599,,,D7/G,69.28,138.55
play,1,1,594886,,,9/F,172.69,137.55
play,2,0,571981,,,9/F,180.72,125.50
play,2,0,502316,,,43/G,132.53,170.68
play,2,0,592629,,,3/L,141.57,184.74
play,2,1,594828,,,E5,108.43,184.74
play,2,1,592743,,,S9/G.1-2,161.65,146.59
play,2,1,572258,,,13/SH.1-2;2-3,130.52,201.81
play,2,1,598878,,,HP
play,2,1,594819,,,S7/F.1-2;2-3;3-H,92.37,140.56
play,2,1,594935,,,7/F,78.31,139.56
play,2,1,554239,,,K
play,3,0,516430,,,63/G,116.47,167.67
play,3,0,572995,,,43/G,133.53,171.69
play,3,0,542605,,,HP
play,3,0,592261,,,FC5/G.1X2(54),103.41,183.73
play,3,1,571599,,,S9/G,161.65,144.58
play,3,1,594886,,,K
play,3,1,594828,,,SB2
play,3,1,594828,,,K23
play,3,1,592743,,,9/F,169.68,145.58
play,4,0,595831,,,S7/L,83.33,133.53
play,4,0,455390,,,K
play,4,0,571981,,,SB2
play,4,0,571981,,,S9/G.2-3,161.65,147.59
play,4,0,502316,,,7/SF.3-H,66.27,117.47
play,4,0,592629,,,K
play,4,1,572258,,,S9/L,155.62,143.57
play,4,1,598878,,,CS2
play,4,1,598878,,,K
play,4,1,594819,,,K+WP.B-1
play,4,1,594935,,,K
play,5,0,516430,,,63/G,117.47,170.68
play,5,0,572995,,,8/F,134.54,105.42
play,5,0,542605,,,S7/L,72.29,139.56
play,5,0,592261,,,D7/F.1-H,56.22,128.51
play,5,1,554239,,,NP
sub,592651,Rodney Quintero,0,0,1
play,5,1,554239,,,W
play,5,1,571599,,,W.1-2
play,5,1,594886,,,W.1-2;2-3
play,5,1,594828,,,NP
sub,572142,Travis Smink,0,0,1
play,5,1,594828,,,7/F,73.29,122.49
play,5,1,592743,,,5(2)3/G5/GDP,105.42,180.72
play,6,0,595831,,,K
play,6,0,455390,,,S7/G,80.32,141.57
play,6,0,571981,,,64(1)3/GDP/G6,115.46,172.69
play,6,1,572258,,,HR/F,38.15,74.30
play,6,1,598878,,,2/BP,127.51,200.80
play,6,1,594819,,,K
play,6,1,594935,,,D9/F,181.73,136.55
play,6,1,554239,,,D7/F.2-H,56.22,126.51
play,6,1,571599,,,8/F,124.50,102.41
play,7,0,502316,,,63/G,116.47,168.67
play,7,0,592629,,,7/FF,68.27,164.66
play,7,0,516430,,,K23
play,7,1,594886,,,NP
sub,500764,Jeiler Castillo,0,0,1
play,7,1,594886,,,HR/F,29.12,78.31
play,7,1,594828,,,S8/L,121.49,132.53
play,7,1,592743,,,NP
sub,577029,Chris Curley,1,5,12
play,7,1,592743,,,S1/BG.1-2,135.54,196.79
play,7,1,572258,,,4/P,152.61,155.62
play,7,1,598878,,,S8/L.1-2;2-H,126.51,134.54
play,7,1,594819,,,WP.1-2;2-3
play,7,1,594819,,,S9/G.2-H;3-H,158.63,145.58
play,7,1,594935,,,63/G.1-2,113.45,178.71
play,7,1,554239,,,W
play,7,1,571599,,,63/G,117.47,174.70
play,8,0,572995,,,NP
sub,577029,Chris Curley,1,5,10
play,8,0,542605,,,NP
sub,592786,Matthew Suschak,1,0,1
play,8,0,572995,,,HP
play,8,0,542605,,,8/F,118.47,105.42
play,8,0,592261,,,WP.1-2
play,8,0,592261,,,W
play,8,0,595831,,,D8/L.1-3;2-H,98.39,85.34
play,8,0,455390,,,NP
sub,597491,Nate Russ,1,0,1
play,8,0,455390,,,9/SF.2-3;3-H,167.67,130.52
play,8,0,571981,,,63/G,115.46,168.67
play,8,1,594886,,,NP
sub,518767,Justin Harper,0,0,1
play,8,1,594886,,,S6/G,116.47,169.68
play,8,1,577029,,,PB.1-2
play,8,1,577029,,,K
play,8,1,592743,,,WP.2-3
play,8,1,592743,,,D7/F.3-H;B-H,45.18,126.51
play,8,1,572258,,,6/L,118.47,165.66
play,8,1,598878,,,43/G,130.52,171.69
play,9,0,502316,,,W
play,9,0,592629,,,K
play,9,0,516430,,,7/F,81.33,136.55
play,9,0,572995,,,43/G,135.54,167.67
id,DanAPP201008220
info,visteam,KinAPP
info,hometeam,DanAPP
info,date,2010/08/22
start,571724,Chase Greene,0,1,8
start,502402,Brandon Brown,0,2,6
start,573669,Aderlin Rodriguez,0,3,5
start,502095,Lucas Stewart,0,4,3
start,572897,ZeErika McQueen,0,5,7
start,544938,Albert Cordero,0,6,10
start,572284,Nelfi Zapata,0,7,2
start,573153,John Semel,0,8,9
start,541603,Ismael Tijerina,0,9,4
start,500783,Orlando Tovar,0,0,1
start,592743,Andrelton Simmons,1,1,6
start,554239,Elmer Reyes,1,2,4
start,594886,Barrett Kleinknecht,1,3,5
start,595176,Ryan Delgado,1,4,2
start,517424,Alberto Odreman,1,5,3
start,577029,Chris Curley,1,6,10
start,571599,Jakob Dalfonso,1,7,9
start,598878,Keenan Wiley,1,8,8
start,595212,Jarred Frierson,1,9,7
start,598866,Blaine Sims,1,0,1
play,1,0,571724,,,43/G,134.54,157.63
play,1,0,502402,,,E5/TH,89.36,175.70
play,1,0,573669,,,S7/G.1-2,94.38,100.40
play,1,0,502095,,,K+SB3;SB2
play,1,0,572897,,,HP
play,1,0,544938,,,8/F,109.44,81.33
play,1,1,592743,,,S5/BG,106.43,173.69
play,1,1,554239,,,K
play,1,1,594886,,,FC5/G.1X2(54);B-1,108.43,167.67
play,1,1,595176,,,D7/G.1-H,34.14,112.45
play,1,1,517424,,,53/G,100.40,165.66
play,2,0,572284,,,7/F,57.23,101.41
play,2,0,573153,,,D8/F,95.38,81.33
play,2,0,541603,,,W
play,2,0,571724,,,S7/L.1-2;2-H,77.31,110.44
play,2,0,502402,,,D8/L.1-H;2-H,112.45,65.26
play,2,0,573669,,,8/F.2-3,111.45,75.30
play,2,0,502095,,,K
play,2,1,577029,,,T9/L,182.73,82.33
play,2,1,571599,,,43/G.3-H,145.58,152.61
play,2,1,598878,,,S3/BG,148.59,185.74
play,2,1,595212,,,D9/L.1-3,191.77,93.37
play,2,1,592743,,,S7/L.2-H;3-H,74.30,105.42
play,2,1,554239,,,SB2
play,2,1,554239,,,6/P,102.41,152.61
play,2,1,594886,,,7/F,80.32,94.38
play,3,0,572897,,,63/G,117.47,149.60
play,3,0,544938,,,S7/G,71.29,98.39
play,3,0,572284,,,53/G.1-2,108.43,169.68
play,3,0,573153,,,53/G,109.44,168.67
play,3,1,595176,,,K
play,3,1,517424,,,8/F,114.46,82.33
play,3,1,577029,,,S8/G,129.52,68.27
play,3,1,571599,,,S9/G.1-2,171.69,83.33
play,3,1,598878,,,FC5/G.1X2(54),94.38,171.69
play,4,0,541603,,,NP
sub,592501,Matthew Lewis,1,0,1
play,4,0,541603,,,S9/L,167.67,98.39
play,4,0,571724,,,54(1)3/GDP/G5,105.42,173.69
play,4,0,502402,,,63/G,109.44,152.61
play,4,1,595212,,,9/F,175.70,89.36
play,4,1,592743,,,W
play,4,1,554239,,,SB2
play,4,1,554239,,,53/G,108.43,170.68
play,4,1,594886,,,8/F,132.53,75.30
play,5,0,573669,,,3/PF,164.66,172.69
play,5,0,502095,,,S9/L,174.70,78.31
play,5,0,572897,,,S9/G.1-2,158.63,86.35
play,5,0,544938,,,HP.1-2;2-3
play,5,0,572284,,,W.1-2;2-3;3-H
play,5,0,573153,,,S8/L.1-3;2-H;3-H;B-2,120.48,69.28
play,5,0,541603,,,K
play,5,0,571724,,,W
play,5,0,502402,,,WP.1-2;2-3;3-H
play,5,0,502402,,,S7/L.2-3;3-H,73.29,102.41
play,5,0,573669,,,K
play,5,1,595176,,,43/G,143.57,154.62
play,5,1,517424,,,6/P,107.43,155.62
play,5,1,577029,,,3/G,157.63,162.65
play,6,0,502095,,,HR/F,191.77,43.17
play,6,0,572897,,,43/G,133.53,152.61
play,6,0,544938,,,W
play,6,0,572284,,,53/G.1-2,99.40,177.71
play,6,0,573153,,,W
play,6,0,541603,,,S8/L.1-2;2-H,128.51,101.41
play,6,0,571724,,,9/F,172.69,104.42
play,6,1,571599,,,7/F,71.29,92.37
play,6,1,598878,,,K
play,6,1,595212,,,K
play,7,0,502402,,,D7/L,77.31,94.38
play,7,0,573669,,,NP
sub,572911,Jamie Hayes,1,0,1
play,7,0,573669,,,D7/F.2-H,45.18,109.44
play,7,0,502095,,,S8/L.2-H,96.39,75.30
play,7,0,572897,,,D9/L.1-3,185.74,91.37
play,7,0,544938,,,53/G,108.43,171.69
play,7,0,572284,,,K
play,7,0,573153,,,9/F,178.71,100.40
play,7,1,592743,,,NP
sub,594819,Kenny Fleming,1,1,11
play,7,1,594819,,,S4/G,135.54,157.63
play,7,1,554239,,,7/F,65.26,96.39
play,7,1,594886,,,54(1)3/GDP/G5,104.42,162.65
play,8,0,541603,,,NP
sub,594819,Kenny Fleming,1,1,7
play,8,0,571724,,,NP
sub,554239,Elmer Reyes,1,2,6
play,8,0,502402,,,NP
sub,595212,Jarred Frierson,1,9,4
play,8,0,541603,,,43/G,147.59,153.61
play,8,0,571724,,,W
play,8,0,502402,,,9/F,165.66,90.36
play,8,0,573669,,,3/G,154.62,172.69
play,8,1,595176,,,NP
sub,543317,Charles Hinojosa,0,5,7
play,8,1,595176,,,7/F,71.29,96.39
play,8,1,517424,,,K
play,8,1,577029,,,NP
sub,451699,Richard Pena,0,0,1
play,8,1,577029,,,8/F,108.43,67.27
play,9,0,502095,,,S9/G,158.63,92.37
play,9,0,543317,,,K
play,9,0,544938,,,NP
sub,542550,Amauris Valdez,0,6,11
play,9,0,542550,,,K
play,9,0,572284,,,K
play,9,1,571599,,,NP
sub,542550,Amauris Valdez,0,6,10
play,9,1,571599,,,3/G,151.61,170.68
play,9,1,598878,,,5/P,102.41,172.69
play,9,1,595212,,,W
play,9,1,594819,,,S7/L.1-2,71.29,110.44
play,9,1,554239,,,PB.1-2;2-3
play,9,1,554239,,,HP
play,9,1,594886,,,D7/G.1-H;2-H;3-H,41.16,112.45
play,9,1,595176,,,NP
sub,502799,Taylor Freeman,0,7,2
play,9,1,595176,,,W
play,9,1,517424,,,563/G5,103.41,161.65
id,DanAPP201008230
info,visteam,KinAPP
info,hometeam,DanAPP
info,date,2010/08/23
start,571724,Chase Greene,0,1,8
start,502402,Brandon Brown,0,2,6
start,573669,Aderlin Rodriguez,0,3,5
start,502095,Lucas Stewart,0,4,3
start,572897,ZeErika McQueen,0,5,7
start,544938,Albert Cordero,0,6,2
start,502799,Taylor Freeman,0,7,10
start,573153,John Semel,0,8,9
start,514914,Ray Van Gurp,0,9,4
start,514897,Eduardo Aldama,0,0,1
start,598878,Keenan Wiley,1,1,9
start,592743,Andrelton Simmons,1,2,6
start,571599,Jakob Dalfonso,1,3,3
start,594886,Barrett Kleinknecht,1,4,5
start,594828,Evan Gattis,1,5,10
start,554239,Elmer Reyes,1,6,4
start,594935,Jason Mowry,1,7,8
start,572258,Jace Whitmer,1,8,2
start,594819,Kenny Fleming,1,9,7
start,592303,David Filak,1,0,1
play,1,0,571724,,,63/G,112.45,175.70
play,1,0,502402,,,S4/G,132.53,175.70
play,1,0,573669,,,SB2
play,1,0,573669,,,WP.2-3
play,1,0,573669,,,S3/G.3-H;B-2(E3/TH),142.57,184.74
play,1,0,502095,,,9/F,169.68,123.49
play,1,0,572897,,,63/G,106.43,163.65
play,1,1,598878,,,3/P,151.61,186.75
play,1,1,592743,,,63/G,114.46,172.69
play,1,1,571599,,,7/F,55.22,122.49
play,2,0,544938,,,8/F,118.47,81.33
play,2,0,502799,,,K
play,2,0,573153,,,53/G,109.44,183.73
play,2,1,594886,,,5/L,110.44,185.74
play,2,1,594828,,,13/G,127.51,187.75
play,2,1,554239,,,7/F,79.32,125.50
play,3,0,placeholder,,,NP
sub,571873,Lucas La Point,1,0,1
play,3,0,514914,,,53/G,100.40,179.72
play,3,0,571724,,,7/F,86.35,122.49
play,3,0,502402,,,9/F,184.74,126.51
play,3,1,594935,,,K
play,3,1,572258,,,53/G,106.43,184.74
play,3,1,594819,,,3/G,149.60,180.72
play,4,0,573669,,,S9/G,164.66,134.54
play,4,0,502095,,,FC6/G.1X2(64);B-1,107.43,182.73
play,4,0,572897,,,53/G.1-2,95.38,186.75
play,4,0,544938,,,HR/F.2-H,37.15,78.31
play,4,0,502799,,,13/G,126.51,194.78
play,4,1,598878,,,7/F,80.32,123.49
play,4,1,592743,,,S6/G,108.43,168.67
play,4,1,571599,,,SB2
play,4,1,571599,,,K23
play,4,1,594886,,,K23
play,5,0,573153,,,13/G,123.49,190.76
play,5,0,514914,,,S8/G,138.55,95.38
play,5,0,571724,,,SB2
play,5,0,571724,,,63/G,109.44,167.67
play,5,0,502402,,,43/G,136.55,174.70
play,5,1,594828,,,63/G,123.49,171.69
play,5,1,554239,,,K
play,5,1,594935,,,4/L,141.57,175.70
play,6,0,573669,,,43/G,131.53,170.68
play,6,0,502095,,,3/G,143.57,180.72
play,6,0,572897,,,7/F,55.22,128.51
play,6,1,572258,,,K
play,6,1,594819,,,31/G,149.60,176.71
play,6,1,598878,,,63/G,109.44,166.67
play,7,0,544938,,,W
play,7,0,502799,,,SB2
play,7,0,502799,,,5/P,101.41,178.71
play,7,0,573153,,,PB.2-3
play,7,0,573153,,,D7/F.3-H,74.30,106.43
play,7,0,514914,,,K+SB3.B-1
play,7,0,571724,,,8/SF.3-H,127.51,81.33
play,7,0,502402,,,SB2
play,7,0,502402,,,S8/G.2-H,105.42,97.39
play,7,0,573669,,,13/G,128.51,187.75
play,7,1,592743,,,7/F,88.35,126.51
play,7,1,571599,,,41/G,153.61,169.68
play,7,1,594886,,,K
play,8,0,502095,,,NP
sub,592786,Matthew Suschak,1,0,1
play,8,0,572897,,,NP
sub,517424,Alberto Odreman,1,2,3
play,8,0,544938,,,NP
sub,571599,Jakob Dalfonso,1,3,5
play,8,0,502799,,,NP
sub,594886,Barrett Kleinknecht,1,4,4
play,8,0,573153,,,NP
sub,554239,Elmer Reyes,1,6,6
play,8,0,502095,,,W
play,8,0,572897,,,HP.1-2
play,8,0,544938,,,K
play,8,0,502799,,,K
play,8,0,573153,,,K
play,8,1,594828,,,5/PF,95.38,196.79
play,8,1,554239,,,S8/L,120.48,99.40
play,8,1,594935,,,S9/L.1-3,158.63,129.52
play,8,1,572258,,,9/SF.3-H,150.60,114.46
play,8,1,594819,,,4/L,138.55,176.71
play,9,0,514914,,,W
play,9,0,571724,,,K
play,9,0,502402,,,7/F,74.30,113.45
play,9,0,573669,,,W.1-2
play,9,0,502095,,,S8/L.1-3;2-H,126.51,103.41
play,9,0,572897,,,K23
play,9,1,598878,,,NP
sub,542939,Peter Birdwell,0,0,1
play,9,1,598878,,,HP
play,9,1,517424,,,K
play,9,1,571599,,,W.1-2
play,9,1,594886,,,2/PF,132.53,216.87
play,9,1,594828,,,53/G,106.43,187.75
id,DanAPP201008240
info,visteam,KinAPP
info,hometeam,DanAPP
info,date,2010/08/24
start,514914,Ray Van Gurp,0,1,4
start,502402,Brandon Brown,0,2,6
start,573669,Aderlin Rodriguez,0,3,5
start,502095,Lucas Stewart,0,4,3
start,572897,ZeErika McQueen,0,5,8
start,572284,Nelfi Zapata,0,6,10
start,573153,John Semel,0,7,9
start,502799,Taylor Freeman,0,8,2
start,543317,Charles Hinojosa,0,9,7
start,597972,Chase Huchingson,0,0,1
start,592743,Andrelton Simmons,1,1,6
start,554239,Elmer Reyes,1,2,4
start,594886,Barrett Kleinknecht,1,3,5
start,594828,Evan Gattis,1,4,2
start,595176,Ryan Delgado,1,5,10
start,517424,Alberto Odreman,1,6,3
start,571599,Jakob Dalfonso,1,7,9
start,594935,Jason Mowry,1,8,8
start,595212,Jarred Frierson,1,9,7
start,489087,Ian Marshall,1,0,1
play,1,0,514914,,,13/G,120.48,199.80
play,1,0,502402,,,53/G,105.42,178.71
play,1,0,573669,,,53/G,98.39,174.70
play,1,1,592743,,,8/F,125.50,85.34
play,1,1,554239,,,S7/L,65.26,125.50
play,1,1,594886,,,54(1)3/GDP/G5,75.30,130.52
play,2,0,502095,,,9/F,186.75,116.47
play,2,0,572897,,,3/G,146.59,176.71
play,2,0,572284,,,S6/G,107.43,166.67
play,2,0,573153,,,W.1-2
play,2,0,502799,,,K
play,2,1,594828,,,5/PF,91.37,190.76
play,2,1,595176,,,W
play,2,1,517424,,,HR/F.1-H,32.13,85.34
play,2,1,571599,,,13/BG,120.48,200.80
play,2,1,594935,,,13/G,122.49,200.80
play,3,0,543317,,,K23
play,3,0,514914,,,S8/L,128.51,90.36
play,3,0,502402,,,53/G.1-2,105.42,180.72
play,3,0,573669,,,8/F,127.51,89.36
play,3,1,595212,,,K
play,3,1,592743,,,S8/L,121.49,79.32
play,3,1,554239,,,T7/G.1-H,69.28,79.32
play,3,1,594886,,,HP
play,3,1,594828,,,S9/L.1-3;3-H,177.71,126.51
play,3,1,595176,,,63/G.1-2;3-H,114.46,168.67
play,3,1,517424,,,43/G,129.52,176.71
play,4,0,502095,,,K
play,4,0,572897,,,HP
play,4,0,572284,,,SB2;1-3(E2)(E2/TH)
play,4,0,572284,,,W
play,4,0,573153,,,S6/G.1-2;3-H,120.48,172.69
play,4,0,502799,,,K
play,4,0,543317,,,K
play,4,1,571599,,,NP
sub,502022,Zachary Von Tersch,0,0,1
play,4,1,571599,,,HP
play,4,1,594935,,,7/F,79.32,105.42
play,4,1,595212,,,SB2
play,4,1,595212,,,13/G.2-3,124.50,196.79
play,4,1,592743,,,W
play,4,1,554239,,,S9/L.1-3;3-H,175.70,115.46
play,4,1,594886,,,WP.1-2
play,4,1,594886,,,4/P,134.54,173.69
play,5,0,514914,,,53/G,101.41,178.71
play,5,0,502402,,,9/F,185.74,104.42
play,5,0,573669,,,K
play,5,1,594828,,,K
play,5,1,595176,,,S7/G,72.29,135.54
play,5,1,517424,,,D7/L.1-3,60.24,132.53
play,5,1,571599,,,6/P,112.45,169.68
play,5,1,594935,,,W
play,5,1,595212,,,K
play,6,0,502095,,,NP
sub,542562,Edigson Mora,1,0,1
play,6,0,502095,,,31/G,145.58,182.73
play,6,0,572897,,,43/G,136.55,169.68
play,6,0,572284,,,K
play,6,1,592743,,,9/F,173.69,109.44
play,6,1,554239,,,D7/L,71.29,120.48
play,6,1,594886,,,K
play,6,1,594828,,,4/P,139.56,166.67
play,7,0,573153,,,13/G,122.49,197.79
play,7,0,502799,,,S7/L,66.27,119.48
play,7,0,543317,,,64(1)3/GDP/G6,118.47,169.68
play,7,1,595176,,,HR/F,40.16,82.33
play,7,1,517424,,,7/F,70.28,112.45
play,7,1,571599,,,31/G,149.60,174.70
play,7,1,594935,,,E3,143.57,181.73
play,7,1,595212,,,6/L,114.46,166.67
play,8,0,514914,,,K
play,8,0,502402,,,W
play,8,0,573669,,,PB.1-2
play,8,0,573669,,,K
play,8,0,502095,,,6/L,116.47,165.66
play,8,1,592743,,,NP
sub,521609,Tony Feliz,0,0,1
play,8,1,592743,,,S5/G,100.40,175.70
play,8,1,554239,,,D9/L.1-3,192.77,116.47
play,8,1,594886,,,8/SF.3-H,119.48,75.30
play,8,1,594828,,,K21.2-3
play,8,1,595176,,,K
play,9,0,572897,,,53/G,103.41,181.73
play,9,0,572284,,,53/G,99.40,171.69
play,9,0,573153,,,NP
sub,542550,Amauris Valdez,0,7,11
play,9,0,542550,,,K
id,DanAPP201008300
info,visteam,BurAPP
info,hometeam,DanAPP
info,date,2010/08/30
start,542371,Luis Piterson,0,1,4
start,594900,Michael Liberto,0,2,6
start,573183,Ryan Stovall,0,3,3
start,596306,Ryan Jenkins,0,4,10
start,524188,Yunior Figueroa,0,5,5
start,543454,Alex Llanos,0,6,8
start,573001,Gabe MacDougall,0,7,7
start,542503,Edul Escobar,0,8,2
start,519214,Derek Rodriguez,0,9,9
start,572137,Crawford Simmons,0,0,1
start,547181,Matt Lipka,1,1,10
start,592743,Andrelton Simmons,1,2,6
start,594886,Barrett Kleinknecht,1,3,5
start,595176,Ryan Delgado,1,4,2
start,517424,Alberto Odreman,1,5,3
start,592311,Kurt Fleming,1,6,7
start,571599,Jakob Dalfonso,1,7,9
start,598878,Keenan Wiley,1,8,8
start,595212,Jarred Frierson,1,9,4
start,542201,Ronan Pacheco,1,0,1
play,1,0,542371,,,S7/G,98.39,125.50
play,1,0,594900,,,S8/L.1-2,114.46,103.41
play,1,0,573183,,,3/G.1-2;2-3,144.58,179.72
play,1,0,596306,,,43/G.2-3;3-H,139.56,167.67
play,1,0,524188,,,63/G,107.43,175.70
play,1,1,547181,,,K
play,1,1,592743,,,4/P,131.53,179.72
play,1,1,594886,,,D7/L,88.35,113.45
play,1,1,595176,,,K+WP.2-3;B-1
play,1,1,517424,,,K
play,2,0,543454,,,D7/F,47.19,128.51
play,2,0,573001,,,SH.2-H;B-2,131.53,208.84
play,2,0,542503,,,WP.2-3
play,2,0,542503,,,S9/L.3-H,140.56,111.45
play,2,0,519214,,,3(1)6/G3/GDP,150.60,182.73
play,2,0,542371,,,HP
play,2,0,594900,,,K
play,2,1,592311,,,63/G,115.46,170.68
play,2,1,571599,,,43/G,143.57,169.68
play,2,1,598878,,,S8/L,99.40,96.39
play,2,1,595212,,,CS2
play,3,0,573183,,,63/G,99.40,167.67
play,3,0,596306,,,K
play,3,0,524188,,,S7/L,82.33,138.55
play,3,0,543454,,,PB.1-2
play,3,0,543454,,,K
play,3,1,595212,,,31/G,0.00,0.00
play,3,1,547181,,,K
play,3,1,592743,,,W
play,3,1,594886,,,W.1-2
play,3,1,595176,,,K
play,4,0,573001,,,K23
play,4,0,542503,,,S7/G,65.26,125.50
play,4,0,519214,,,4(1)3/G4/GDP,137.55,169.68
play,4,1,517424,,,9/F,156.63,120.48
play,4,1,592311,,,3/P,146.59,183.73
play,4,1,571599,,,9/F,162.65,134.54
play,5,0,542371,,,53/G,96.39,177.71
play,5,0,594900,,,W
play,5,0,573183,,,46(1)3/GDP/G4,131.53,174.70
play,5,1,598878,,,S7/G,93.37,122.49
play,5,1,595212,,,S9/G.1-2,149.60,94.38
play,5,1,547181,,,13/SH.1-2;2-3,123.49,191.77
play,5,1,592743,,,8/SF.3-H,111.45,77.31
play,5,1,594886,,,WP.2-3
play,5,1,594886,,,K
play,6,0,596306,,,NP
sub,488882,Stephen Foster,1,0,1
play,6,0,596306,,,S9/L,206.83,246.99
play,6,0,524188,,,9/F,184.74,95.38
play,6,0,543454,,,9/F,189.76,117.47
play,6,0,573001,,,WP.1-2
play,6,0,573001,,,43/G,138.55,170.68
play,6,1,595176,,,NP
sub,502719,J. Leaper,0,0,1
play,6,1,595176,,,S8/L,124.50,110.44
play,6,1,517424,,,W.1-2
play,6,1,592311,,,NP
sub,572708,Claudio Bavera,0,0,1
play,6,1,592311,,,SH.1-2;2-3;B-1,124.50,186.75
play,6,1,571599,,,53/G.1-2;2-3;3-H,100.40,178.71
play,6,1,598878,,,FC3.2-3;3XH(32),145.58,191.77
play,6,1,595212,,,K
play,7,0,542503,,,K
play,7,0,519214,,,W
play,7,0,542371,,,8/F,112.45,93.37
play,7,0,594900,,,SB2;1-3(E3)(E3/TH)
play,7,0,594900,,,K
play,7,1,547181,,,NP
sub,572026,Robert Penny,0,0,1
play,7,1,547181,,,6/P,107.43,171.69
play,7,1,592743,,,S8/L,133.53,106.43
play,7,1,594886,,,7/F,82.33,114.46
play,7,1,595176,,,S9/G.1-2,153.61,135.54
play,7,1,517424,,,NP
sub,594935,Jason Mowry,1,5,11
play,7,1,594935,,,K
play,8,0,573183,,,NP
sub,594935,Jason Mowry,1,5,9
play,8,0,596306,,,NP
sub,571599,Jakob Dalfonso,1,7,3
play,8,0,524188,,,NP
sub,592741,Chasen Shreve,1,0,1
play,8,0,573183,,,S4/G,147.59,161.65
play,8,0,596306,,,CS2
play,8,0,596306,,,W
play,8,0,524188,,,S6/G.1-2,127.51,179.72
play,8,0,543454,,,K
play,8,0,573001,,,FC5/G.2X3(5),95.38,178.71
play,8,1,592311,,,43/G,128.51,169.68
play,8,1,571599,,,HP
play,8,1,598878,,,K+CS2
play,9,0,542503,,,K
play,9,0,519214,,,S8/L,119.48,98.39
play,9,0,542371,,,SB2
play,9,0,542371,,,K
play,9,0,594900,,,K
play,9,1,595212,,,NP
sub,594828,Evan Gattis,1,9,11
play,9,1,594828,,,43/G,145.58,167.67
play,9,1,547181,,,63/G,111.45,170.68
play,9,1,592743,,,63/G,107.43,162.65
id,DanAPP201008310
info,visteam,BurAPP
info,hometeam,DanAPP
info,date,2010/08/31
start,542371,Luis Piterson,0,1,4
start,542502,Adrian Martinez,0,2,6
start,573001,Gabe MacDougall,0,3,7
start,571461,Geoffrey Baldwin,0,4,3
start,524188,Yunior Figueroa,0,5,5
start,572935,Anthony Howard,0,6,9
start,542503,Edul Escobar,0,7,10
start,595379,Drew Robertson,0,8,2
start,519214,Derek Rodriguez,0,9,8
start,521835,Leonel Santiago,0,0,1
start,547181,Matt Lipka,1,1,6
start,598878,Keenan Wiley,1,2,9
start,571599,Jakob Dalfonso,1,3,5
start,595176,Ryan Delgado,1,4,10
start,592311,Kurt Fleming,1,5,8
start,594771,Cory Brownsten,1,6,2
start,517424,Alberto Odreman,1,7,3
start,594819,Kenny Fleming,1,8,7
start,573631,Fernando De Los Santos,1,9,4
start,543146,Kyle Farrell,1,0,1
play,1,0,542371,,,8/F,131.53,86.35
play,1,0,542502,,,63/G,108.43,161.65
play,1,0,573001,,,K
play,1,1,547181,,,8/F,153.61,90.36
play,1,1,598878,,,D9/G,191.77,127.51
play,1,1,571599,,,HP
play,1,1,595176,,,W.1-2;2-3
play,1,1,592311,,,3/PF,149.60,202.81
play,1,1,594771,,,WP.1-2;2-3;3-H
play,1,1,594771,,,D9/F.2-H;3-H,198.80,120.48
play,1,1,517424,,,D7/G.2-H,55.22,122.49
play,1,1,594819,,,T9/F.2-H,202.81,111.45
play,1,1,573631,,,8/F,128.51,68.27
play,2,0,571461,,,43/G,128.51,168.67
play,2,0,524188,,,K
play,2,0,572935,,,W
play,2,0,542503,,,S9/G.1-3,178.71,143.57
play,2,0,595379,,,63/G,114.46,166.67
play,2,1,547181,,,63/G,124.50,166.67
play,2,1,598878,,,13/G,130.52,186.75
play,2,1,571599,,,7/F,72.29,120.48
play,3,0,519214,,,63/G,116.47,165.66
play,3,0,542371,,,K
play,3,0,542502,,,S8/L,120.48,106.43
play,3,0,573001,,,CS2
play,3,1,595176,,,S7/G,81.33,135.54
play,3,1,592311,,,D9/F.1-3,197.79,114.46
play,3,1,594771,,,S9/L.2-3;3-H,170.68,142.57
play,3,1,517424,,,9/F,200.80,103.41
play,3,1,594819,,,S7/G.1-3(E7)(E7);3-H;B-2,69.28,124.50
play,3,1,573631,,,63/G.3-H,105.42,159.64
play,3,1,547181,,,63/G,111.45,161.65
play,4,0,573001,,,K
play,4,0,571461,,,K
play,4,0,524188,,,K
play,4,1,598878,,,NP
sub,592540,Justin Mazur,0,0,1
play,4,1,598878,,,K
play,4,1,571599,,,6/P,112.45,164.66
play,4,1,595176,,,K
play,5,0,572935,,,K
play,5,0,542503,,,S9/F,175.70,136.55
play,5,0,595379,,,K
play,5,0,519214,,,S8/L.1-2,133.53,116.47
play,5,0,542371,,,9/F,188.76,116.47
play,5,1,592311,,,NP
sub,594900,Michael Liberto,0,1,6
play,5,1,594771,,,NP
sub,542502,Adrian Martinez,0,2,4
play,5,1,592311,,,S7/F,62.25,118.47
play,5,1,594771,,,FC5/G.1X2(54);B-1,107.43,180.72
play,5,1,517424,,,9/F,192.77,120.48
play,5,1,594819,,,43/G,137.55,164.66
play,6,0,542502,,,NP
sub,595036,Dan Winnie,1,0,1
play,6,0,542502,,,8/F,146.59,94.38
play,6,0,573001,,,63/G,111.45,158.63
play,6,0,571461,,,S9/L,168.67,139.56
play,6,0,524188,,,43/G,137.55,169.68
play,6,1,573631,,,3/P,139.56,179.72
play,6,1,547181,,,6/P,124.50,158.63
play,6,1,598878,,,7/F,75.30,136.55
play,7,0,572935,,,K
play,7,0,542503,,,6/P,111.45,157.63
play,7,0,595379,,,53/G,99.40,176.71
play,7,1,571599,,,8/F,126.51,82.33
play,7,1,595176,,,NP
sub,594828,Evan Gattis,1,4,11
play,7,1,594828,,,S8/L,118.47,106.43
play,7,1,592311,,,S9/L.1-2,183.73,139.56
play,7,1,594771,,,D7/G.1-H;2-H,44.18,121.49
play,7,1,517424,,,D8/F.2-H,133.53,75.30
play,7,1,594819,,,NP
sub,571709,Michael Giovenco,0,0,1
play,7,1,594819,,,K
play,7,1,573631,,,WP.2-3
play,7,1,573631,,,W
play,7,1,547181,,,S5/G.1-2;3-H,104.42,180.72
play,7,1,598878,,,K
play,8,0,519214,,,NP
sub,594828,Evan Gattis,1,4,10
play,8,0,594900,,,NP
sub,592786,Matthew Suschak,1,0,1
play,8,0,519214,,,K23
play,8,0,594900,,,43/G,128.51,163.65
play,8,0,542502,,,63/G,117.47,148.59
play,8,1,571599,,,W
play,8,1,594828,,,16(1)3/GDP/G1,126.51,183.73
play,8,1,592311,,,K
play,9,0,573001,,,NP
sub,542562,Edigson Mora,1,0,1
play,9,0,573001,,,63/G,117.47,157.63
play,9,0,571461,,,D7/L,49.20,111.45
play,9,0,524188,,,K
play,9,0,572935,,,43/G,137.55,156.63
id,EliAPP201006250
info,visteam,KinAPP
info,hometeam,EliAPP
info,date,2010/06/25
start,572897,ZeErika McQueen,0,1,8
start,592725,Justin Schafer,0,2,6
start,573669,Aderlin Rodriguez,0,3,5
start,502095,Lucas Stewart,0,4,10
start,544938,Albert Cordero,0,5,2
start,543710,Javier Rodriguez,0,6,9
start,516941,Eddie Lora,0,7,3
start,573153,John Semel,0,8,7
start,514914,Ray Van Gurp,0,9,4
start,592560,Brett Mitchell,0,0,1
start,475774,Gunner Glad,1,1,5
start,594973,Lance Ray,1,2,3
start,542455,Oswaldo Arcia,1,3,9
start,592184,Brian Burke,1,4,10
start,543611,Daniel Ortiz,1,5,7
start,594896,Andy Leer,1,6,6
start,571972,Buddy Munroe,1,7,2
start,527033,Hyeong-rok Choi,1,8,4
start,594854,Brandon Henderson,1,9,8
start,516614,Manuel Soliman,1,0,1
play,1,0,572897,,,S9/L,188.76,127.51
play,1,0,592725,,,SB2
play,1,0,592725,,,K
play,1,0,573669,,,W
play,1,0,502095,,,K
play,1,0,544938,,,WP.2-3
play,1,0,544938,,,13/G,126.51,192.77
play,1,1,475774,,,K23
play,1,1,594973,,,S8/L,95.38,122.49
play,1,1,542455,,,W.1-2
play,1,1,592184,,,K
play,1,1,543611,,,K
play,2,0,543710,,,S8/G,97.39,100.40
play,2,0,516941,,,SB2
play,2,0,516941,,,K
play,2,0,573153,,,CS3
play,2,0,573153,,,K
play,2,1,594896,,,S9/L,174.70,123.49
play,2,1,571972,,,S7/G.1-3,69.28,124.50
play,2,1,527033,,,6(1)3/G6/GDP.3-H,114.46,161.65
play,2,1,594854,,,K
play,3,0,514914,,,S8/L,114.46,105.42
play,3,0,572897,,,S7/L.1-3,80.32,124.50
play,3,0,592725,,,S7/F.1-H;3-H;B-2,92.37,137.55
play,3,0,573669,,,W
play,3,0,502095,,,W.1-2;2-3
play,3,0,544938,,,8/SF.2-3;3-H,109.44,64.26
play,3,0,543710,,,PO?(E?).1-3;3-H
play,3,0,543710,,,8/SF.3-H,131.53,70.28
play,3,0,516941,,,K
play,3,1,475774,,,6/P,110.44,157.63
play,3,1,594973,,,S9/L,151.61,124.50
play,3,1,542455,,,K
play,3,1,592184,,,FC6/G.1X2(64),104.42,166.67
play,4,0,573153,,,NP
sub,501717,Jean Mijares,1,0,1
play,4,0,573153,,,23/BG,124.50,203.82
play,4,0,514914,,,43/G,142.57,162.65
play,4,0,572897,,,W
play,4,0,592725,,,SB2
play,4,0,592725,,,4/P,151.61,166.67
play,4,1,543611,,,3/G,145.58,179.72
play,4,1,594896,,,K
play,4,1,571972,,,13/G,125.50,193.78
play,5,0,573669,,,HR/F,214.86,54.22
play,5,0,502095,,,HP
play,5,0,544938,,,8/F,129.52,99.40
play,5,0,543710,,,W.1-2
play,5,0,516941,,,W.1-2;2-3
play,5,0,573153,,,9/FF,190.76,151.61
play,5,0,514914,,,S7/G.1X3;2-H;3-H,63.25,120.48
play,5,1,527033,,,K
play,5,1,594854,,,K23
play,5,1,475774,,,3/PF,153.61,197.79
play,6,0,572897,,,S7/G,64.26,127.51
play,6,0,592725,,,54(1)3/GDP/G5,108.43,176.71
play,6,0,573669,,,E5/TH,114.46,177.71
play,6,0,502095,,,8/F,124.50,98.39
play,6,1,594973,,,NP
sub,502368,Jeffrey Walters,0,0,1
play,6,1,594973,,,D7/F,74.30,89.36
play,6,1,542455,,,HP
play,6,1,592184,,,E4.1-3;2-H,141.57,164.66
play,6,1,543611,,,3/PF,146.59,203.82
play,6,1,594896,,,S8/L.1-3(E8)(E8);3-H;B-2,122.49,124.50
play,6,1,571972,,,PO?(E?).2-3;3-H
play,6,1,571972,,,43/G.3-H,136.55,178.71
play,6,1,527033,,,S8/G,117.47,107.43
play,6,1,594854,,,K
play,7,0,544938,,,NP
sub,572809,Clinton Dempster,1,0,1
play,7,0,544938,,,D7/L,52.21,112.45
play,7,0,543710,,,E5,106.43,177.71
play,7,0,516941,,,W.1-2;2-3
play,7,0,573153,,,K
play,7,0,514914,,,S9/G.1-2;2-3;3-H,171.69,129.52
play,7,0,572897,,,W.1-2;2-3;3-H
play,7,0,592725,,,FC5/G.1X2(54);2-H;3-H;B-1(E4/TH),104.42,178.71
play,7,0,573669,,,S6/G.1-3,108.43,161.65
play,7,0,502095,,,S9/L.1-3;3-H,194.78,121.49
play,7,0,544938,,,K
play,7,1,475774,,,K
play,7,1,594973,,,5/L,107.43,175.70
play,7,1,542455,,,S8/L,119.48,108.43
play,7,1,592184,,,WP.1-2
play,7,1,592184,,,K
play,8,0,543710,,,NP
sub,572155,Sam Spangler,1,0,1
play,8,0,543710,,,W
play,8,0,516941,,,43/G.1-2,148.59,157.63
play,8,0,573153,,,K
play,8,0,514914,,,WP.2-3
play,8,0,514914,,,WP.3-H
play,8,0,514914,,,W
play,8,0,572897,,,S4/G.1-2,148.59,162.65
play,8,0,592725,,,S7/L.1-2;2-3,83.33,130.52
play,8,0,573669,,,FC4/G.1X2(46),145.58,163.65
play,8,1,543611,,,HR/F,238.96,48.19
play,8,1,594896,,,W
play,8,1,571972,,,NP
sub,516790,Samuel Taveras,0,0,1
play,8,1,571972,,,S9/G.1-2,168.67,128.51
play,8,1,527033,,,K
play,8,1,594854,,,K
play,8,1,475774,,,E5.1-2;2-3,104.42,177.71
play,8,1,594973,,,31/G,148.59,172.69
play,9,0,502095,,,NP
sub,592382,Matthew Hauser,1,0,1
play,9,0,502095,,,NP
sub,541603,Ismael Tijerina,0,4,11
play,9,0,541603,,,K
play,9,0,544938,,,NP
sub,542550,Amauris Valdez,0,5,11
play,9,0,542550,,,S6/G,108.43,164.66
play,9,0,543710,,,W.1-2
play,9,0,516941,,,K
play,9,0,573153,,,S3/G.1-2;2-3,153.61,179.72
play,9,0,514914,,,W.1-2;2-3;3-H
play,9,0,572897,,,FC6/G.1X2(64),104.42,168.67
play,9,1,542455,,,NP
sub,541603,Ismael Tijerina,0,4,10
play,9,1,592184,,,NP
sub,542550,Amauris Valdez,0,5,2
play,9,1,542455,,,S8/L,130.52,95.38
play,9,1,592184,,,K
play,9,1,543611,,,WP.1-2
play,9,1,543611,,,43/G.2-3,0.00,0.00
play,9,1,594896,,,63/G,110.44,163.65
id,EliAPP201006260
info,visteam,KinAPP
info,hometeam,EliAPP
info,date,2010/06/26
start,572897,ZeErika McQueen,0,1,8
start,592725,Justin Schafer,0,2,6
start,573669,Aderlin Rodriguez,0,3,5
start,502095,Lucas Stewart,0,4,3
start,544938,Albert Cordero,0,5,10
start,543710,Javier Rodriguez,0,6,9
start,572284,Nelfi Zapata,0,7,2
start,543317,Charles Hinojosa,0,8,7
start,514914,Ray Van Gurp,0,9,4
start,594798,Jacob DeGrom,0,0,1
start,594849,Jamaal Hawkins,1,1,6
start,475774,Gunner Glad,1,2,4
start,542455,Oswaldo Arcia,1,3,9
start,571861,Kyle Knudson,1,4,10
start,594973,Lance Ray,1,5,3
start,543611,Daniel Ortiz,1,6,7
start,594896,Andy Leer,1,7,5
start,516612,Jhonatan Arias,1,8,2
start,594854,Brandon Henderson,1,9,8
start,517372,Martire Garcia,1,0,1
play,1,0,572897,,,K
play,1,0,592725,,,D7/G,43.17,125.50
play,1,0,573669,,,CS3
play,1,0,573669,,,S8/L,105.42,120.48
play,1,0,502095,,,WP.1-2
play,1,0,502095,,,K
play,1,1,594849,,,S9/G,155.62,139.56
play,1,1,475774,,,SB2
play,1,1,475774,,,K
play,1,1,542455,,,D8/L.2-H,143.57,103.41
play,1,1,571861,,,K
play,1,1,594973,,,K
play,2,0,544938,,,K
play,2,0,543710,,,S8/G,104.42,138.55
play,2,0,572284,,,4/P,138.55,161.65
play,2,0,543317,,,53/G,101.41,179.72
play,2,1,543611,,,HR/L,38.15,51.20
play,2,1,594896,,,13/G,133.53,187.75
play,2,1,516612,,,S1/G,125.50,195.78
play,2,1,594854,,,K
play,2,1,594849,,,S7/L.1-2,96.39,122.49
play,2,1,475774,,,3/P,150.60,181.73
play,3,0,514914,,,53/G,104.42,180.72
play,3,0,572897,,,K
play,3,0,592725,,,8/F,159.64,103.41
play,3,1,542455,,,S7/L,68.27,104.42
play,3,1,571861,,,S8/L.1-3,127.51,102.41
play,3,1,594973,,,E3.1-2;3-H,141.57,182.73
play,3,1,543611,,,K
play,3,1,594896,,,S9/L.1-2;2-3,177.71,136.55
play,3,1,516612,,,S9/L.1-2;2-3;3-H,153.61,152.61
play,3,1,594854,,,S7/G.1-2;2-3;3-H,99.40,143.57
play,3,1,594849,,,NP
sub,541596,Jhonathan Torres,0,0,1
play,3,1,594849,,,K
play,3,1,475774,,,K
play,4,0,573669,,,9/FF,176.71,172.69
play,4,0,502095,,,S7/F,90.36,132.53
play,4,0,544938,,,46(1)3/GDP/G4,136.55,167.67
play,4,1,542455,,,S8/L,134.54,120.48
play,4,1,571861,,,POCS2(136)
play,4,1,571861,,,K
play,4,1,594973,,,K
play,5,0,543710,,,W
play,5,0,572284,,,K
play,5,0,543317,,,W.1-2
play,5,0,514914,,,K
play,5,0,572897,,,FC6/G.1X2(64),99.40,171.69
play,5,1,543611,,,S9/L,178.71,119.48
play,5,1,594896,,,PO1(E?).1-2
play,5,1,594896,,,9/F,166.67,115.46
play,5,1,516612,,,W
play,5,1,594854,,,K
play,5,1,594849,,,S9/F.1-3;2-H,181.73,134.54
play,5,1,475774,,,3/PF,155.62,194.78
play,6,0,592725,,,9/F,193.78,120.48
play,6,0,573669,,,K
play,6,0,502095,,,W
play,6,0,544938,,,K
play,6,1,542455,,,HP
play,6,1,571861,,,D7/L.1-3,52.21,121.49
play,6,1,594973,,,WP.2-3;3-H
play,6,1,594973,,,5/P,83.33,156.63
play,6,1,543611,,,7/SF.3-H,86.35,95.38
play,6,1,594896,,,53/G,93.37,185.74
play,7,0,543710,,,NP
sub,518701,Nelvin Fuentes,1,0,1
play,7,0,543710,,,E6,103.41,166.67
play,7,0,572284,,,8/F,149.60,103.41
play,7,0,543317,,,K
play,7,0,514914,,,S7/L.1-2,96.39,118.47
play,7,0,572897,,,8/F,138.55,98.39
play,7,1,516612,,,NP
sub,500783,Orlando Tovar,0,0,1
play,7,1,516612,,,8/F,109.44,113.45
play,7,1,594854,,,K
play,7,1,594849,,,3/G,138.55,183.73
play,8,0,592725,,,K
play,8,0,573669,,,53/G,97.39,178.71
play,8,0,502095,,,HP
play,8,0,544938,,,S8/G.1-2,130.52,136.55
play,8,0,543710,,,K
play,8,1,475774,,,K
play,8,1,542455,,,K
play,8,1,571861,,,K
play,9,0,572284,,,NP
sub,573624,Zach See,1,0,1
play,9,0,572284,,,S4/G,147.59,160.64
play,9,0,543317,,,E6.1-2,114.46,168.67
play,9,0,514914,,,K
play,9,0,572897,,,S4/G.1-2;2-3,141.57,167.67
play,9,0,592725,,,K
play,9,0,573669,,,63/G,99.40,166.67
id,EliAPP201006270
info,visteam,KinAPP
info,hometeam,EliAPP
info,date,2010/06/27
start,572897,ZeErika McQueen,0,1,8
start,592725,Justin Schafer,0,2,10
start,573669,Aderlin Rodriguez,0,3,5
start,572284,Nelfi Zapata,0,4,2
start,502402,Brandon Brown,0,5,6
start,516941,Eddie Lora,0,6,3
start,573153,John Semel,0,7,9
start,543317,Charles Hinojosa,0,8,7
start,541603,Ismael Tijerina,0,9,4
start,542674,Gonzalez Germen,0,0,1
start,594849,Jamaal Hawkins,1,1,6
start,594973,Lance Ray,1,2,9
start,542455,Oswaldo Arcia,1,3,8
start,571861,Kyle Knudson,1,4,10
start,543611,Daniel Ortiz,1,5,7
start,594896,Andy Leer,1,6,5
start,592184,Brian Burke,1,7,3
start,516612,Jhonatan Arias,1,8,2
start,527033,Hyeong-rok Choi,1,9,4
start,542565,Adrian Salcedo,1,0,1
play,1,0,572897,,,K
play,1,0,592725,,,63/G,115.46,178.71
play,1,0,573669,,,53/G,106.43,175.70
play,1,1,594849,,,S8/G,105.42,89.36
play,1,1,594973,,,13/SH.1-2,123.49,192.77
play,1,1,542455,,,S8/G.2-H,113.45,76.31
play,1,1,571861,,,S7/G.1-2,59.24,123.49
play,1,1,placeholder,,,PO?(E?).1-2;2-3
play,1,1,543611,,,9/SF.2-3;3-H,180.72,128.51
play,1,1,594896,,,S8/G.3-H,145.58,92.37
play,1,1,592184,,,9/F,185.74,121.49
play,2,0,572284,,,63/G,105.42,177.71
play,2,0,502402,,,S8/G,121.49,82.33
play,2,0,516941,,,PB.1-2
play,2,0,516941,,,K
play,2,0,573153,,,53/G,108.43,192.77
play,2,1,516612,,,7/F,67.27,112.45
play,2,1,527033,,,43/G,127.51,176.71
play,2,1,594849,,,S8/L,102.41,85.34
play,2,1,594973,,,S6/G.1-2,113.45,170.68
play,2,1,542455,,,9/F,170.68,130.52
play,3,0,543317,,,K
play,3,0,541603,,,D9/L,190.76,108.43
play,3,0,572897,,,63/G.2-3,114.46,176.71
play,3,0,592725,,,K
play,3,1,571861,,,53/G,112.45,181.73
play,3,1,543611,,,K
play,3,1,594896,,,63/G,119.48,168.67
play,4,0,573669,,,9/F,162.65,120.48
play,4,0,572284,,,13/G,124.50,189.76
play,4,0,502402,,,53/G,100.40,188.76
play,4,1,592184,,,63/G,106.43,171.69
play,4,1,516612,,,K
play,4,1,527033,,,S7/G,80.32,125.50
play,4,1,594849,,,K
play,5,0,516941,,,K
play,5,0,573153,,,63/G,114.46,173.69
play,5,0,543317,,,K
play,5,1,594973,,,7/F,74.30,117.47
play,5,1,542455,,,31/G,145.58,188.76
play,5,1,571861,,,8/F,106.43,80.32
play,6,0,541603,,,K
play,6,0,572897,,,K
play,6,0,592725,,,W
play,6,0,573669,,,SB2
play,6,0,573669,,,53/G,101.41,186.75
play,6,1,543611,,,S8/F,105.42,62.25
play,6,1,594896,,,D7/L.1-3,61.24,114.46
play,6,1,592184,,,K
play,6,1,516612,,,S7/G.2-3;3-H,57.23,115.46
play,6,1,527033,,,9/SF.3-H,178.71,140.56
play,6,1,594849,,,NP
sub,451699,Richard Pena,0,0,1
play,6,1,594849,,,5/L,104.42,180.72
play,7,0,572284,,,D8/L,128.51,93.37
play,7,0,502402,,,7/L,76.31,118.47
play,7,0,516941,,,K
play,7,0,573153,,,WP.2-3
play,7,0,573153,,,9/F,167.67,132.53
play,7,1,594973,,,NP
sub,592473,Adam Kolarek,0,0,1
play,7,1,594973,,,53/G,115.46,190.76
play,7,1,542455,,,W
play,7,1,571861,,,13/G.1-2,127.51,188.76
play,7,1,543611,,,PO2(E?).2-3
play,7,1,543611,,,W
play,7,1,594896,,,HR/F.1-H;3-H,14.06,76.31
play,7,1,592184,,,K
play,8,0,543317,,,NP
sub,544380,Andrei Lobanov,1,0,1
play,8,0,543317,,,K23
play,8,0,541603,,,K
play,8,0,572897,,,K
play,8,1,516612,,,NP
sub,595027,Michael Weldon,0,0,1
play,8,1,516612,,,K
play,8,1,527033,,,S9/L,158.63,141.57
play,8,1,594849,,,1(B)13()/LDP.1X1,126.51,189.76
play,9,0,592725,,,8/F,129.52,93.37
play,9,0,573669,,,NP
sub,542550,Amauris Valdez,0,3,11
play,9,0,542550,,,S9/L,160.64,113.45
play,9,0,572284,,,4/P,128.51,166.67
play,9,0,502402,,,3/P,150.60,182.73
id,EliAPP201007010
info,visteam,JohAPP
info,hometeam,EliAPP
info,date,2010/07/01
start,594824,Greg Garcia,0,1,4
start,551750,Cesar Valera,0,2,6
start,592774,Cody Stanley,0,3,2
start,595158,Philip Cerreto,0,4,10
start,501223,David Medina,0,5,3
start,521091,Romulo Ruiz,0,6,5
start,570805,Oscar Taveras,0,7,8
start,518802,Virgil Hill,0,8,9
start,572265,Reggie Williams,0,9,7
start,595031,Boone Whiting,0,0,1
start,594849,Jamaal Hawkins,1,1,6
start,594973,Lance Ray,1,2,9
start,542455,Oswaldo Arcia,1,3,8
start,571861,Kyle Knudson,1,4,10
start,543611,Daniel Ortiz,1,5,7
start,594896,Andy Leer,1,6,5
start,592184,Brian Burke,1,7,3
start,516612,Jhonatan Arias,1,8,2
start,527033,Hyeong-rok Choi,1,9,4
start,517372,Martire Garcia,1,0,1
play,1,0,594824,,,S9/L,161.65,152.61
play,1,0,551750,,,PB.1-2
play,1,0,551750,,,4/L,139.56,160.64
play,1,0,592774,,,4(B)46(2)/LDP,143.57,164.66
play,1,1,594849,,,63/G,106.43,164.66
play,1,1,594973,,,K
play,1,1,542455,,,K
play,2,0,595158,,,43/G,140.56,160.64
play,2,0,501223,,,K
play,2,0,521091,,,W
play,2,0,570805,,,K
play,2,1,571861,,,K
play,2,1,543611,,,K
play,2,1,594896,,,K+WP.B-1
play,2,1,592184,,,SB2
play,2,1,592184,,,K23
play,3,0,518802,,,8/F,122.49,100.40
play,3,0,572265,,,K
play,3,0,594824,,,S6/G,110.44,159.64
play,3,0,551750,,,5/L,106.43,182.73
play,3,1,516612,,,5/P,109.44,176.71
play,3,1,527033,,,K
play,3,1,594849,,,8/F,131.53,78.31
play,4,0,592774,,,K23
play,4,0,595158,,,HR/F,176.71,38.15
play,4,0,501223,,,HR/F,122.49,18.07
play,4,0,521091,,,K
play,4,0,570805,,,K
play,4,1,594973,,,3/G,140.56,178.71
play,4,1,542455,,,S8/G,126.51,104.42
play,4,1,571861,,,E3/TH.1-3,145.58,177.71
play,4,1,543611,,,8/F.1-2(E2/TH);3-H,141.57,79.32
play,4,1,594896,,,K23
play,5,0,518802,,,W
play,5,0,572265,,,K
play,5,0,594824,,,CS2
play,5,0,594824,,,K23
play,5,1,592184,,,K
play,5,1,516612,,,HR/L,32.13,70.28
play,5,1,527033,,,K
play,5,1,594849,,,8/F,124.50,103.41
play,6,0,551750,,,E6,108.43,163.65
play,6,0,592774,,,64(1)3/GDP/G6,104.42,166.67
play,6,0,595158,,,43/G,138.55,165.66
play,6,1,594973,,,NP
sub,595342,Jeff Nadeau,0,0,1
play,6,1,594973,,,S6/G,107.43,164.66
play,6,1,542455,,,K+WP.1-2
play,6,1,571861,,,53/G,108.43,180.72
play,6,1,543611,,,E3.2-H,122.49,188.76
play,6,1,594896,,,WP.1-2
play,6,1,594896,,,43/G,138.55,166.67
play,7,0,501223,,,NP
sub,518701,Nelvin Fuentes,1,0,1
play,7,0,501223,,,7/F,67.27,103.41
play,7,0,521091,,,8/F,121.49,87.35
play,7,0,570805,,,K
play,7,1,592184,,,43/G,135.54,164.66
play,7,1,516612,,,K
play,7,1,527033,,,53/G,104.42,177.71
play,8,0,518802,,,K
play,8,0,572265,,,K
play,8,0,594824,,,8/F,146.59,64.26
play,8,1,594849,,,K
play,8,1,594973,,,E3,139.56,180.72
play,8,1,542455,,,SB2
play,8,1,542455,,,S1/G.2-3,121.49,191.77
play,8,1,571861,,,64(1)3/GDP/G6,103.41,159.64
play,9,0,551750,,,K
play,9,0,592774,,,13/G,126.51,188.76
play,9,0,595158,,,K
id,EliAPP201007020
info,visteam,JohAPP
info,hometeam,EliAPP
info,date,2010/07/02
start,551750,Cesar Valera,0,1,6
start,595023,Colin Walsh,0,2,10
start,592774,Cody Stanley,0,3,2
start,595158,Philip Cerreto,0,4,9
start,500675,Kleininger Teran,0,5,3
start,571641,Christopher Edmondson,0,6,7
start,521091,Romulo Ruiz,0,7,5
start,570805,Oscar Taveras,0,8,8
start,592286,Patrick Elkins,0,9,4
start,595166,Ryan Copeland,0,0,1
start,594849,Jamaal Hawkins,1,1,6
start,594973,Lance Ray,1,2,9
start,542455,Oswaldo Arcia,1,3,8
start,571861,Kyle Knudson,1,4,2
start,594896,Andy Leer,1,5,5
start,543611,Daniel Ortiz,1,6,7
start,592184,Brian Burke,1,7,3
start,571972,Buddy Munroe,1,8,10
start,475774,Gunner Glad,1,9,4
start,542565,Adrian Salcedo,1,0,1
play,1,0,551750,,,K
play,1,0,595023,,,S7/L,81.33,143.57
play,1,0,592774,,,K
play,1,0,595158,,,K
play,1,1,594849,,,K
play,1,1,594973,,,W
play,1,1,542455,,,E6.1-2,110.44,172.69
play,1,1,571861,,,FC5/G.1-2;2X3(5);B-1,101.41,180.72
play,1,1,594896,,,S7/G.1-2;2-H,82.33,140.56
play,1,1,543611,,,K
play,2,0,500675,,,7/F,60.24,114.46
play,2,0,571641,,,HP
play,2,0,521091,,,7/F,62.25,118.47
play,2,0,570805,,,D7/L.1-3,42.17,117.47
play,2,0,592286,,,S4/G.2-H;3-H,135.54,163.65
play,2,0,551750,,,4/P,134.54,169.68
play,2,1,592184,,,53/G,103.41,179.72
play,2,1,571972,,,53/G,106.43,184.74
play,2,1,475774,,,8/F,137.55,92.37
play,3,0,595023,,,K
play,3,0,592774,,,K
play,3,0,595158,,,43/G,138.55,170.68
play,3,1,594849,,,8/F,120.48,104.42
play,3,1,594973,,,S3/G,128.51,198.80
play,3,1,542455,,,46(1)3/GDP/G4,135.54,172.69
play,4,0,500675,,,S8/G,118.47,138.55
play,4,0,571641,,,D7/L.1-3,59.24,132.53
play,4,0,521091,,,S8/F.2-3;3-H,122.49,142.57
play,4,0,570805,,,FC4/G.1X2(4);3-H;B-1,129.52,167.67
play,4,0,592286,,,SB2
play,4,0,592286,,,K
play,4,0,551750,,,43/G,142.57,175.70
play,4,1,571861,,,53/G,107.43,176.71
play,4,1,594896,,,K
play,4,1,543611,,,13/G,128.51,189.76
play,5,0,595023,,,K
play,5,0,592774,,,7/F,69.28,130.52
play,5,0,595158,,,43/G,135.54,166.67
play,5,1,592184,,,43/G,133.53,170.68
play,5,1,571972,,,13/BG,126.51,202.81
play,5,1,475774,,,K
play,6,0,500675,,,7/F,74.30,125.50
play,6,0,571641,,,4/P,138.55,151.61
play,6,0,521091,,,S7/F,97.39,153.61
play,6,0,570805,,,S7/F.1-2,91.37,144.58
play,6,0,592286,,,K
play,6,1,594849,,,NP
sub,571772,Hector Hernandez,0,0,1
play,6,1,594849,,,K+WP.B-1
play,6,1,594973,,,S9/L.1-2,155.62,143.57
play,6,1,542455,,,K
play,6,1,571861,,,D9/L.1-3;2-H,205.82,120.48
play,6,1,594896,,,3/G,144.58,186.75
play,6,1,543611,,,K
play,7,0,551750,,,NP
sub,501717,Jean Mijares,1,0,1
play,7,0,551750,,,K
play,7,0,595023,,,S7/L,84.34,152.61
play,7,0,592774,,,S7/L.1X3,77.31,142.57
play,7,0,595158,,,53/G,106.43,179.72
play,7,1,592184,,,NP
sub,518802,Virgil Hill,0,4,7
play,7,1,571972,,,NP
sub,542465,Roberto Reyes,0,6,9
play,7,1,592184,,,D7/L,44.18,115.46
play,7,1,571972,,,K
play,7,1,475774,,,D7/L.2-H,47.19,119.48
play,7,1,594849,,,WP.2-3
play,7,1,594849,,,K
play,7,1,594973,,,3/G,138.55,182.73
play,8,0,500675,,,S8/L,122.49,142.57
play,8,0,542465,,,16(1)3/GDP/G1,125.50,187.75
play,8,0,521091,,,W
play,8,0,570805,,,NP
sub,594824,Greg Garcia,0,7,12
play,8,0,570805,,,K
play,8,1,542455,,,NP
sub,594824,Greg Garcia,0,7,4
play,8,1,571861,,,NP
sub,592286,Patrick Elkins,0,9,5
play,8,1,542455,,,K
play,8,1,571861,,,NP
sub,592515,Aidan Lucas,0,0,1
play,8,1,571861,,,63/G,118.47,167.67
play,8,1,594896,,,K
play,9,0,592286,,,K
play,9,0,551750,,,53/G,106.43,175.70
play,9,0,595023,,,4/P,151.61,159.64
play,9,1,543611,,,NP
sub,523489,Hector Corpas,0,0,1
play,9,1,543611,,,6/P,100.40,153.61
play,9,1,592184,,,53/G,106.43,180.72
play,9,1,571972,,,63/G,114.46,169.68
id,EliAPP201007100
info,visteam,BriAPP
info,hometeam,EliAPP
info,date,2010/07/10
start,543388,Jordan Keegan,0,1,7
start,594895,Drew Lee,0,2,4
start,506999,John Spatola,0,3,9
start,542941,Daniel Black,0,4,3
start,594990,Michael Schwartz,0,5,10
start,573135,Tyler Saladino,0,6,6
start,592660,Rangel Ravelo,0,7,5
start,555543,Chase Blackwood,0,8,2
start,596881,Qualon Millender,0,9,8
start,595473,Robert Young,0,0,1
start,542454,Daniel Santana,1,1,6
start,475774,Gunner Glad,1,2,9
start,542455,Oswaldo Arcia,1,3,8
start,594896,Andy Leer,1,4,5
start,571861,Kyle Knudson,1,5,10
start,543611,Daniel Ortiz,1,6,7
start,592184,Brian Burke,1,7,3
start,571972,Buddy Munroe,1,8,2
start,527033,Hyeong-rok Choi,1,9,4
start,516614,Manuel Soliman,1,0,1
play,1,0,543388,,,63/G,121.49,180.72
play,1,0,594895,,,K
play,1,0,506999,,,3/G,151.61,181.73
play,1,1,542454,,,43/G,133.53,177.71
play,1,1,475774,,,S8/L,110.44,96.39
play,1,1,placeholder,,,PO1(E?).1-3
play,1,1,542455,,,53/G,107.43,181.73
play,1,1,594896,,,K
play,2,0,542941,,,S7/L,89.36,124.50
play,2,0,594990,,,K
play,2,0,573135,,,K
play,2,0,592660,,,13/G,128.51,188.76
play,2,1,571861,,,K
play,2,1,543611,,,13/G,123.49,194.78
play,2,1,592184,,,43/G,131.53,181.73
play,3,0,555543,,,K
play,3,0,596881,,,K
play,3,0,543388,,,5/PF,97.39,198.80
play,3,1,571972,,,K
play,3,1,527033,,,W
play,3,1,542454,,,S8/G.1-2,137.55,88.35
play,3,1,475774,,,K
play,3,1,542455,,,T9/L.1-H;2-H,174.70,130.52
play,3,1,594896,,,S8/L.3-H,138.55,89.36
play,3,1,571861,,,43/G,131.53,172.69
play,4,0,594895,,,K
play,4,0,506999,,,D8/L,141.57,69.28
play,4,0,542941,,,8/F,122.49,69.28
play,4,0,594990,,,W
play,4,0,573135,,,K
play,4,1,543611,,,5/P,109.44,186.75
play,4,1,592184,,,S8/L,168.67,90.36
play,4,1,571972,,,D9/F.1-3,167.67,117.47
play,4,1,527033,,,S8/F.2-3;3-H,120.48,104.42
play,4,1,542454,,,FC5/G.1X2(54);3-H;B-1,109.44,190.76
play,4,1,475774,,,S8/L.1-3,133.53,72.29
play,4,1,542455,,,WP.1-2
play,4,1,542455,,,43/G,146.59,173.69
play,5,0,592660,,,S9/L,156.63,146.59
play,5,0,555543,,,8/F,114.46,100.40
play,5,0,596881,,,OA.1X2(26)
play,5,0,596881,,,K
play,5,1,594896,,,NP
sub,572837,Austin Evans,0,0,1
play,5,1,594896,,,D8/F,112.45,72.29
play,5,1,571861,,,PB.2-3
play,5,1,571861,,,HP
play,5,1,543611,,,46(1)3/GDP/G4.3-H,139.56,173.69
play,5,1,592184,,,K
play,6,0,543388,,,W
play,6,0,594895,,,WP.1-2
play,6,0,594895,,,K
play,6,0,506999,,,NP
sub,518701,Nelvin Fuentes,1,0,1
play,6,0,506999,,,K23.2-3
play,6,0,542941,,,W
play,6,0,594990,,,D9/F.1-3;3-H,173.69,119.48
play,6,0,573135,,,NP
sub,493556,David Gutierrez,1,0,1
play,6,0,573135,,,W
play,6,0,592660,,,FC6/G.2X3(65),105.42,179.72
play,6,1,571972,,,13/G,123.49,188.76
play,6,1,527033,,,K
play,6,1,542454,,,43/G,133.53,162.65
play,7,0,555543,,,HP
play,7,0,596881,,,K+WP.1-2
play,7,0,543388,,,S8/F.2-3,121.49,105.42
play,7,0,594895,,,9/F,171.69,132.53
play,7,0,506999,,,8/F,114.46,110.44
play,7,1,475774,,,NP
sub,562366,Richard Marshall,0,0,1
play,7,1,475774,,,3/P,142.57,183.73
play,7,1,542455,,,S8/F.B-2(E8),117.47,99.40
play,7,1,594896,,,W
play,7,1,571861,,,HR/L.1-H;2-H,77.31,49.20
play,7,1,543611,,,K
play,7,1,592184,,,K
play,8,0,542941,,,3/G,147.59,188.76
play,8,0,594990,,,63/G,114.46,178.71
play,8,0,573135,,,NP
sub,592715,Bradley Salgado,0,6,11
play,8,0,592715,,,3/P,152.61,173.69
play,8,1,571972,,,NP
sub,592715,Bradley Salgado,0,6,6
play,8,1,527033,,,NP
sub,596882,Marcus Spencer,0,9,8
play,8,1,542454,,,NP
sub,519170,Kevin Rath,0,0,1
play,8,1,571972,,,K
play,8,1,527033,,,K
play,8,1,542454,,,E6/TH.B-2,119.48,169.68
play,8,1,475774,,,9/F,163.65,109.44
play,9,0,592660,,,8/F,131.53,93.37
play,9,0,555543,,,NP
sub,594948,Sean O'Connell,0,8,11
play,9,0,594948,,,3/G,151.61,178.71
play,9,0,596882,,,S8/L,112.45,108.43
play,9,0,543388,,,DI.1-2
play,9,0,543388,,,31/G,148.59,179.72
id,EliAPP201007110
info,visteam,BriAPP
info,hometeam,EliAPP
info,date,2010/07/11
start,543388,Jordan Keegan,0,1,8
start,573135,Tyler Saladino,0,2,6
start,594895,Drew Lee,0,3,4
start,542941,Daniel Black,0,4,3
start,555543,Chase Blackwood,0,5,2
start,592660,Rangel Ravelo,0,6,5
start,592715,Bradley Salgado,0,7,10
start,596880,J. D. Ashbrook,0,8,9
start,596882,Marcus Spencer,0,9,7
start,502593,Jacob Petricka,0,0,1
start,542454,Daniel Santana,1,1,6
start,475774,Gunner Glad,1,2,9
start,542455,Oswaldo Arcia,1,3,8
start,594896,Andy Leer,1,4,5
start,543611,Daniel Ortiz,1,5,7
start,571861,Kyle Knudson,1,6,2
start,573121,Nathaniel Roberts,1,7,10
start,592184,Brian Burke,1,8,3
start,594849,Jamaal Hawkins,1,9,4
start,517372,Martire Garcia,1,0,1
play,1,0,543388,,,K
play,1,0,573135,,,S9/F,170.68,83.33
play,1,0,594895,,,S7/L.1-2,64.26,103.41
play,1,0,542941,,,K
play,1,0,555543,,,K
play,1,1,542454,,,6/L,123.49,146.59
play,1,1,475774,,,13/G,116.47,181.73
play,1,1,542455,,,K23
play,2,0,592660,,,K
play,2,0,592715,,,63/G,115.46,159.64
play,2,0,596880,,,53/G,94.38,182.73
play,2,1,594896,,,53/G,107.43,167.67
play,2,1,543611,,,31/G,161.65,164.66
play,2,1,571861,,,K
play,3,0,596882,,,K
play,3,0,543388,,,S8/L,118.47,82.33
play,3,0,573135,,,WP.1-2
play,3,0,573135,,,8/F,86.35,69.28
play,3,0,594895,,,K
play,3,1,573121,,,D7/F,68.27,105.42
play,3,1,592184,,,S9/L.2-3,186.75,96.39
play,3,1,594849,,,FC6/G.1X2(64);3-H;B-1,103.41,159.64
play,3,1,542454,,,S5/BG.1-2,128.51,187.75
play,3,1,475774,,,53/G.1-2;2-3,113.45,172.69
play,3,1,542455,,,K
play,4,0,542941,,,8/F,124.50,85.34
play,4,0,555543,,,S9/F,155.62,98.39
play,4,0,592660,,,E5.1-2,97.39,174.70
play,4,0,592715,,,9/F.2-3,170.68,95.38
play,4,0,596880,,,FC4/G.1X2(46),142.57,158.63
play,4,1,594896,,,S7/G,53.21,105.42
play,4,1,543611,,,WP.1-2
play,4,1,543611,,,K
play,4,1,571861,,,S8/G.2-H,130.52,72.29
play,4,1,573121,,,HR/L.1-H,179.72,56.22
play,4,1,592184,,,32/P,147.59,176.71
play,4,1,594849,,,S9/L,155.62,79.32
play,4,1,542454,,,SB2
play,4,1,542454,,,K
play,5,0,596882,,,K23
play,5,0,543388,,,K
play,5,0,573135,,,S8/G,109.44,80.32
play,5,0,594895,,,7/F,71.29,100.40
play,5,1,475774,,,4/P,125.50,161.65
play,5,1,542455,,,13/G,130.52,182.73
play,5,1,594896,,,D7/L,82.33,99.40
play,5,1,543611,,,K
play,6,0,542941,,,S7/L,83.33,97.39
play,6,0,555543,,,BK.1-2
play,6,0,555543,,,S9/L.2-3,158.63,92.37
play,6,0,592660,,,9/F.3XH(92),180.72,91.37
play,6,0,592715,,,WP.1-2
play,6,0,592715,,,63/G,115.46,158.63
play,6,1,571861,,,NP
sub,595398,Pat Schatz,0,0,1
play,6,1,571861,,,W
play,6,1,573121,,,46(1)3/GDP/G4,130.52,165.66
play,6,1,592184,,,S8/L,116.47,89.36
play,6,1,594849,,,K
play,7,0,596880,,,NP
sub,573624,Zach See,1,0,1
play,7,0,596880,,,HR/F,81.33,49.20
play,7,0,596882,,,W
play,7,0,543388,,,K
play,7,0,573135,,,S7/L.1-2,80.32,105.42
play,7,0,594895,,,7/F,85.34,99.40
play,7,0,542941,,,K
play,7,1,542454,,,7/F,67.27,100.40
play,7,1,475774,,,E5/TH,111.45,176.71
play,7,1,542455,,,S9/G.1-2,184.74,83.33
play,7,1,594896,,,WP.1-2;2-3
play,7,1,594896,,,W
play,7,1,543611,,,7/SF.3-H,66.27,104.42
play,7,1,571861,,,FC6/G.1X2(64),110.44,154.62
play,8,0,555543,,,NP
sub,501717,Jean Mijares,1,0,1
play,8,0,555543,,,63/G,117.47,153.61
play,8,0,592660,,,K
play,8,0,592715,,,K
play,8,1,573121,,,NP
sub,502280,Jamaal Hollis,0,0,1
play,8,1,573121,,,K
play,8,1,592184,,,43/G,134.54,159.64
play,8,1,594849,,,K
play,9,0,596880,,,NP
sub,592382,Matthew Hauser,1,0,1
play,9,0,596880,,,31/G,151.61,167.67
play,9,0,596882,,,K
play,9,0,543388,,,S3/G,146.59,166.67
play,9,0,573135,,,D9/F.1-3,173.69,80.32
play,9,0,594895,,,K
id,EliAPP201007140
info,visteam,DanAPP
info,hometeam,EliAPP
info,date,2010/07/14
start,594935,Jason Mowry,0,1,8
start,592743,Andrelton Simmons,0,2,6
start,571599,Jakob Dalfonso,0,3,3
start,595176,Ryan Delgado,0,4,10
start,519345,Joseph Terdoslavich,0,5,5
start,501592,Daniel Falcon,0,6,9
start,572258,Jace Whitmer,0,7,2
start,594819,Kenny Fleming,0,8,7
start,554239,Elmer Reyes,0,9,4
start,573673,Carlos Perez,0,0,1
start,542454,Daniel Santana,1,1,6
start,475774,Gunner Glad,1,2,9
start,542455,Oswaldo Arcia,1,3,8
start,594896,Andy Leer,1,4,5
start,571861,Kyle Knudson,1,5,10
start,543611,Daniel Ortiz,1,6,7
start,592184,Brian Burke,1,7,3
start,516612,Jhonatan Arias,1,8,2
start,572993,Nick Lockwood,1,9,4
start,542565,Adrian Salcedo,1,0,1
play,1,0,594935,,,K
play,1,0,592743,,,K23
play,1,0,571599,,,K
play,1,1,542454,,,S7/L,71.29,96.39
play,1,1,475774,,,K
play,1,1,placeholder,,,POCS2(136)
play,1,1,542455,,,W
play,1,1,594896,,,K
play,2,0,595176,,,D7/F,55.22,101.41
play,2,0,519345,,,S7/L.2-H,60.24,101.41
play,2,0,501592,,,6(1)3/G6/GDP,95.38,155.62
play,2,0,572258,,,53/G,104.42,164.66
play,2,1,571861,,,43/G,138.55,155.62
play,2,1,543611,,,43/G,136.55,153.61
play,2,1,592184,,,63/G,115.46,156.63
play,3,0,594819,,,K
play,3,0,554239,,,D7/G,53.21,112.45
play,3,0,594935,,,WP.2-3
play,3,0,594935,,,8/SF.3-H,106.43,72.29
play,3,0,592743,,,8/F,135.54,74.30
play,3,1,516612,,,43/G,128.51,150.60
play,3,1,572993,,,3/G,148.59,165.66
play,3,1,542454,,,K
play,4,0,571599,,,7/F,58.23,97.39
play,4,0,595176,,,9/F,165.66,81.33
play,4,0,519345,,,8/F,119.48,77.31
play,4,1,475774,,,4/P,140.56,145.58
play,4,1,542455,,,43/G,139.56,150.60
play,4,1,594896,,,S8/G,104.42,83.33
play,4,1,571861,,,S9/F.1-3,163.65,93.37
play,4,1,543611,,,K23
play,5,0,501592,,,63/G,115.46,151.61
play,5,0,572258,,,HP
play,5,0,594819,,,3/G.1-2,156.63,160.64
play,5,0,554239,,,6/P,111.45,149.60
play,5,1,592184,,,K
play,5,1,516612,,,K
play,5,1,572993,,,3/G,152.61,170.68
play,6,0,594935,,,K
play,6,0,592743,,,63/G,103.41,148.59
play,6,0,571599,,,63/G,112.45,151.61
play,6,1,542454,,,E5,115.46,169.68
play,6,1,475774,,,WP.1-2
play,6,1,475774,,,43/G.2-3,150.60,155.62
play,6,1,542455,,,S9/L.3-H,165.66,91.37
play,6,1,594896,,,64(1)3/GDP/G6,113.45,157.63
play,7,0,595176,,,K
play,7,0,519345,,,D8/L,142.57,66.27
play,7,0,501592,,,K
play,7,0,572258,,,WP.2-3
play,7,0,572258,,,S5/G.3-H,109.44,179.72
play,7,0,594819,,,8/F,108.43,83.33
play,7,1,571861,,,7/F,54.22,108.43
play,7,1,543611,,,S9/L,161.65,88.35
play,7,1,592184,,,NP
sub,543146,Kyle Farrell,0,0,1
play,7,1,592184,,,54(1)3/GDP/G5,95.38,165.66
play,8,0,554239,,,NP
sub,572155,Sam Spangler,1,0,1
play,8,0,554239,,,9/F,137.55,83.33
play,8,0,594935,,,K
play,8,0,592743,,,53/G,99.40,169.68
play,8,1,516612,,,53/G,104.42,166.67
play,8,1,572993,,,53/G,104.42,166.67
play,8,1,542454,,,E5,104.42,169.68
play,8,1,475774,,,NP
sub,573121,Nathaniel Roberts,1,2,11
play,8,1,573121,,,43/G,145.58,157.63
play,9,0,571599,,,NP
sub,594854,Brandon Henderson,1,2,8
play,9,0,595176,,,NP
sub,542455,Oswaldo Arcia,1,3,9
play,9,0,571599,,,NP
sub,517424,Alberto Odreman,0,3,11
play,9,0,517424,,,K
play,9,0,595176,,,S7/G,63.25,105.42
play,9,0,519345,,,S8/G.1-2,117.47,86.35
play,9,0,501592,,,K
play,9,0,572258,,,PB.1-2;2-3
play,9,0,572258,,,IW
play,9,0,594819,,,NP
sub,594828,Evan Gattis,0,8,11
play,9,0,594828,,,31/G,151.61,167.67
play,9,1,placeholder,,,NP
sub,517424,Alberto Odreman,0,3,3
play,9,1,placeholder,,,NP
sub,506916,Bobby Rauh,0,8,7
play,9,1,542455,,,HR/F,216.87,56.22
play,9,1,594896,,,9/F,164.66,90.36
play,9,1,571861,,,43/G,145.58,146.59
play,9,1,543611,,,K
id,EliAPP201007150
info,visteam,DanAPP
info,hometeam,EliAPP
info,date,2010/07/15
start,594935,Jason Mowry,0,1,8
start,592743,Andrelton Simmons,0,2,6
start,571599,Jakob Dalfonso,0,3,3
start,595176,Ryan Delgado,0,4,10
start,519345,Joseph Terdoslavich,0,5,5
start,594828,Evan Gattis,0,6,2
start,501592,Daniel Falcon,0,7,9
start,594819,Kenny Fleming,0,8,7
start,554239,Elmer Reyes,0,9,4
start,548323,Willie Kempf,0,0,1
start,542454,Daniel Santana,1,1,4
start,573121,Nathaniel Roberts,1,2,10
start,542455,Oswaldo Arcia,1,3,9
start,594896,Andy Leer,1,4,5
start,543611,Daniel Ortiz,1,5,7
start,594849,Jamaal Hawkins,1,6,6
start,592184,Brian Burke,1,7,3
start,571972,Buddy Munroe,1,8,2
start,594854,Brandon Henderson,1,9,8
start,543908,Blayne Weller,1,0,1
play,1,0,594935,,,7/F,66.27,110.44
play,1,0,592743,,,W
play,1,0,571599,,,CS2
play,1,0,571599,,,W
play,1,0,595176,,,7/L,62.25,106.43
play,1,1,542454,,,K
play,1,1,573121,,,K
play,1,1,542455,,,5/PF,97.39,199.80
play,2,0,519345,,,8/F,117.47,86.35
play,2,0,594828,,,3/P,147.59,179.72
play,2,0,501592,,,K
play,2,1,594896,,,K
play,2,1,543611,,,D9/L.BX3(945),200.80,108.43
play,2,1,594849,,,63/G,108.43,167.67
play,3,0,594819,,,HP
play,3,0,554239,,,3/P.?X?(31),153.61,180.72
play,3,0,594935,,,D7/L,36.14,114.46
play,3,0,592743,,,E6.2-H,111.45,166.67
play,3,0,571599,,,SB2
play,3,0,571599,,,43/G,148.59,160.64
play,3,1,592184,,,K
play,3,1,571972,,,DGR/F9,206.83,111.45
play,3,1,594854,,,63/G.2-3,114.46,169.68
play,3,1,542454,,,43/G,139.56,162.65
play,4,0,595176,,,S8/L,122.49,117.47
play,4,0,519345,,,W.1-2
play,4,0,594828,,,9/F.2-3,163.65,112.45
play,4,0,501592,,,K
play,4,0,594819,,,43/G,137.55,164.66
play,4,1,573121,,,53/G,109.44,183.73
play,4,1,542455,,,3/G,150.60,179.72
play,4,1,594896,,,63/G,109.44,168.67
play,5,0,554239,,,HR/F,56.22,33.13
play,5,0,594935,,,43/G,141.57,169.68
play,5,0,592743,,,S5/BG,104.42,177.71
play,5,0,571599,,,K
play,5,0,595176,,,HR/F.1-H,24.10,31.12
play,5,0,519345,,,NP
sub,518701,Nelvin Fuentes,1,0,1
play,5,0,519345,,,3/P,146.59,179.72
play,5,1,543611,,,NP
sub,506916,Bobby Rauh,0,1,8
play,5,1,543611,,,6/P,103.41,159.64
play,5,1,594849,,,K23
play,5,1,592184,,,D9/F,194.78,98.39
play,5,1,571972,,,K
play,6,0,594828,,,3/PF,153.61,197.79
play,6,0,501592,,,S8/G,120.48,103.41
play,6,0,594819,,,FC1/B.1X2(16);B-1,124.50,196.79
play,6,0,554239,,,POCS2(13)
play,6,1,594854,,,K
play,6,1,542454,,,3/G,141.57,182.73
play,6,1,573121,,,63/G,114.46,165.66
play,7,0,554239,,,9/F,174.70,102.41
play,7,0,506916,,,9/F,173.69,108.43
play,7,0,592743,,,7/F,75.30,110.44
play,7,1,542455,,,31/G,152.61,170.68
play,7,1,594896,,,63/G,107.43,159.64
play,7,1,543611,,,43/G,135.54,159.64
play,8,0,571599,,,NP
sub,493556,David Gutierrez,1,0,1
play,8,0,571599,,,3/G,150.60,178.71
play,8,0,595176,,,3/L,146.59,183.73
play,8,0,519345,,,K
play,8,1,594849,,,NP
sub,543826,Tyler Stovall,0,0,1
play,8,1,594849,,,13/G,128.51,193.78
play,8,1,592184,,,W
play,8,1,571972,,,S7/G.1-2,66.27,124.50
play,8,1,594854,,,6(B)6(2)/LDP,117.47,168.67
play,9,0,594828,,,NP
sub,592382,Matthew Hauser,1,0,1
play,9,0,594828,,,S8/L,110.44,96.39
play,9,0,501592,,,43/G.1-2,139.56,164.66
play,9,0,594819,,,K
play,9,0,554239,,,WP.2-3
play,9,0,554239,,,1/L,123.49,190.76
play,9,1,542454,,,63/G,108.43,165.66
play,9,1,573121,,,W
play,9,1,542455,,,K
play,9,1,594896,,,7/F,58.23,117.47
id,EliAPP201007160
info,visteam,DanAPP
info,hometeam,EliAPP
info,date,2010/07/16
start,592743,Andrelton Simmons,0,1,6
start,594886,Barrett Kleinknecht,0,2,5
start,595176,Ryan Delgado,0,3,10
start,594828,Evan Gattis,0,4,2
start,592691,David Rohm,0,5,9
start,517424,Alberto Odreman,0,6,3
start,595212,Jarred Frierson,0,7,7
start,506916,Bobby Rauh,0,8,8
start,554239,Elmer Reyes,0,9,4
start,573062,Aaron Northcraft,0,0,1
start,542454,Daniel Santana,1,1,4
start,573121,Nathaniel Roberts,1,2,9
start,542455,Oswaldo Arcia,1,3,10
start,594896,Andy Leer,1,4,6
start,543611,Daniel Ortiz,1,5,7
start,571861,Kyle Knudson,1,6,2
start,592184,Brian Burke,1,7,3
start,475774,Gunner Glad,1,8,5
start,594854,Brandon Henderson,1,9,8
start,594951,Ryan O'Rourke,1,0,1
play,1,0,592743,,,S8/G,132.53,103.41
play,1,0,594886,,,6/P,108.43,173.69
play,1,0,595176,,,3(B)31(1)/LDP,136.55,184.74
play,1,1,542454,,,8/L,165.66,107.43
play,1,1,573121,,,43/G,133.53,177.71
play,1,1,542455,,,D8/L,169.68,87.35
play,1,1,594896,,,WP.2-3
play,1,1,594896,,,K
play,2,0,594828,,,HP
play,2,0,592691,,,S7/G.1-2,100.40,121.49
play,2,0,517424,,,8/F,124.50,103.41
play,2,0,595212,,,K
play,2,0,506916,,,9/F,179.72,126.51
play,2,1,543611,,,8/F,114.46,104.42
play,2,1,571861,,,43/G,136.55,178.71
play,2,1,592184,,,9/F,165.66,120.48
play,3,0,554239,,,S9/L,189.76,112.45
play,3,0,592743,,,CS2
play,3,0,592743,,,HP
play,3,0,594886,,,HR/F.1-H,75.30,31.12
play,3,0,595176,,,53/G,107.43,173.69
play,3,0,594828,,,63/G,107.43,168.67
play,3,1,475774,,,8/F,169.68,93.37
play,3,1,594854,,,9/F,189.76,108.43
play,3,1,542454,,,63/G,106.43,179.72
play,4,0,592691,,,S8/G,135.54,105.42
play,4,0,517424,,,3/P,141.57,175.70
play,4,0,595212,,,FC5/G.1X2(54);B-1,106.43,185.74
play,4,0,506916,,,D7/F.1-H,55.22,107.43
play,4,0,554239,,,K
play,4,1,573121,,,NP
sub,571599,Jakob Dalfonso,0,6,3
play,4,1,573121,,,53/G,107.43,184.74
play,4,1,542455,,,7/F,62.25,122.49
play,4,1,594896,,,7/F,90.36,118.47
play,5,0,592743,,,43/G,122.49,179.72
play,5,0,594886,,,S9/F,163.65,111.45
play,5,0,595176,,,D7/L.1-3,64.26,112.45
play,5,0,594828,,,S7/L.2-3;3-H,77.31,112.45
play,5,0,592691,,,W.1-2
play,5,0,571599,,,5/P,114.46,183.73
play,5,0,595212,,,S9/F.1-2;2-3;3-H,177.71,116.47
play,5,0,506916,,,NP
sub,501717,Jean Mijares,1,0,1
play,5,0,506916,,,W.1-2;2-3;3-H
play,5,0,554239,,,S8/L.1-3;2-H;3-H;B-2,167.67,80.32
play,5,0,592743,,,8/F,96.39,94.38
play,5,1,543611,,,7/F,97.39,98.39
play,5,1,571861,,,63/G,103.41,175.70
play,5,1,592184,,,HP
play,5,1,475774,,,K
play,6,0,594886,,,S8/L,130.52,97.39
play,6,0,595176,,,K
play,6,0,594828,,,9/F,142.57,124.50
play,6,0,592691,,,K
play,6,1,594854,,,9/F,183.73,114.46
play,6,1,542454,,,43/G,139.56,173.69
play,6,1,573121,,,3/G,139.56,183.73
play,7,0,571599,,,63/G,106.43,167.67
play,7,0,595212,,,53/G,110.44,182.73
play,7,0,506916,,,K
play,7,1,542455,,,NP
sub,592501,Matthew Lewis,0,0,1
play,7,1,542455,,,D7/L,75.30,103.41
play,7,1,594896,,,4/P,140.56,176.71
play,7,1,543611,,,3/G.2-3,144.58,181.73
play,7,1,571861,,,HP
play,7,1,592184,,,W.1-2
play,7,1,475774,,,S9/L.1-2;2-3;3-H,191.77,116.47
play,7,1,594854,,,W.1-2;2-3;3-H
play,7,1,542454,,,T7/L.1-H;2-H;3-H,75.30,109.44
play,7,1,573121,,,NP
sub,576168,Dalton Acord,0,0,1
play,7,1,573121,,,S7/F.3-H,95.38,109.44
play,7,1,542455,,,8/F,131.53,100.40
play,8,0,554239,,,HR/F,209.84,54.22
play,8,0,592743,,,NP
sub,573624,Zach See,1,0,1
play,8,0,592743,,,8/F,162.65,79.32
play,8,0,594886,,,D8/L,97.39,92.37
play,8,0,595176,,,K
play,8,0,594828,,,WP.2-3
play,8,0,594828,,,K
play,8,1,594896,,,K
play,8,1,543611,,,3/G,142.57,184.74
play,8,1,571861,,,K
play,9,0,592691,,,63/G,108.43,170.68
play,9,0,571599,,,5/PF,98.39,195.78
play,9,0,595212,,,K
play,9,1,592184,,,NP
sub,594925,Kyle Mertins,0,0,1
play,9,1,592184,,,E4,134.54,171.69
play,9,1,475774,,,54(1)3/GDP/G5,99.40,181.73
play,9,1,594854,,,K
id,EliAPP201007200
info,visteam,JohAPP
info,hometeam,EliAPP
info,date,2010/07/20
start,594824,Greg Garcia,0,1,4
start,570805,Oscar Taveras,0,2,7
start,592774,Cody Stanley,0,3,2
start,571641,Christopher Edmondson,0,4,10
start,521091,Romulo Ruiz,0,5,5
start,595158,Philip Cerreto,0,6,9
start,500675,Kleininger Teran,0,7,3
start,551750,Cesar Valera,0,8,6
start,572265,Reggie Williams,0,9,8
start,572953,Cale Johnson,0,0,1
start,542454,Daniel Santana,1,1,6
start,594849,Jamaal Hawkins,1,2,4
start,542455,Oswaldo Arcia,1,3,8
start,594896,Andy Leer,1,4,5
start,543611,Daniel Ortiz,1,5,7
start,571861,Kyle Knudson,1,6,10
start,592184,Brian Burke,1,7,3
start,571972,Buddy Munroe,1,8,2
start,475774,Gunner Glad,1,9,9
start,543908,Blayne Weller,1,0,1
play,1,0,594824,,,S9/G,167.67,148.59
play,1,0,570805,,,WP.1-2
play,1,0,570805,,,K
play,1,0,592774,,,D9/G.2-H,159.64,106.43
play,1,0,571641,,,7/F,68.27,119.48
play,1,0,521091,,,53/G,99.40,179.72
play,1,1,542454,,,3/G,159.64,179.72
play,1,1,594849,,,K
play,1,1,542455,,,D8/L,69.28,72.29
play,1,1,594896,,,9/F,176.71,118.47
play,2,0,595158,,,S7/G,88.35,132.53
play,2,0,500675,,,S8/G.1-3,142.57,105.42
play,2,0,placeholder,,,OA.1X2(24)
play,2,0,551750,,,W
play,2,0,572265,,,K
play,2,0,594824,,,PB.1-3(E2)(E2/TH);3-H
play,2,0,594824,,,163/G1,43.78,164.92
play,2,1,543611,,,W
play,2,1,571861,,,4(B)43(1)/LDP,139.56,170.68
play,2,1,592184,,,S7/L,92.37,129.52
play,2,1,571972,,,S8/L.1-2,136.55,119.48
play,2,1,475774,,,9/F,199.80,117.47
play,3,0,570805,,,13/G,124.50,186.75
play,3,0,592774,,,K
play,3,0,571641,,,K
play,3,1,542454,,,S5/BG,110.44,189.76
play,3,1,594849,,,53/SH.1-2,108.43,197.79
play,3,1,542455,,,S9/F.2-3,187.75,122.49
play,3,1,594896,,,8/SF.3-H,140.56,97.39
play,3,1,543611,,,K
play,4,0,521091,,,K
play,4,0,595158,,,S8/G,119.48,87.35
play,4,0,500675,,,9/F,195.78,119.48
play,4,0,551750,,,K
play,4,1,571861,,,K23
play,4,1,592184,,,6/P,93.37,156.63
play,4,1,571972,,,K23
play,5,0,572265,,,S7/G,75.30,107.43
play,5,0,594824,,,53/SH.1-2,105.42,192.77
play,5,0,570805,,,6/P,104.42,159.64
play,5,0,592774,,,K
play,5,1,475774,,,S7/L,90.36,110.44
play,5,1,542454,,,S8/L.1-2,131.53,88.35
play,5,1,594849,,,FC1/G.1X2(16);2-3;B-1,122.49,212.85
play,5,1,542455,,,W.1-2
play,5,1,594896,,,K
play,5,1,543611,,,K
play,6,0,571641,,,K
play,6,0,521091,,,K
play,6,0,595158,,,8/F,125.50,108.43
play,6,1,571861,,,NP
sub,518447,Andrew Benes,0,0,1
play,6,1,571861,,,9/F,152.61,106.43
play,6,1,592184,,,E5/TH,109.44,184.74
play,6,1,571972,,,D9/F.1-3,154.62,110.44
play,6,1,475774,,,FLE9/PF
play,6,1,475774,,,HP
play,6,1,542454,,,K
play,6,1,594849,,,D9/L.1-3;2-H;3-H,171.69,103.41
play,6,1,542455,,,NP
sub,519185,Robert Revesz,0,0,1
play,6,1,542455,,,63/G,96.39,174.70
play,7,0,500675,,,8/F,145.58,88.35
play,7,0,551750,,,W
play,7,0,572265,,,6/P,99.40,157.63
play,7,0,594824,,,9/F,170.68,126.51
play,7,1,594896,,,K
play,7,1,543611,,,K
play,7,1,571861,,,13/G,118.47,196.79
play,8,0,570805,,,NP
sub,501717,Jean Mijares,1,0,1
play,8,0,570805,,,7/F,76.31,105.42
play,8,0,592774,,,S8/G,130.52,105.42
play,8,0,571641,,,E1/TH.1-2,126.51,192.77
play,8,0,521091,,,2/PF,117.47,224.90
play,8,0,595158,,,D8/L.1-H;2-H,125.50,65.26
play,8,0,500675,,,K
play,8,1,592184,,,NP
sub,594955,Christopher Patterson,0,0,1
play,8,1,592184,,,63/G,109.44,178.71
play,8,1,571972,,,K
play,8,1,475774,,,7/FF,80.32,170.68
play,9,0,551750,,,NP
sub,573624,Zach See,1,0,1
play,9,0,551750,,,3/PF,158.63,188.76
play,9,0,572265,,,K
play,9,0,594824,,,D8/L,139.56,62.25
play,9,0,570805,,,K23
play,9,1,542454,,,NP
sub,592515,Aidan Lucas,0,0,1
play,9,1,542454,,,S2/BG,122.49,203.82
play,9,1,594849,,,K
play,9,1,542455,,,WP.1-2
play,9,1,542455,,,K
play,9,1,594896,,,W
play,9,1,543611,,,9/F,173.69,133.53
id,EliAPP201007230
info,visteam,BurAPP
info,hometeam,EliAPP
info,date,2010/07/23
start,543454,Alex Llanos,0,1,8
start,542371,Luis Piterson,0,2,4
start,573183,Ryan Stovall,0,3,5
start,596306,Ryan Jenkins,0,4,2
start,571461,Geoffrey Baldwin,0,5,3
start,572935,Anthony Howard,0,6,9
start,573001,Gabe MacDougall,0,7,7
start,594918,Alex McClure,0,8,6
start,524188,Yunior Figueroa,0,9,10
start,572137,Crawford Simmons,0,0,1
start,542454,Daniel Santana,1,1,6
start,594849,Jamaal Hawkins,1,2,10
start,542455,Oswaldo Arcia,1,3,9
start,594896,Andy Leer,1,4,5
start,592184,Brian Burke,1,5,3
start,543611,Daniel Ortiz,1,6,7
start,571972,Buddy Munroe,1,7,2
start,572993,Nick Lockwood,1,8,4
start,594854,Brandon Henderson,1,9,8
start,543297,B. J. Hermsen,1,0,1
play,1,0,543454,,,53/G,104.42,179.72
play,1,0,542371,,,D7/G.B-3(E7),71.29,134.54
play,1,0,573183,,,43/G.3-H,139.56,179.72
play,1,0,596306,,,S8/L,155.62,110.44
play,1,0,571461,,,K
play,1,1,542454,,,7/F,76.31,124.50
play,1,1,594849,,,9/F,177.71,131.53
play,1,1,542455,,,K23
play,2,0,572935,,,63/G,111.45,174.70
play,2,0,573001,,,53/G,101.41,178.71
play,2,0,594918,,,43/G,128.51,176.71
play,2,1,594896,,,W
play,2,1,592184,,,4(B)43(1)/LDP,145.58,174.70
play,2,1,543611,,,K
play,3,0,524188,,,4/L,147.59,169.68
play,3,0,543454,,,S9/F,158.63,126.51
play,3,0,542371,,,S7/G.1-2,79.32,133.53
play,3,0,573183,,,63/G.1-2;2-3,112.45,166.67
play,3,0,596306,,,K
play,3,1,571972,,,8/F,121.49,96.39
play,3,1,572993,,,63/G,115.46,169.68
play,3,1,594854,,,K
play,4,0,571461,,,K
play,4,0,572935,,,W
play,4,0,573001,,,WP.1-2
play,4,0,573001,,,9/F.2-3,201.81,114.46
play,4,0,594918,,,53/G,107.43,176.71
play,4,1,542454,,,23/BG,127.51,197.79
play,4,1,594849,,,W
play,4,1,542455,,,13/G.1-2,126.51,194.78
play,4,1,594896,,,9/F,164.66,120.48
play,5,0,524188,,,63/G,117.47,167.67
play,5,0,543454,,,8/F,117.47,93.37
play,5,0,542371,,,53/G,105.42,182.73
play,5,1,592184,,,K23
play,5,1,543611,,,8/F,100.40,102.41
play,5,1,571972,,,HR/F,214.86,66.27
play,5,1,572993,,,9/F,152.61,125.50
play,6,0,573183,,,8/F,117.47,88.35
play,6,0,596306,,,K
play,6,0,571461,,,13/G,120.48,197.79
play,6,1,594854,,,9/F,176.71,121.49
play,6,1,542454,,,4/L,141.57,174.70
play,6,1,594849,,,S1/L,125.50,193.78
play,6,1,542455,,,D8/L.1-3,145.58,107.43
play,6,1,594896,,,NP
sub,573256,Josh Worrell,0,0,1
play,6,1,594896,,,13/G,134.54,195.78
play,7,0,572935,,,63/G,98.39,167.67
play,7,0,573001,,,HP
play,7,0,594918,,,K
play,7,0,524188,,,3/G,153.61,182.73
play,7,1,592184,,,HR/F,240.96,42.17
play,7,1,543611,,,43/G,125.50,164.66
play,7,1,571972,,,K23
play,7,1,572993,,,3/G,147.59,173.69
play,8,0,543454,,,NP
sub,592244,Logan Darnell,1,0,1
play,8,0,543454,,,3/P,148.59,180.72
play,8,0,542371,,,D8/L,102.41,88.35
play,8,0,573183,,,S6/G.2-3,110.44,169.68
play,8,0,596306,,,FC5/G.1X2(54);3-H;B-1,111.45,173.69
play,8,0,571461,,,SB2
play,8,0,571461,,,WP.2XH(51)
play,8,0,571461,,,WP
play,8,1,594854,,,63/G,98.39,167.67
play,8,1,542454,,,63/G,113.45,165.66
play,8,1,594849,,,W
play,8,1,542455,,,NP
sub,572708,Claudio Bavera,0,0,1
play,8,1,542455,,,WP.1-2
play,8,1,542455,,,K23
play,9,0,571461,,,D7/F,68.27,110.44
play,9,0,572935,,,14/SH.2-3,129.52,185.74
play,9,0,573001,,,WP.3-H
play,9,0,573001,,,HP
play,9,0,594918,,,S8/G.1-3;B-2,115.46,119.48
play,9,0,524188,,,S8/G.2-H;3-H;B-2(E8),116.47,118.47
play,9,0,543454,,,S7/L.2-H;BX2(74),78.31,142.57
play,9,0,542371,,,9/F,163.65,129.52
play,9,1,594896,,,8/F,118.47,81.33
play,9,1,592184,,,K23
play,9,1,543611,,,8/L,123.49,101.41
id,EliAPP201007240
info,visteam,BurAPP
info,hometeam,EliAPP
info,date,2010/07/24
start,543454,Alex Llanos,0,1,8
start,542371,Luis Piterson,0,2,4
start,573183,Ryan Stovall,0,3,5
start,596306,Ryan Jenkins,0,4,2
start,571461,Geoffrey Baldwin,0,5,3
start,572935,Anthony Howard,0,6,9
start,573001,Gabe MacDougall,0,7,7
start,594918,Alex McClure,0,8,6
start,524188,Yunior Figueroa,0,9,10
start,521835,Leonel Santiago,0,0,1
start,542454,Daniel Santana,1,1,4
start,573121,Nate Roberts,1,2,7
start,542455,Oswaldo Arcia,1,3,8
start,594896,Andy Leer,1,4,6
start,543611,Daniel Ortiz,1,5,9
start,592184,Brian Burke,1,6,3
start,594849,Jamaal Hawkins,1,7,10
start,516612,Jhonatan Arias,1,8,2
start,475774,Gunner Glad,1,9,5
start,517372,Martire Garcia,1,0,1
play,1,0,543454,,,S1/G.B-2(E1/TH),126.51,197.79
play,1,0,542371,,,SB3
play,1,0,542371,,,E3.3-H,152.61,181.73
play,1,0,573183,,,SB2
play,1,0,573183,,,43/G.2-3,138.55,166.67
play,1,0,596306,,,3/G.3-H,140.56,181.73
play,1,0,571461,,,K
play,1,1,542454,,,43/G,140.56,166.67
play,1,1,573121,,,43/G,106.43,162.65
play,1,1,542455,,,W
play,1,1,594896,,,K
play,2,0,572935,,,8/F,124.50,82.33
play,2,0,573001,,,63/G,111.45,172.69
play,2,0,594918,,,43/G,131.53,165.66
play,2,1,543611,,,63/G,112.45,162.65
play,2,1,592184,,,K
play,2,1,594849,,,4/L,147.59,167.67
play,3,0,524188,,,S8/G,107.43,108.43
play,3,0,543454,,,FC4/G.1X2(46);B-1,138.55,168.67
play,3,0,542371,,,7/F,74.30,110.44
play,3,0,573183,,,K
play,3,1,516612,,,K
play,3,1,475774,,,3/PF,177.71,192.77
play,3,1,542454,,,13/BG,124.50,196.79
play,4,0,596306,,,43/G,135.54,168.67
play,4,0,571461,,,43/G,139.56,161.65
play,4,0,572935,,,K
play,4,1,573121,,,43/G,137.55,166.67
play,4,1,542455,,,S7/L,70.28,123.49
play,4,1,594896,,,S8/F.1-2,123.49,109.44
play,4,1,543611,,,S8/L.1-2;2XH,118.47,116.47
play,4,1,592184,,,43/G,143.57,166.67
play,5,0,573001,,,S8/L,111.45,103.41
play,5,0,594918,,,9/F,182.73,115.46
play,5,0,524188,,,FC5/G.1X2(54);B-1,110.44,187.75
play,5,0,543454,,,K
play,5,1,594849,,,K
play,5,1,516612,,,8/F,120.48,98.39
play,5,1,475774,,,D7/G,59.24,129.52
play,5,1,542454,,,K
play,6,0,542371,,,W
play,6,0,573183,,,K
play,6,0,596306,,,64(1)3/GDP/G6,109.44,164.66
play,6,1,573121,,,E4,145.58,165.66
play,6,1,542455,,,D9/L.1-3,188.76,125.50
play,6,1,594896,,,63/G.2-3;3-H,105.42,161.65
play,6,1,543611,,,K
play,6,1,592184,,,K
play,7,0,571461,,,K
play,7,0,572935,,,K
play,7,0,573001,,,S8/G,118.47,101.41
play,7,0,594918,,,NP
sub,543859,Michael Tonkin,1,0,1
play,7,0,594918,,,SB2
play,7,0,594918,,,9/F,180.72,110.44
play,7,1,594849,,,NP
sub,519214,Derek Rodriguez,0,6,9
play,7,1,516612,,,NP
sub,502719,J. Leaper,0,0,1
play,7,1,594849,,,63/G,108.43,164.66
play,7,1,516612,,,8/F,126.51,89.36
play,7,1,475774,,,W
play,7,1,542454,,,K
play,8,0,524188,,,S9/F,159.64,123.49
play,8,0,543454,,,WP.1-2
play,8,0,543454,,,K
play,8,0,542371,,,E6.2-3,105.42,166.67
play,8,0,573183,,,POCSH(25);.1-2
play,8,0,573183,,,SB3
play,8,0,573183,,,W
play,8,0,596306,,,63/G,109.44,153.61
play,8,1,573121,,,K
play,8,1,542455,,,W
play,8,1,594896,,,W.1-2
play,8,1,543611,,,7/F,53.21,112.45
play,8,1,592184,,,43/G,143.57,161.65
play,9,0,571461,,,K
play,9,0,519214,,,3/G,137.55,178.71
play,9,0,573001,,,K
play,9,1,594849,,,NP
sub,572965,Jonathon Keck,0,0,1
play,9,1,594849,,,53/G,118.47,182.73
play,9,1,516612,,,D7/G,58.23,131.53
play,9,1,475774,,,NP
sub,594854,Brandon Henderson,1,8,12
play,9,1,475774,,,9/L,163.65,121.49
play,9,1,542454,,,E4/TH.2-H;B-2,134.54,164.66
play,9,1,573121,,,63/G,105.42,161.65
play,10,0,594918,,,NP
sub,571861,Kyle Knudson,1,8,2
play,10,0,594918,,,S7/G,83.33,140.56
play,10,0,524188,,,K+CS2
play,10,0,543454,,,S9/G,166.67,132.53
play,10,0,542371,,,CS2
play,10,1,542455,,,D8/L,111.45,95.38
play,10,1,594896,,,43/G.2-3,141.57,166.67
play,10,1,543611,,,K
play,10,1,592184,,,63/G,119.48,161.65
play,11,0,542371,,,S7/G,68.27,129.52
play,11,0,573183,,,S9/G.1-3,168.67,128.51
play,11,0,596306,,,53/G.1-2,104.42,180.72
play,11,0,571461,,,IW
play,11,0,519214,,,K
play,11,0,573001,,,K
play,11,1,594849,,,NP
sub,592540,Justin Mazur,0,0,1
play,11,1,594849,,,43/G,145.58,167.67
play,11,1,571861,,,9/F,167.67,107.43
play,11,1,475774,,,7/F,69.28,122.49
play,12,0,594918,,,NP
sub,573624,Zach See,1,0,1
play,12,0,594918,,,8/F,112.45,81.33
play,12,0,524188,,,K
play,12,0,543454,,,53/G,104.42,171.69
play,12,1,542454,,,S6/G,111.45,165.66
play,12,1,573121,,,46(1)3/GDP/G4,137.55,162.65
play,12,1,542455,,,IW
play,12,1,594896,,,FC5/G.1X2(54),106.43,186.75
play,13,0,542371,,,K
play,13,0,573183,,,K
play,13,0,596306,,,3/P,140.56,176.71
play,13,1,543611,,,63/G,103.41,159.64
play,13,1,592184,,,HP
play,13,1,594849,,,46(1)3/GDP/G4,137.55,166.67
play,14,0,571461,,,K
play,14,0,519214,,,8/F,137.55,86.35
play,14,0,573001,,,S6/G,109.44,162.65
play,14,0,594918,,,SB2
play,14,0,594918,,,K
play,14,1,571861,,,S8/G,113.45,102.41
play,14,1,475774,,,E5.1-3(E5)(E5/TH),109.44,189.76
play,14,1,542454,,,K
play,14,1,573121,,,S5/G.3-H,105.42,183.73
id,EliAPP201007250
info,visteam,BurAPP
info,hometeam,EliAPP
info,date,2010/07/25
start,542371,Luis Piterson,0,1,4
start,594918,Alex McClure,0,2,6
start,573183,Ryan Stovall,0,3,3
start,573001,Gabe MacDougall,0,4,7
start,572935,Anthony Howard,0,5,9
start,543454,Alex Llanos,0,6,8
start,524188,Yunior Figueroa,0,7,5
start,542502,Adrian Martinez,0,8,10
start,542503,Edul Escobar,0,9,2
start,571709,Michael Giovenco,0,0,1
start,594849,Jamaal Hawkins,1,1,6
start,573121,Nate Roberts,1,2,10
start,542455,Oswaldo Arcia,1,3,9
start,594896,Andy Leer,1,4,5
start,543611,Daniel Ortiz,1,5,7
start,571861,Kyle Knudson,1,6,3
start,516612,Jhonatan Arias,1,7,2
start,572993,Nick Lockwood,1,8,4
start,594854,Brandon Henderson,1,9,8
start,542565,Adrian Salcedo,1,0,1
play,1,0,542371,,,K
play,1,0,594918,,,K
play,1,0,573183,,,K23
play,1,1,594849,,,D7/L,52.21,134.54
play,1,1,573121,,,S8/F.2-3,123.49,105.42
play,1,1,542455,,,7/F,71.29,114.46
play,1,1,594896,,,SB2
play,1,1,594896,,,S9/L.2-3;3-H,157.63,141.57
play,1,1,543611,,,S5/G.1-2;3-H,97.39,179.72
play,1,1,571861,,,K
play,1,1,516612,,,HR/F.1-H;2-H,117.47,41.16
play,1,1,572993,,,W
play,1,1,594854,,,S7/L.1-2,52.21,127.51
play,1,1,594849,,,D7/L.1-H;2-H,53.21,136.55
play,1,1,573121,,,NP
sub,572026,Robert Penny,0,0,1
play,1,1,573121,,,S8/L.2-3,128.51,117.47
play,1,1,542455,,,8/F,126.51,109.44
play,2,0,573001,,,K23
play,2,0,572935,,,K
play,2,0,543454,,,43/G,144.58,162.65
play,2,1,594896,,,63/G,103.41,170.68
play,2,1,543611,,,8/F,131.53,115.46
play,2,1,571861,,,K
play,3,0,524188,,,K23
play,3,0,542502,,,K
play,3,0,542503,,,K
play,3,1,516612,,,8/F,141.57,95.38
play,3,1,572993,,,3/G,143.57,178.71
play,3,1,594854,,,HP
play,3,1,594849,,,4/P,154.62,172.69
play,4,0,542371,,,K
play,4,0,594918,,,S8/L,122.49,132.53
play,4,0,573183,,,WP.1-2
play,4,0,573183,,,S6/G.2-3,111.45,168.67
play,4,0,573001,,,WP.1-2;3-H
play,4,0,573001,,,5(B)54(2)/LDP,110.44,187.75
play,4,1,573121,,,K
play,4,1,542455,,,K
play,4,1,594896,,,13/G,124.50,189.76
play,5,0,572935,,,5/PF,90.36,191.77
play,5,0,543454,,,63/G,108.43,165.66
play,5,0,524188,,,S4/G,137.55,172.69
play,5,0,542502,,,BK.1-2
play,5,0,542502,,,63/G,109.44,169.68
play,5,1,543611,,,43/G,151.61,165.66
play,5,1,571861,,,43/G,154.62,171.69
play,5,1,516612,,,W
play,5,1,572993,,,FC4/G.1X2(46),142.57,173.69
play,6,0,542503,,,K
play,6,0,542371,,,63/G,112.45,166.67
play,6,0,594918,,,S9/G,154.62,128.51
play,6,0,573183,,,FC6/G.1X2(64),103.41,162.65
play,6,1,594854,,,K
play,6,1,594849,,,S8/G,111.45,117.47
play,6,1,573121,,,WP.1-2
play,6,1,573121,,,K
play,6,1,542455,,,NP
sub,572708,Claudio Bavera,0,0,1
play,6,1,542455,,,K23
play,7,0,573001,,,NP
sub,501717,Jean Mijares,1,0,1
play,7,0,573001,,,W
play,7,0,572935,,,K
play,7,0,543454,,,WP.1-2
play,7,0,543454,,,K
play,7,0,524188,,,63/G,104.42,162.65
play,7,1,594896,,,43/G,148.59,175.70
play,7,1,543611,,,S7/F,96.39,124.50
play,7,1,571861,,,E5.1-2,103.41,182.73
play,7,1,516612,,,NP
sub,596306,Ryan Jenkins,0,9,2
play,7,1,516612,,,FC6/G.1X2(64);2-3;B-1,111.45,173.69
play,7,1,572993,,,K23
play,8,0,542502,,,K
play,8,0,596306,,,E3,150.60,177.71
play,8,0,542371,,,S7/F.1-2,74.30,135.54
play,8,0,594918,,,W.1-2;2-3
play,8,0,573183,,,NP
sub,493556,David Gutierrez,1,0,1
play,8,0,573183,,,7/F.2X3(75),77.31,146.59
play,8,1,594854,,,43/G,136.55,173.69
play,8,1,594849,,,8/F,105.42,117.47
play,8,1,573121,,,W
play,8,1,542455,,,S8/G.1-2,128.51,106.43
play,8,1,594896,,,HP.1-2;2-3
play,8,1,543611,,,63/G,112.45,168.67
play,9,0,573001,,,K
play,9,0,572935,,,K23
play,9,0,543454,,,43/G,142.57,170.68
id,EliAPP201007260
info,visteam,GreAPP
info,hometeam,EliAPP
info,date,2010/07/26
start,595831,Jonathan Merritt,0,1,6
start,500767,Ricardo Garcia,0,2,4
start,548300,Chris Wallace,0,3,2
start,595832,Marcus Nidiffer,0,4,3
start,502316,Rafael Valenzuela,0,5,5
start,571981,Telvin Nash,0,6,7
start,573245,Bubby Williams,0,7,10
start,516430,Emilio King,0,8,9
start,595291,Bryce Lane,0,9,8
start,542300,Euris Quezada,0,0,1
start,542454,Daniel Santana,1,1,6
start,573121,Nate Roberts,1,2,10
start,542455,Oswaldo Arcia,1,3,8
start,594896,Andy Leer,1,4,5
start,543611,Daniel Ortiz,1,5,7
start,594849,Jamaal Hawkins,1,6,4
start,592184,Brian Burke,1,7,3
start,571972,Buddy Munroe,1,8,2
start,475774,Gunner Glad,1,9,9
start,543908,Blayne Weller,1,0,1
play,1,0,595831,,,63/G,112.45,164.66
play,1,0,500767,,,9/F,145.58,120.48
play,1,0,548300,,,S7/L,90.36,134.54
play,1,0,595832,,,HP.1-2
play,1,0,502316,,,8/F,130.52,65.26
play,1,1,542454,,,W
play,1,1,573121,,,SB2
play,1,1,573121,,,W
play,1,1,542455,,,46(1)3/GDP/G4.2-3,141.57,174.70
play,1,1,594896,,,K
play,2,0,571981,,,W
play,2,0,573245,,,7/F,99.40,110.44
play,2,0,516430,,,HP.1-2
play,2,0,595291,,,S9/F.1-2;2-3,162.65,149.60
play,2,0,595831,,,HP.1-2;2-3;3-H
play,2,0,500767,,,K
play,2,0,548300,,,FC5/G.1X2(54),110.44,186.75
play,2,1,543611,,,K
play,2,1,594849,,,6/L,117.47,162.65
play,2,1,592184,,,63/G,125.50,166.67
play,3,0,595832,,,S7/L,72.29,129.52
play,3,0,502316,,,S9/G.1-2,173.69,154.62
play,3,0,571981,,,HR/F.1-H;2-H,118.47,28.11
play,3,0,573245,,,S9/L,173.69,154.62
play,3,0,516430,,,K
play,3,0,595291,,,46(1)3/GDP/G4,130.52,172.69
play,3,1,571972,,,K
play,3,1,475774,,,K
play,3,1,542454,,,S8/L,108.43,115.46
play,3,1,573121,,,9/F,203.82,116.47
play,4,0,595831,,,63/G,108.43,173.69
play,4,0,500767,,,S8/L,92.37,110.44
play,4,0,548300,,,S7/L.1-2,63.25,132.53
play,4,0,595832,,,CS3
play,4,0,595832,,,FC5/G.1X2(54),104.42,181.73
play,4,1,542455,,,7/F,62.25,105.42
play,4,1,594896,,,S6/G,108.43,167.67
play,4,1,543611,,,D8/F.1-H,99.40,73.29
play,4,1,594849,,,63/G.2-3,115.46,168.67
play,4,1,592184,,,53/G,98.39,182.73
play,5,0,502316,,,NP
sub,592244,Logan Darnell,1,0,1
play,5,0,502316,,,E4,128.51,172.69
play,5,0,571981,,,K
play,5,0,573245,,,7/L,54.22,120.48
play,5,0,516430,,,K
play,5,1,571972,,,8/F,127.51,78.31
play,5,1,475774,,,K
play,5,1,542454,,,43/G,138.55,172.69
play,6,0,595291,,,K
play,6,0,595831,,,53/G,108.43,181.73
play,6,0,500767,,,K
play,6,1,573121,,,3/G,141.57,192.77
play,6,1,542455,,,HR/F,221.89,32.13
play,6,1,594896,,,63/G,110.44,166.67
play,6,1,543611,,,S7/L,77.31,120.48
play,6,1,594849,,,63/G,104.42,167.67
play,7,0,548300,,,8/F,127.51,87.35
play,7,0,595832,,,W
play,7,0,502316,,,9/F,182.73,125.50
play,7,0,571981,,,K
play,7,1,592184,,,K
play,7,1,571972,,,K
play,7,1,475774,,,HR/F,19.08,70.28
play,7,1,542454,,,NP
sub,518514,Garrett Bullock,0,0,1
play,7,1,542454,,,5/L,99.40,186.75
play,8,0,573245,,,NP
sub,572155,Sam Spangler,1,0,1
play,8,0,573245,,,K
play,8,0,516430,,,3/PF,222.89,216.87
play,8,0,595291,,,W
play,8,0,595831,,,CS2
play,8,1,573121,,,31/G,142.57,181.73
play,8,1,542455,,,S3/G.BX2(13),143.57,183.73
play,8,1,594896,,,NP
sub,592225,Ryan Cole,0,0,1
play,8,1,594896,,,6/L,110.44,169.68
play,9,0,500767,,,NP
sub,542455,Oswaldo Arcia,1,3,9
play,9,0,548300,,,NP
sub,594854,Brandon Henderson,1,9,8
play,9,0,595832,,,NP
sub,542561,Jose Gonzalez,1,0,1
play,9,0,595831,,,W
play,9,0,500767,,,13/SH.1-2,119.48,191.77
play,9,0,548300,,,IW
play,9,0,595832,,,K+SB3;SB2
play,9,0,502316,,,7/L,65.26,123.49
play,9,1,543611,,,K
play,9,1,594849,,,S8/L,127.51,121.49
play,9,1,592184,,,S9/F.1-2,130.52,139.56
play,9,1,571972,,,6/P,116.47,161.65
play,9,1,594854,,,NP
sub,516612,Jhonatan Arias,1,9,11
play,9,1,516612,,,K
id,EliAPP201007270
info,visteam,GreAPP
info,hometeam,EliAPP
info,date,2010/07/27
start,595831,Jonathan Merritt,0,1,6
start,542165,Pedro Feliz,0,2,4
start,548300,Chris Wallace,0,3,2
start,595832,Marcus Nidiffer,0,4,3
start,502316,Rafael Valenzuela,0,5,5
start,571981,Telvin Nash,0,6,7
start,573245,Bubby Williams,0,7,10
start,516430,Emilio King,0,8,9
start,595291,Bryce Lane,0,9,8
start,595798,Ruben Alaniz,0,0,1
start,542454,Daniel Santana,1,1,6
start,573121,Nate Roberts,1,2,7
start,542455,Oswaldo Arcia,1,3,9
start,594896,Andy Leer,1,4,5
start,543611,Daniel Ortiz,1,5,10
start,571861,Kyle Knudson,1,6,2
start,592184,Brian Burke,1,7,3
start,572993,Nick Lockwood,1,8,4
start,594854,Brandon Henderson,1,9,8
start,516614,Manuel Soliman,1,0,1
play,1,0,595831,,,9/F,162.65,98.39
play,1,0,542165,,,K
play,1,0,548300,,,D8/L,120.48,82.33
play,1,0,595832,,,WP.2-3
play,1,0,595832,,,K
play,1,1,542454,,,7/F,70.28,107.43
play,1,1,573121,,,K
play,1,1,542455,,,E6,125.50,157.63
play,1,1,594896,,,FC6/G.1X2(64),112.45,149.60
play,2,0,502316,,,K
play,2,0,571981,,,W
play,2,0,573245,,,K
play,2,0,516430,,,CS2
play,2,1,543611,,,K
play,2,1,571861,,,K
play,2,1,592184,,,S7/L,81.33,95.38
play,2,1,572993,,,WP.1-2
play,2,1,572993,,,K
play,3,0,516430,,,K
play,3,0,595291,,,S5/BG,103.41,170.68
play,3,0,595831,,,K
play,3,0,542165,,,3/G,152.61,162.65
play,3,1,594854,,,W
play,3,1,542454,,,3/G.1-2,148.59,166.67
play,3,1,573121,,,7/F,80.32,108.43
play,3,1,542455,,,K
play,4,0,548300,,,K+WP.B-1
play,4,0,595832,,,8/F,111.45,78.31
play,4,0,502316,,,K+WP.1-2
play,4,0,571981,,,4/P,133.53,160.64
play,4,1,594896,,,NP
sub,500767,Ricardo Garcia,0,5,5
play,4,1,594896,,,K
play,4,1,543611,,,K
play,4,1,571861,,,K
play,5,0,573245,,,9/F,164.66,80.32
play,5,0,516430,,,K
play,5,0,595291,,,W
play,5,0,595831,,,PO1(13)
play,5,1,592184,,,K
play,5,1,572993,,,K
play,5,1,594854,,,13/G,118.47,193.78
play,6,0,595831,,,K
play,6,0,542165,,,S9/L,169.68,85.34
play,6,0,548300,,,S1/G.1-2,127.51,198.80
play,6,0,595832,,,S9/L.1-2;2-H,155.62,91.37
play,6,0,500767,,,3/L,141.57,168.67
play,6,0,571981,,,K
play,6,1,542454,,,NP
sub,572142,Travis Smink,0,0,1
play,6,1,542454,,,3/PF,160.64,182.73
play,6,1,573121,,,K
play,6,1,542455,,,63/G,109.44,147.59
play,7,0,573245,,,D7/L,57.23,111.45
play,7,0,516430,,,K
play,7,0,595291,,,D9/F.2-H,170.68,83.33
play,7,0,595831,,,K
play,7,0,542165,,,NP
sub,594951,Ryan O'Rourke,1,0,1
play,7,0,542165,,,S7/L.2XH,68.27,96.39
play,7,1,594896,,,9/F,167.67,89.36
play,7,1,543611,,,43/G,142.57,145.58
play,7,1,571861,,,NP
sub,500764,Jeiler Castillo,0,0,1
play,7,1,571861,,,K
play,8,0,548300,,,S1/G,120.48,189.76
play,8,0,595832,,,K
play,8,0,500767,,,63/G.1-2,100.40,161.65
play,8,0,571981,,,WP.2-3
play,8,0,571981,,,K
play,8,1,592184,,,NP
sub,572938,Ryan Humphrey,0,6,7
play,8,1,592184,,,HR/F,38.15,60.24
play,8,1,572993,,,13/G,127.51,180.72
play,8,1,594854,,,K23
play,8,1,542454,,,W
play,8,1,573121,,,NP
sub,572173,Brian Streilein,0,0,1
play,8,1,573121,,,SB2
play,8,1,573121,,,K
play,9,0,573245,,,K
play,9,0,516430,,,63/G,104.42,151.61
play,9,0,595291,,,K
play,9,1,542455,,,D9/L.BX3(965),163.65,82.33
play,9,1,594896,,,S7/G,73.29,96.39
play,9,1,543611,,,WP.1-2
play,9,1,543611,,,K
play,9,1,571861,,,NP
sub,594849,Jamaal Hawkins,1,6,11
play,9,1,594849,,,D7/L.2-H,46.18,108.43
play,9,1,592184,,,IW
play,9,1,572993,,,K
play,10,0,595831,,,NP
sub,516612,Jhonatan Arias,1,6,2
play,10,0,595831,,,K
play,10,0,542165,,,S6/G,113.45,158.63
play,10,0,548300,,,NP
sub,573624,Zach See,1,0,1
play,10,0,548300,,,SB2
play,10,0,548300,,,IW
play,10,0,595832,,,K
play,10,0,500767,,,6/P,112.45,150.60
play,10,1,594854,,,3/G,136.55,181.73
play,10,1,542454,,,S1/BG,115.46,188.76
play,10,1,573121,,,D8/L.1-H,96.39,59.24
id,EliAPP201007280
info,visteam,GreAPP
info,hometeam,EliAPP
info,date,2010/07/28
start,500767,Ricardo Garcia,0,1,5
start,542165,Pedro Feliz,0,2,4
start,548300,Chris Wallace,0,3,10
start,571981,Telvin Nash,0,4,7
start,595832,Marcus Nidiffer,0,5,3
start,504333,Carlos Mojica,0,6,2
start,516429,Ricardo Heredia,0,7,9
start,595831,Jonathan Merritt,0,8,6
start,595291,Bryce Lane,0,9,8
start,542170,Ricardo Batista,0,0,1
start,542454,Daniel Santana,1,1,6
start,594849,Jamaal Hawkins,1,2,4
start,542455,Oswaldo Arcia,1,3,8
start,594896,Andy Leer,1,4,5
start,543611,Daniel Ortiz,1,5,7
start,571861,Kyle Knudson,1,6,10
start,592184,Brian Burke,1,7,3
start,516612,Jhonatan Arias,1,8,2
start,475774,Gunner Glad,1,9,9
start,543297,B. Hermsen,1,0,1
play,1,0,500767,,,K
play,1,0,542165,,,8/F,104.42,85.34
play,1,0,548300,,,K
play,1,1,542454,,,K
play,1,1,594849,,,9/F,176.71,109.44
play,1,1,542455,,,K
play,2,0,571981,,,43/G,145.58,174.70
play,2,0,595832,,,HP
play,2,0,504333,,,K
play,2,0,516429,,,S9/L.1-3,180.72,106.43
play,2,0,595831,,,FC6/G.1X2(6),109.44,167.67
play,2,1,594896,,,63/G,96.39,178.71
play,2,1,543611,,,W
play,2,1,571861,,,K
play,2,1,592184,,,W.1-2
play,2,1,516612,,,WP.1-2;2-3
play,2,1,516612,,,6/P,105.42,171.69
play,3,0,595291,,,S8/G,108.43,136.55
play,3,0,500767,,,D9/F.1-3,177.71,122.49
play,3,0,542165,,,K
play,3,0,548300,,,S9/L.2-3;3-H,165.66,134.54
play,3,0,571981,,,HR/F.1-H;3-H,37.15,51.20
play,3,0,595832,,,S7/L,87.35,148.59
play,3,0,504333,,,K
play,3,0,516429,,,K
play,3,1,475774,,,7/F,59.24,119.48
play,3,1,542454,,,HR/F,30.12,80.32
play,3,1,594849,,,43/G,136.55,165.66
play,3,1,542455,,,S4/G,150.60,167.67
play,3,1,594896,,,K
play,4,0,595831,,,S9/L,145.58,156.63
play,4,0,595291,,,7/F,45.18,106.43
play,4,0,500767,,,FC6/G.1X2(64);B-1,96.39,167.67
play,4,0,542165,,,K
play,4,1,543611,,,K
play,4,1,571861,,,63/G,101.41,174.70
play,4,1,592184,,,2/PF,131.53,225.90
play,5,0,548300,,,K
play,5,0,571981,,,43/G,138.55,165.66
play,5,0,595832,,,HP
play,5,0,504333,,,CS2
play,5,1,516612,,,7/F,61.24,102.41
play,5,1,475774,,,4/P,145.58,158.63
play,5,1,542454,,,4/P,134.54,169.68
play,6,0,504333,,,K
play,6,0,516429,,,53/G,101.41,174.70
play,6,0,595831,,,K
play,6,1,594849,,,W
play,6,1,542455,,,NP
sub,518514,Garrett Bullock,0,0,1
play,6,1,542455,,,K
play,6,1,594896,,,WP.1-2
play,6,1,594896,,,W
play,6,1,543611,,,6/P,105.42,172.69
play,6,1,571861,,,NP
sub,595224,Paul Gerrish,0,0,1
play,6,1,571861,,,K
play,7,0,595291,,,NP
sub,501717,Jean Mijares,1,0,1
play,7,0,595291,,,7/F,53.21,109.44
play,7,0,500767,,,W
play,7,0,542165,,,K+SB2;1-3(E2)(E2/TH)
play,7,0,548300,,,HP
play,7,0,571981,,,K
play,7,1,592184,,,S9/F,156.63,105.42
play,7,1,516612,,,E7.1-2,52.21,92.37
play,7,1,475774,,,WP.1-2;2-3
play,7,1,475774,,,S7/L.2-3;3-H,96.39,151.61
play,7,1,542454,,,S7/G.1-3;3-H,95.38,136.55
play,7,1,594849,,,CS2
play,7,1,594849,,,3/SF.3-H,167.67,188.76
play,7,1,542455,,,43/G,143.57,172.69
play,8,0,595832,,,W
play,8,0,504333,,,NP
sub,493556,David Gutierrez,1,0,1
play,8,0,504333,,,13/SH.1-2,124.50,191.77
play,8,0,516429,,,63/G,105.42,163.65
play,8,0,595831,,,63/G,106.43,178.71
play,8,1,594896,,,NP
sub,516430,Emilio King,0,4,7
play,8,1,594896,,,63/G,106.43,174.70
play,8,1,543611,,,K
play,8,1,571861,,,63/G,114.46,170.68
play,9,0,595291,,,K
play,9,0,500767,,,D7/L,67.27,129.52
play,9,0,542165,,,K
play,9,0,548300,,,IW
play,9,0,516430,,,W.1-2;2-3
play,9,0,595832,,,FC5/G.1X2(54),104.42,181.73
play,9,1,592184,,,NP
sub,574988,Philip Rorabaugh,0,0,1
play,9,1,592184,,,S6/G,112.45,171.69
play,9,1,placeholder,,,NP
sub,573121,Nate Roberts,1,7,12
play,9,1,516612,,,13/SH.1-2,126.51,186.75
play,9,1,475774,,,31/G.2-3,151.61,172.69
play,9,1,542454,,,NP
sub,592225,Ryan Cole,0,0,1
play,9,1,542454,,,43/G,141.57,175.70
play,10,0,504333,,,NP
sub,542455,Oswaldo Arcia,1,3,9
play,10,0,516429,,,NP
sub,594854,Brandon Henderson,1,7,8
play,10,0,595831,,,NP
sub,475774,Gunner Glad,1,9,3
play,10,0,504333,,,S8/L,131.53,123.49
play,10,0,516429,,,13/SH.1-2,119.48,189.76
play,10,0,595831,,,IW
play,10,0,595291,,,3/P,143.57,186.75
play,10,0,500767,,,53/G,105.42,179.72
play,10,1,594849,,,9/F,182.73,114.46
play,10,1,542455,,,43/G,133.53,171.69
play,10,1,594896,,,53/G,99.40,178.71
play,11,0,542165,,,NP
sub,542561,Jose Gonzalez,1,0,1
play,11,0,542165,,,2/BPF,122.49,221.89
play,11,0,548300,,,K
play,11,0,516430,,,43/G,139.56,176.71
play,11,1,543611,,,NP
sub,571585,Jamaine Cotton,0,0,1
play,11,1,543611,,,S7/L,87.35,159.64
play,11,1,571861,,,WP.1-2
play,11,1,571861,,,14/SH.2-3,131.53,188.76
play,11,1,594854,,,S8/L.3-H,129.52,125.50
id,EliAPP201008061
info,visteam,BluAPP
info,hometeam,EliAPP
info,date,2010/08/06
start,525988,Moises Ciriaco,0,1,4
start,570727,Dudley Leonora,0,2,5
start,572245,Brenden Webb,0,3,8
start,543848,Corey Thomas,0,4,3
start,572000,Michael Ohlman,0,5,2
start,489314,Jeremy Shelby,0,6,9
start,598415,Greyson Schram,0,7,10
start,570731,Jonathan Schoop,0,8,6
start,543024,Edwin Cintron,0,9,7
start,543637,Zachary Petersime,0,0,1
start,542454,Daniel Santana,1,1,6
start,573121,Nate Roberts,1,2,10
start,542455,Oswaldo Arcia,1,3,8
start,594896,Andy Leer,1,4,5
start,543611,Daniel Ortiz,1,5,7
start,592184,Brian Burke,1,6,3
start,571861,Kyle Knudson,1,7,2
start,594849,Jamaal Hawkins,1,8,4
start,475774,Gunner Glad,1,9,9
start,592244,Logan Darnell,1,0,1
play,1,0,525988,,,E4,137.55,174.70
play,1,0,570727,,,E6.1-2,114.46,173.69
play,1,0,572245,,,WP.1-2;2-3
play,1,0,572245,,,K
play,1,0,543848,,,HR/F.2-H;3-H,177.71,46.18
play,1,0,572000,,,9/F,176.71,113.45
play,1,0,489314,,,9/F,156.63,138.55
play,1,1,542454,,,31/G,138.55,195.78
play,1,1,573121,,,K
play,1,1,542455,,,T7/F,55.22,105.42
play,1,1,594896,,,7/F,47.19,118.47
play,2,0,598415,,,K
play,2,0,570731,,,S8/G,99.40,124.50
play,2,0,placeholder,,,PO1(1?)
play,2,0,543024,,,K
play,2,1,543611,,,6/P,117.47,166.67
play,2,1,592184,,,W
play,2,1,571861,,,D9/L.1-3,158.63,130.52
play,2,1,594849,,,63/G.2-3;3-H,104.42,171.69
play,2,1,475774,,,9/F,142.57,126.51
play,3,0,525988,,,E6,110.44,168.67
play,3,0,570727,,,S8/F.1-2,111.45,110.44
play,3,0,572245,,,E1.1-2;2-H,124.50,195.78
play,3,0,543848,,,WP.1-2;2-3
play,3,0,543848,,,K
play,3,0,572000,,,S8/L.2-H;3-H,119.48,106.43
play,3,0,489314,,,FC6/G.1X2(6);B-2(E6/TH),108.43,169.68
play,3,0,598415,,,3/PF,194.78,206.83
play,3,1,542454,,,NP
sub,596745,Chris Petrini,0,0,1
play,3,1,542454,,,HR/F,4.02,62.25
play,3,1,573121,,,31/G,146.59,181.73
play,3,1,542455,,,4/L,152.61,171.69
play,3,1,594896,,,6/P,108.43,171.69
play,4,0,570731,,,NP
sub,543859,Michael Tonkin,1,0,1
play,4,0,570731,,,9/F,172.69,136.55
play,4,0,543024,,,K
play,4,0,525988,,,63/G,122.49,163.65
play,4,1,543611,,,31/G,137.55,184.74
play,4,1,592184,,,D8/F,86.35,101.41
play,4,1,571861,,,WP.2-3
play,4,1,571861,,,43/G.3-H,135.54,169.68
play,4,1,594849,,,K
play,5,0,570727,,,E1/TH.B-2,124.50,196.79
play,5,0,572245,,,8/F.2-3,132.53,94.38
play,5,0,543848,,,K
play,5,0,572000,,,S8/L.3-H,138.55,108.43
play,5,0,489314,,,K
play,5,1,475774,,,7/F,55.22,123.49
play,5,1,542454,,,S7/G,77.31,126.51
play,5,1,573121,,,S7/L.1-3;BX2(963),83.33,135.54
play,5,1,542455,,,K
play,6,0,598415,,,NP
sub,501717,Jean Mijares,1,0,1
play,6,0,598415,,,K
play,6,0,570731,,,63/G,115.46,168.67
play,6,0,543024,,,K
play,6,1,594896,,,NP
sub,575248,Andrew Huebner,0,0,1
play,6,1,594896,,,K
play,6,1,543611,,,23/G,118.47,191.77
play,6,1,592184,,,HR/F,2.01,73.29
play,6,1,571861,,,NP
sub,504322,Sam Taveras,0,0,1
play,6,1,571861,,,53/G,109.44,182.73
play,7,0,525988,,,W
play,7,0,570727,,,K
play,7,0,572245,,,K+CS2
play,7,1,594849,,,63/G,106.43,183.73
play,7,1,475774,,,53/G,106.43,169.68
play,7,1,542454,,,K23
id,EliAPP201008062
info,visteam,BluAPP
info,hometeam,EliAPP
info,date,2010/08/06
start,572932,Kyle Hoppy,0,1,8
start,525988,Moises Ciriaco,0,2,4
start,501531,Luis Ramirez,0,3,9
start,572803,Brad Decater,0,4,5
start,573220,Joseph Velleggia,0,5,3
start,594785,Christopher Clinton,0,6,7
start,572882,Austin Goolsby,0,7,2
start,595472,Cody Young,0,8,10
start,500161,Javier Santana,0,9,6
start,594984,Cameron Roth,0,0,1
start,542454,Daniel Santana,1,1,6
start,573121,Nate Roberts,1,2,7
start,542455,Oswaldo Arcia,1,3,9
start,594896,Andy Leer,1,4,5
start,592184,Brian Burke,1,5,3
start,516612,Jhonatan Arias,1,6,10
start,571972,Buddy Munroe,1,7,2
start,572993,Nick Lockwood,1,8,4
start,594854,Brandon Henderson,1,9,8
start,543908,Blayne Weller,1,0,1
play,1,0,572932,,,K
play,1,0,525988,,,31/G,143.57,192.77
play,1,0,501531,,,53/G,113.45,184.74
play,1,1,542454,,,7/F,64.26,126.51
play,1,1,573121,,,S8/L,103.41,116.47
play,1,1,542455,,,WP.1-2
play,1,1,542455,,,K23
play,1,1,594896,,,8/F,103.41,84.34
play,2,0,572803,,,S8/G,111.45,122.49
play,2,0,573220,,,7/L,68.27,118.47
play,2,0,594785,,,K
play,2,0,572882,,,K
play,2,1,592184,,,8/F,126.51,91.37
play,2,1,516612,,,K
play,2,1,571972,,,W
play,2,1,572993,,,D7/L.1-H,79.32,140.56
play,2,1,594854,,,DGR/F8.2-H,117.47,83.33
play,2,1,542454,,,63/G,118.47,175.70
play,3,0,595472,,,K
play,3,0,500161,,,W
play,3,0,572932,,,S6/G.1-2,115.46,173.69
play,3,0,525988,,,S9/G.1-3;2-H;BX2(954),187.75,142.57
play,3,0,501531,,,K
play,3,1,573121,,,HP
play,3,1,542455,,,S7/F.1-2,90.36,129.52
play,3,1,594896,,,K
play,3,1,592184,,,W.1-2;2-3
play,3,1,516612,,,7/SF.3-H,97.39,114.46
play,3,1,571972,,,WP.1-2;2-3
play,3,1,571972,,,K
play,4,0,572803,,,S7/L,57.23,123.49
play,4,0,573220,,,D8/F.1-3,129.52,91.37
play,4,0,594785,,,43/G.2-3;3-H,127.51,173.69
play,4,0,572882,,,K
play,4,0,595472,,,K
play,4,1,572993,,,NP
sub,596741,Andy Deain,0,0,1
play,4,1,572993,,,K
play,4,1,594854,,,K
play,4,1,542454,,,S4/G,133.53,161.65
play,4,1,573121,,,CS2
play,5,0,500161,,,W
play,5,0,572932,,,7/F,72.29,129.52
play,5,0,525988,,,FC4/G.1X2(46);B-1,129.52,170.68
play,5,0,501531,,,K
play,5,1,573121,,,W
play,5,1,542455,,,WP.1-2
play,5,1,542455,,,4/P,152.61,168.67
play,5,1,594896,,,K
play,5,1,592184,,,E5/TH.2-H;B-2,95.38,183.73
play,5,1,516612,,,S9/L.2-H,178.71,138.55
play,5,1,571972,,,K
play,6,0,572803,,,NP
sub,542565,Adrian Salcedo,1,0,1
play,6,0,572803,,,W
play,6,0,573220,,,W.1-2
play,6,0,594785,,,NP
sub,543024,Edwin Cintron,0,4,12
play,6,0,594785,,,NP
sub,572245,Brenden Webb,0,6,11
play,6,0,572245,,,FC4/G.1X2(46);2-3;B-1,129.52,171.69
play,6,0,572882,,,8/SF.3-H,136.55,83.33
play,6,0,595472,,,NP
sub,572000,Michael Ohlman,0,8,11
play,6,0,572000,,,WP.1-2
play,6,0,572000,,,K
play,6,1,572993,,,NP
sub,572932,Kyle Hoppy,0,1,7
play,6,1,594854,,,NP
sub,570727,Dudley Leonora,0,4,5
play,6,1,542454,,,NP
sub,572245,Brenden Webb,0,6,8
play,6,1,573121,,,NP
sub,572000,Michael Ohlman,0,8,10
play,6,1,542455,,,NP
sub,571540,Dustin Carder,0,0,1
play,6,1,572993,,,43/G,143.57,173.69
play,6,1,594854,,,9/L,198.80,110.44
play,6,1,542454,,,HP
play,6,1,573121,,,K
play,7,0,500161,,,NP
sub,542561,Jose Gonzalez,1,0,1
play,7,0,500161,,,NP
sub,570731,Jonathan Schoop,0,9,11
play,7,0,570731,,,W
play,7,0,572932,,,NP
sub,489314,Jeremy Shelby,0,1,11
play,7,0,489314,,,K
play,7,0,525988,,,K
play,7,0,501531,,,7/F,56.22,113.45
id,EliAPP201008070
info,visteam,BluAPP
info,hometeam,EliAPP
info,date,2010/08/07
start,525988,Moises Ciriaco,0,1,4
start,570727,Dudley Leonora,0,2,5
start,572245,Brenden Webb,0,3,8
start,543848,Corey Thomas,0,4,3
start,572000,Michael Ohlman,0,5,2
start,573220,Joseph Velleggia,0,6,10
start,501531,Luis Ramirez,0,7,9
start,570731,Jonathan Schoop,0,8,6
start,572932,Kyle Hoppy,0,9,7
start,595360,Jacob Petitt,0,0,1
start,542454,Daniel Santana,1,1,6
start,594849,Jamaal Hawkins,1,2,4
start,573121,Nate Roberts,1,3,7
start,592184,Brian Burke,1,4,3
start,571861,Kyle Knudson,1,5,10
start,594896,Andy Leer,1,6,5
start,543611,Daniel Ortiz,1,7,9
start,516612,Jhonatan Arias,1,8,2
start,594854,Brandon Henderson,1,9,8
start,516614,Manuel Soliman,1,0,1
play,1,0,525988,,,63/G,108.43,174.70
play,1,0,570727,,,43/G,131.53,168.67
play,1,0,572245,,,31/G,144.58,178.71
play,1,1,542454,,,63/G,108.43,171.69
play,1,1,594849,,,K
play,1,1,573121,,,S3/G,142.57,179.72
play,1,1,592184,,,K
play,2,0,543848,,,K
play,2,0,572000,,,K
play,2,0,573220,,,K
play,2,1,571861,,,63/G,109.44,163.65
play,2,1,594896,,,S4/G,146.59,167.67
play,2,1,543611,,,S9/L.1-3,181.73,116.47
play,2,1,516612,,,2/PF,147.59,217.87
play,2,1,594854,,,HP.1-2
play,2,1,542454,,,K
play,3,0,501531,,,K
play,3,0,570731,,,9/F,171.69,113.45
play,3,0,572932,,,13/G,132.53,193.78
play,3,1,594849,,,W
play,3,1,573121,,,FC6/G.1X2(64);B-1,114.46,166.67
play,3,1,592184,,,K
play,3,1,571861,,,SB2
play,3,1,571861,,,9/F,165.66,111.45
play,4,0,525988,,,4/P,140.56,163.65
play,4,0,570727,,,S9/L,161.65,120.48
play,4,0,572245,,,6(1)3/G6/GDP,108.43,167.67
play,4,1,594896,,,K
play,4,1,543611,,,E4,139.56,169.68
play,4,1,516612,,,7/F,77.31,98.39
play,4,1,594854,,,K
play,5,0,543848,,,K
play,5,0,572000,,,63/G,108.43,168.67
play,5,0,573220,,,K
play,5,1,542454,,,K
play,5,1,594849,,,K
play,5,1,573121,,,S6/G.B-2(E6/TH),113.45,163.65
play,5,1,592184,,,D9/L.2-H,164.66,95.38
play,5,1,571861,,,S9/F.2-H,162.65,107.43
play,5,1,594896,,,K
play,6,0,501531,,,HP
play,6,0,570731,,,8/L,127.51,103.41
play,6,0,572932,,,K
play,6,0,525988,,,5/PF,82.33,195.78
play,6,1,543611,,,NP
sub,595429,Travis Strong,0,0,1
play,6,1,543611,,,K
play,6,1,516612,,,K
play,6,1,594854,,,9/F,170.68,112.45
play,7,0,570727,,,NP
sub,594951,Ryan O'Rourke,1,0,1
play,7,0,570727,,,S4/G,143.57,167.67
play,7,0,572245,,,5/PF,85.34,190.76
play,7,0,543848,,,S5/G.1-2,106.43,185.74
play,7,0,572000,,,D7/L.1-3;2-H,62.25,121.49
play,7,0,573220,,,FC5.2-3;3XH(52),107.43,189.76
play,7,0,501531,,,3/G,137.55,175.70
play,7,1,542454,,,3/G,152.61,178.71
play,7,1,594849,,,2/PF,108.43,222.89
play,7,1,573121,,,43/G,140.56,164.66
play,8,0,570731,,,D8/L,117.47,95.38
play,8,0,572932,,,SH.2-3;B-1,130.52,194.78
play,8,0,525988,,,NP
sub,493556,David Gutierrez,1,0,1
play,8,0,525988,,,WP.1-2;3-H
play,8,0,525988,,,43/G.2-3,137.55,159.64
play,8,0,570727,,,FC6.3XH(62),112.45,163.65
play,8,0,572245,,,WP.1-2
play,8,0,572245,,,6/L,113.45,163.65
play,8,1,592184,,,9/F,178.71,106.43
play,8,1,571861,,,S8/G,126.51,90.36
play,8,1,594896,,,WP.1-2
play,8,1,543611,,,NP
sub,572993,Nick Lockwood,1,5,12
play,8,1,594896,,,HR/F.2-H,41.16,62.25
play,8,1,543611,,,NP
sub,598171,Cory Ast,0,0,1
play,8,1,543611,,,HP
play,8,1,516612,,,NP
sub,571972,Buddy Munroe,1,8,11
play,8,1,571972,,,WP.1-2
play,8,1,571972,,,HP
play,8,1,594854,,,S7/F.1-3(E7)(E7/TH);2-H;B-2,63.25,107.43
play,8,1,542454,,,63/G.2-3;3-H,114.46,165.66
play,8,1,594849,,,8/L,110.44,97.39
play,9,0,543848,,,NP
sub,572993,Nick Lockwood,1,5,10
play,9,0,572000,,,NP
sub,571972,Buddy Munroe,1,8,2
play,9,0,543848,,,HP
play,9,0,572000,,,63/G.1-2,104.42,167.67
play,9,0,573220,,,8/F,138.55,91.37
play,9,0,501531,,,43/G,154.62,162.65
id,EliAPP201008080
info,visteam,JohAPP
info,hometeam,EliAPP
info,date,2010/08/08
start,594824,Greg Garcia,0,1,6
start,570805,Oscar Taveras,0,2,7
start,592774,Cody Stanley,0,3,2
start,501223,David Medina,0,4,10
start,521091,Romulo Ruiz,0,5,5
start,500675,Kleininger Teran,0,6,3
start,542465,Roberto Reyes,0,7,9
start,592286,Patrick Elkins,0,8,4
start,572265,Reggie Williams,0,9,8
start,571772,Hector Hernandez,0,0,1
start,542454,Daniel Santana,1,1,6
start,594854,Brandon Henderson,1,2,8
start,573121,Nate Roberts,1,3,10
start,592184,Brian Burke,1,4,3
start,594896,Andy Leer,1,5,5
start,543611,Daniel Ortiz,1,6,7
start,571861,Kyle Knudson,1,7,10
start,572993,Nick Lockwood,1,8,4
start,475774,Gunner Glad,1,9,9
start,543297,B. J. Hermsen,1,0,1
play,1,0,594824,,,S9/G,168.67,142.57
play,1,0,570805,,,3/G.1-2,132.53,190.76
play,1,0,592774,,,S8/G.2-H,103.41,121.49
play,1,0,501223,,,S8/F.1-2,122.49,120.48
play,1,0,521091,,,FC5/G.1-2;2X3(5);B-1,106.43,181.73
play,1,0,500675,,,S9/G.1-3;2-H,162.65,156.63
play,1,0,542465,,,K
play,1,1,542454,,,63/G,107.43,173.69
play,1,1,594854,,,K
play,1,1,573121,,,7/F,55.22,119.48
play,2,0,592286,,,S5/BG,106.43,183.73
play,2,0,572265,,,S9/F.1-2,143.57,140.56
play,2,0,594824,,,E2.1-2;2-3;B-1,94.42,101.89
play,2,0,570805,,,FC4/G.1X2(46);2-3;3-H;B-1,139.56,177.71
play,2,0,592774,,,CS2
play,2,0,592774,,,W
play,2,0,501223,,,S9/G.1-2;3-H,154.62,155.62
play,2,0,521091,,,K
play,2,1,592184,,,W
play,2,1,594896,,,WP.1-2
play,2,1,594896,,,7/L,108.43,131.53
play,2,1,543611,,,K
play,2,1,571861,,,63/G,125.50,166.67
play,3,0,500675,,,K
play,3,0,542465,,,D9/L,190.76,140.56
play,3,0,592286,,,8/F.2-3,112.45,96.39
play,3,0,572265,,,K
play,3,1,572993,,,63/G,110.44,170.68
play,3,1,475774,,,K
play,3,1,542454,,,6/P,116.47,167.67
play,4,0,594824,,,9/F,180.72,125.50
play,4,0,570805,,,K
play,4,0,592774,,,8/F,106.43,107.43
play,4,1,594854,,,S7/L,86.35,134.54
play,4,1,573121,,,S8/L.1-2,113.45,130.52
play,4,1,592184,,,WP.1-2;2-3
play,4,1,592184,,,FC6.2X3(65);3-H,117.47,174.70
play,4,1,594896,,,D9/L.1-3,179.72,135.54
play,4,1,543611,,,43/G.2-3;3-H,147.59,177.71
play,4,1,571861,,,43/G,139.56,174.70
play,5,0,501223,,,K23
play,5,0,521091,,,63/G,123.49,163.65
play,5,0,500675,,,S9/L,181.73,139.56
play,5,0,542465,,,S7/L.1-2,78.31,138.55
play,5,0,592286,,,S9/L.1-3;2-H,145.58,145.58
play,5,0,572265,,,K
play,5,1,572993,,,NP
sub,595166,Ryan Copeland,0,0,1
play,5,1,572993,,,E5/TH,104.42,180.72
play,5,1,475774,,,2/PF,13.05,192.77
play,5,1,542454,,,K
play,5,1,594854,,,53/G,110.44,177.71
play,6,0,594824,,,NP
sub,594951,Ryan O'Rourke,1,0,1
play,6,0,594824,,,13/BG,134.54,193.78
play,6,0,570805,,,3/G,146.59,192.77
play,6,0,592774,,,W
play,6,0,501223,,,K
play,6,1,573121,,,HP
play,6,1,592184,,,S7/L.1-2,67.27,135.54
play,6,1,594896,,,S8/F.1-2;2-3,109.44,113.45
play,6,1,543611,,,K
play,6,1,571861,,,FC4/G.1X2(46);2-3;3-H;B-1,150.60,172.69
play,6,1,572993,,,FC5/G.1X2(54),113.45,176.71
play,7,0,521091,,,13/G,124.50,196.79
play,7,0,500675,,,K
play,7,0,542465,,,S8/G,107.43,119.48
play,7,0,592286,,,9/F,147.59,128.51
play,7,1,475774,,,K+WP.B-1
play,7,1,542454,,,1(B)13()/LDP.1X1,123.49,195.78
play,7,1,594854,,,63/G,115.46,165.66
play,8,0,572265,,,NP
sub,501717,Jean Mijares,1,0,1
play,8,0,572265,,,7/F,76.31,127.51
play,8,0,594824,,,43/G,137.55,173.69
play,8,0,570805,,,K+WP.B-1
play,8,0,592774,,,W.1-2
play,8,0,501223,,,WP.1-2;2-3
play,8,0,501223,,,31/G,150.60,185.74
play,8,1,573121,,,8/F,111.45,89.36
play,8,1,592184,,,S8/G,113.45,129.52
play,8,1,594896,,,6/P,101.41,173.69
play,8,1,543611,,,4/P,128.51,175.70
play,9,0,521091,,,4/P,141.57,170.68
play,9,0,500675,,,43/G,142.57,176.71
play,9,0,542465,,,HP
play,9,0,592286,,,HR/F.1-H,200.80,72.29
play,9,0,572265,,,T9/L,178.71,113.45
play,9,0,594824,,,K
play,9,1,571861,,,NP
sub,523489,Hector Corpas,0,0,1
play,9,1,571861,,,7/L,60.24,118.47
play,9,1,572993,,,HR/F,23.09,76.31
play,9,1,475774,,,K
play,9,1,542454,,,K
id,EliAPP201008120
info,visteam,KinAPP
info,hometeam,EliAPP
info,date,2010/08/12
start,571724,Chase Greene,0,1,7
start,541603,Ismael Tijerina,0,2,4
start,573669,Aderlin Rodriguez,0,3,5
start,502095,Lucas Stewart,0,4,3
start,544938,Albert Cordero,0,5,2
start,572897,ZeErika McQueen,0,6,8
start,502799,Taylor Freeman,0,7,10
start,573153,John Semel,0,8,9
start,502402,Brandon Brown,0,9,6
start,571867,Jonathan Kountis,0,0,1
start,594849,Jamaal Hawkins,1,1,6
start,573121,Nate Roberts,1,2,7
start,542455,Oswaldo Arcia,1,3,8
start,592184,Brian Burke,1,4,3
start,543611,Daniel Ortiz,1,5,9
start,594896,Andy Leer,1,6,5
start,543650,Derrick Phillips,1,7,10
start,475774,Gunner Glad,1,8,4
start,571972,Buddy Munroe,1,9,2
start,516614,Manuel Soliman,1,0,1
play,1,0,571724,,,S8/L,81.33,111.45
play,1,0,541603,,,CS2
play,1,0,541603,,,K
play,1,0,573669,,,HR/F,28.11,79.32
play,1,0,502095,,,D9/L,187.75,140.56
play,1,0,544938,,,8/F,121.49,93.37
play,1,1,594849,,,K
play,1,1,573121,,,W
play,1,1,542455,,,W.1-2
play,1,1,592184,,,K
play,1,1,543611,,,7/F,65.26,125.50
play,2,0,572897,,,53/G,112.45,176.71
play,2,0,502799,,,K
play,2,0,573153,,,K
play,2,1,594896,,,7/F,42.17,128.51
play,2,1,543650,,,K23
play,2,1,475774,,,4/P,145.58,180.72
play,3,0,502402,,,W
play,3,0,571724,,,FC3/G.1X2(36);B-1,139.56,185.74
play,3,0,541603,,,FC6/G.1X2(64);B-1,113.45,176.71
play,3,0,573669,,,D7/L.1-3,88.35,134.54
play,3,0,502095,,,S9/L.2-H;3-H,141.57,151.61
play,3,0,544938,,,W.1-2
play,3,0,572897,,,4/P,134.54,170.68
play,3,1,571972,,,2/PF,203.82,220.88
play,3,1,594849,,,W
play,3,1,573121,,,HR/F.1-H,216.87,73.29
play,3,1,542455,,,4/L,145.58,183.73
play,3,1,592184,,,K
play,4,0,502799,,,K
play,4,0,573153,,,9/F,133.53,134.54
play,4,0,502402,,,S9/L,169.68,165.66
play,4,0,571724,,,CS2
play,4,1,543611,,,8/F,92.37,116.47
play,4,1,594896,,,S9/L,176.71,154.62
play,4,1,543650,,,K
play,4,1,475774,,,HP.1-2
play,4,1,571972,,,K
play,5,0,541603,,,NP
sub,594951,Ryan O'Rourke,1,0,1
play,5,0,571724,,,63/G,101.41,163.65
play,5,0,541603,,,E5,108.43,175.70
play,5,0,573669,,,5/PF,50.20,189.76
play,5,0,502095,,,WP.1-2
play,5,0,502095,,,5/P,105.42,178.71
play,5,1,594849,,,HP
play,5,1,573121,,,NP
sub,571560,T. J. Chism,0,0,1
play,5,1,573121,,,S7/F.1-3;B-2(E7),90.36,134.54
play,5,1,542455,,,43/G.2-3;3-H,122.49,170.68
play,5,1,592184,,,WP.3-H
play,5,1,592184,,,K
play,5,1,543611,,,53/G,100.40,178.71
play,6,0,544938,,,S6/G,104.42,168.67
play,6,0,572897,,,S7/G.1-2,98.39,148.59
play,6,0,502799,,,14/SH.1-2;2-3,123.49,195.78
play,6,0,573153,,,S9/F.2-3;3-H,140.56,145.58
play,6,0,502402,,,D7/L.1-3;3-H,66.27,138.55
play,6,0,571724,,,W
play,6,0,541603,,,64(1)3/GDP/G6,122.49,166.67
play,6,1,594896,,,43/G,136.55,173.69
play,6,1,543650,,,43/G,127.51,171.69
play,6,1,475774,,,S7/F,67.27,129.52
play,6,1,571972,,,13/G,124.50,189.76
play,7,0,573669,,,K
play,7,0,502095,,,K
play,7,0,544938,,,4/P,154.62,174.70
play,7,1,594849,,,K23
play,7,1,573121,,,W
play,7,1,542455,,,K
play,7,1,592184,,,NP
sub,595027,Michael Weldon,0,0,1
play,7,1,592184,,,9/F,181.73,105.42
play,8,0,572897,,,NP
sub,592324,Justin Gallant,1,0,1
play,8,0,572897,,,K
play,8,0,502799,,,K
play,8,0,573153,,,9/F,161.65,122.49
play,8,1,543611,,,6/P,101.41,160.64
play,8,1,594896,,,K
play,8,1,543650,,,W
play,8,1,475774,,,K
play,9,0,502402,,,S7/G,83.33,140.56
play,9,0,571724,,,13/SH.1-2,126.51,193.78
play,9,0,541603,,,8/F.2-3,98.39,102.41
play,9,0,573669,,,43/G,133.53,179.72
play,9,1,571972,,,K
play,9,1,594849,,,7/L,100.40,121.49
play,9,1,573121,,,W
play,9,1,542455,,,WP.1-2
play,9,1,542455,,,IW
play,9,1,592184,,,S9/L.1-2;2-H,164.66,143.57
play,9,1,543611,,,HR/F.1-H;2-H,187.75,63.25
id,EliAPP201008130
info,visteam,KinAPP
info,hometeam,EliAPP
info,date,2010/08/13
start,571724,Chase Greene,0,1,8
start,514914,Ray Van Gurp,0,2,4
start,573669,Aderlin Rodriguez,0,3,5
start,502095,Lucas Stewart,0,4,3
start,572897,ZeErika McQueen,0,5,7
start,572284,Nelfi Zapata,0,6,2
start,573153,John Semel,0,7,9
start,502799,Taylor Freeman,0,8,10
start,502402,Brandon Brown,0,9,6
start,543290,Michael Hebert,0,0,1
start,594849,Jamaal Hawkins,1,1,6
start,573121,Nate Roberts,1,2,10
start,542455,Oswaldo Arcia,1,3,9
start,592184,Brian Burke,1,4,3
start,543611,Daniel Ortiz,1,5,7
start,594896,Andy Leer,1,6,5
start,571861,Kyle Knudson,1,7,2
start,572993,Nick Lockwood,1,8,4
start,594854,Brandon Henderson,1,9,8
start,543297,B. J. Hermsen,1,0,1
play,1,0,571724,,,K
play,1,0,514914,,,7/F,59.24,110.44
play,1,0,573669,,,2/PF,116.47,222.89
play,1,1,594849,,,W
play,1,1,573121,,,DGR/F7.1-3,46.18,84.34
play,1,1,542455,,,43/G.2-3;3-H,141.57,164.66
play,1,1,592184,,,K
play,1,1,543611,,,K
play,2,0,502095,,,8/F,141.57,71.29
play,2,0,572897,,,S8/G,156.63,109.44
play,2,0,572284,,,FC5/G.1X2(54);B-1,102.41,172.69
play,2,0,573153,,,K
play,2,1,594896,,,13/G,124.50,191.77
play,2,1,571861,,,K
play,2,1,572993,,,E6.B-2,101.41,163.65
play,2,1,594854,,,S4/G.2-H;B-2,138.55,165.66
play,2,1,594849,,,W
play,2,1,573121,,,W.1-2;2-3
play,2,1,542455,,,7/F,53.21,125.50
play,3,0,502799,,,8/F,139.56,82.33
play,3,0,502402,,,53/G,105.42,179.72
play,3,0,571724,,,13/G,125.50,187.75
play,3,1,592184,,,43/G,135.54,163.65
play,3,1,543611,,,D8/L,130.52,90.36
play,3,1,594896,,,63/G,111.45,162.65
play,3,1,571861,,,D7/L.2-H,53.21,121.49
play,3,1,572993,,,43/G,128.51,166.67
play,4,0,514914,,,3/P,147.59,178.71
play,4,0,573669,,,53/G,101.41,171.69
play,4,0,502095,,,K
play,4,1,594854,,,K
play,4,1,594849,,,63/G,110.44,163.65
play,4,1,573121,,,41/G,136.55,175.70
play,5,0,572897,,,13/G,127.51,195.78
play,5,0,572284,,,K
play,5,0,573153,,,W
play,5,0,502799,,,SB2
play,5,0,502799,,,31/G,144.58,166.67
play,5,1,542455,,,K
play,5,1,592184,,,S7/L,66.27,129.52
play,5,1,543611,,,S9/G.1-3,176.71,142.57
play,5,1,594896,,,PB.1-2;3-H
play,5,1,594896,,,8/F,127.51,89.36
play,5,1,571861,,,WP.2-3
play,5,1,571861,,,S8/G.3-H,123.49,122.49
play,5,1,572993,,,S7/G.1-2,82.33,138.55
play,5,1,594854,,,NP
sub,595466,Steve Winnick,0,0,1
play,5,1,594854,,,43/G,129.52,167.67
play,6,0,502402,,,K
play,6,0,571724,,,K
play,6,0,514914,,,D8/L,113.45,82.33
play,6,0,573669,,,K
play,6,1,594849,,,S9/L,167.67,143.57
play,6,1,573121,,,E2.1-2;B-1,95.28,133.84
play,6,1,542455,,,D7/L.1-H;2-H,56.22,122.49
play,6,1,592184,,,S8/F.2-H,118.47,92.37
play,6,1,543611,,,36(1)3/GDP/G3,152.61,176.71
play,6,1,594896,,,53/G,107.43,182.73
play,7,0,502095,,,NP
sub,501717,Jean Mijares,1,0,1
play,7,0,502095,,,K
play,7,0,572897,,,S4/G,141.57,166.67
play,7,0,572284,,,8/F,135.54,101.41
play,7,0,573153,,,SB2
play,7,0,573153,,,K
play,7,1,571861,,,NP
sub,597972,Chase Huchingson,0,0,1
play,7,1,571861,,,4/L,132.53,163.65
play,7,1,572993,,,K
play,7,1,594854,,,S6/G,115.46,163.65
play,7,1,594849,,,K23
play,8,0,502799,,,NP
sub,542550,Amauris Valdez,0,8,11
play,8,0,542550,,,63/G,109.44,166.67
play,8,0,502402,,,13/G,124.50,196.79
play,8,0,571724,,,63/G,112.45,164.66
play,8,1,573121,,,NP
sub,542550,Amauris Valdez,0,8,10
play,8,1,573121,,,K
play,8,1,542455,,,K
play,8,1,592184,,,S5/G,105.42,180.72
play,8,1,543611,,,13/G,112.45,190.76
play,9,0,514914,,,K
play,9,0,573669,,,63/G,103.41,161.65
play,9,0,502095,,,S8/L,123.49,105.42
play,9,0,572897,,,K
id,EliAPP201008140
info,visteam,KinAPP
info,hometeam,EliAPP
info,date,2010/08/14
start,572897,ZeErika McQueen,0,1,8
start,514914,Ray Van Gurp,0,2,4
start,544938,Albert Cordero,0,3,10
start,502095,Lucas Stewart,0,4,3
start,543317,Charles Hinojosa,0,5,9
start,573153,John Semel,0,6,7
start,572284,Nelfi Zapata,0,7,2
start,502402,Brandon Brown,0,8,6
start,541603,Ismael Tijerina,0,9,5
start,542674,Gonzalez Germen,0,0,1
start,594849,Jamaal Hawkins,1,1,6
start,573121,Nate Roberts,1,2,7
start,542455,Oswaldo Arcia,1,3,8
start,592184,Brian Burke,1,4,3
start,543611,Daniel Ortiz,1,5,9
start,594896,Andy Leer,1,6,5
start,571861,Kyle Knudson,1,7,10
start,516612,Jhonatan Arias,1,8,2
start,475774,Gunner Glad,1,9,4
start,534737,Pat Dean,1,0,1
play,1,0,572897,,,9/F,184.74,103.41
play,1,0,514914,,,S7/F,73.29,123.49
play,1,0,544938,,,54(1)3/GDP/G5,102.41,177.71
play,1,1,594849,,,9/F,183.73,115.46
play,1,1,573121,,,W
play,1,1,542455,,,K
play,1,1,592184,,,E6/TH.1-H;B-2,108.43,167.67
play,1,1,543611,,,31/G,151.61,174.70
play,2,0,502095,,,5/PF,101.41,203.82
play,2,0,543317,,,9/F,165.66,119.48
play,2,0,573153,,,9/F,177.71,121.49
play,2,1,594896,,,43/G,139.56,170.68
play,2,1,571861,,,6/P,112.45,158.63
play,2,1,516612,,,8/F,135.54,84.34
play,3,0,572284,,,K
play,3,0,502402,,,S8/G,131.53,94.38
play,3,0,541603,,,S7/G.1-2,71.29,124.50
play,3,0,572897,,,K
play,3,0,514914,,,43/G,140.56,167.67
play,3,1,475774,,,S8/L,116.47,103.41
play,3,1,594849,,,S5/G.1-2,110.44,191.77
play,3,1,573121,,,K
play,3,1,542455,,,S7/F.1-2;2-3,81.33,127.51
play,3,1,592184,,,46(1)3/GDP/G4,135.54,163.65
play,4,0,544938,,,53/G,103.41,181.73
play,4,0,502095,,,43/G,137.55,167.67
play,4,0,543317,,,9/F,178.71,114.46
play,4,1,543611,,,K
play,4,1,594896,,,S8/G,128.51,98.39
play,4,1,571861,,,FC6/G.1X2(64);B-1,112.45,168.67
play,4,1,516612,,,63/G,110.44,176.71
play,5,0,573153,,,E6,110.44,168.67
play,5,0,572284,,,46(1)3/GDP/G4,134.54,162.65
play,5,0,502402,,,K
play,5,1,475774,,,D7/L,39.16,126.51
play,5,1,594849,,,E6,110.44,168.67
play,5,1,573121,,,K
play,5,1,542455,,,S7/L.1-2;2-3,71.29,120.48
play,5,1,592184,,,K
play,5,1,543611,,,D7/L.1-H;2-H;3-H,31.12,113.45
play,5,1,594896,,,K
play,6,0,541603,,,53/G,105.42,178.71
play,6,0,572897,,,6/P,108.43,168.67
play,6,0,514914,,,S7/L,68.27,121.49
play,6,0,544938,,,6/P,113.45,172.69
play,6,1,571861,,,NP
sub,595152,Hunter Carnevale,0,0,1
play,6,1,571861,,,S8/G,130.52,94.38
play,6,1,516612,,,9/F,171.69,114.46
play,6,1,475774,,,9/F,175.70,113.45
play,6,1,594849,,,S8/L.1-3;B-2(E8),133.53,98.39
play,6,1,573121,,,WP.2-3;3-H
play,6,1,573121,,,8/F,129.52,89.36
play,7,0,502095,,,NP
sub,543859,Michael Tonkin,1,0,1
play,7,0,502095,,,5/PF,100.40,200.80
play,7,0,543317,,,S8/G,121.49,99.40
play,7,0,573153,,,9/F,170.68,115.46
play,7,0,572284,,,E5.1-2,103.41,177.71
play,7,0,502402,,,7/F,73.29,107.43
play,7,1,542455,,,NP
sub,541596,Jhonathan Torres,0,0,1
play,7,1,542455,,,K
play,7,1,592184,,,K
play,7,1,543611,,,K
play,8,0,541603,,,NP
sub,542565,Adrian Salcedo,1,0,1
play,8,0,541603,,,3/G,150.60,182.73
play,8,0,572897,,,S8/G,132.53,103.41
play,8,0,514914,,,HR/F.1-H,210.84,74.30
play,8,0,544938,,,K
play,8,0,502095,,,53/G,103.41,178.71
play,8,1,594896,,,3/P,145.58,179.72
play,8,1,571861,,,S8/F,124.50,103.41
play,8,1,516612,,,8/F,119.48,94.38
play,8,1,475774,,,FC6/G.1X2(64),115.46,165.66
play,9,0,543317,,,NP
sub,542561,Jose Gonzalez,1,0,1
play,9,0,543317,,,9/F,199.80,110.44
play,9,0,573153,,,K
play,9,0,572284,,,S8/L,127.51,97.39
play,9,0,502402,,,DI.1-2
play,9,0,502402,,,53/G,106.43,177.71
id,EliAPP201008150
info,visteam,GreAPP
info,hometeam,EliAPP
info,date,2010/08/15
start,592261,Delino DeShieldsJr.,0,1,8
start,595831,Jonathan Merritt,0,2,6
start,455390,Jhonny Medrano,0,3,10
start,571981,Telvin Nash,0,4,7
start,592629,Roberto Pena,0,5,2
start,502316,Rafael Valenzuela,0,6,3
start,516430,Emilio King,0,7,9
start,500767,Ricardo Garcia,0,8,4
start,542605,Hector Rodriguez,0,9,5
start,592826,Vincent Velasquez,0,0,1
start,594849,Jamaal Hawkins,1,1,6
start,573121,Nate Roberts,1,2,10
start,542455,Oswaldo Arcia,1,3,9
start,592184,Brian Burke,1,4,5
start,543611,Daniel Ortiz,1,5,7
start,571861,Kyle Knudson,1,6,2
start,475774,Gunner Glad,1,7,10
start,572993,Nick Lockwood,1,8,4
start,594854,Brandon Henderson,1,9,8
start,592244,Logan Darnell,1,0,1
play,1,0,592261,,,K
play,1,0,595831,,,3/G,153.61,169.68
play,1,0,455390,,,S8/F.B-2(E8),123.49,90.36
play,1,0,571981,,,S8/G.2-H,104.42,86.35
play,1,0,592629,,,8/F,137.55,68.27
play,1,1,594849,,,53/G,104.42,169.68
play,1,1,573121,,,HR/F,49.20,63.25
play,1,1,542455,,,53/G,101.41,170.68
play,1,1,592184,,,13/G,120.48,188.76
play,2,0,502316,,,D9/L,170.68,95.38
play,2,0,516430,,,S4/G.2-3,141.57,153.61
play,2,0,500767,,,S7/L.1-2;3-H,93.37,82.33
play,2,0,542605,,,SH.1-2;2-3;B-1,124.50,191.77
play,2,0,592261,,,6(1)3/G6/GDP.2-3;3-H,115.46,155.62
play,2,0,595831,,,8/F,114.46,93.37
play,2,1,543611,,,6/P,114.46,154.62
play,2,1,571861,,,43/G,142.57,150.60
play,2,1,475774,,,HP
play,2,1,placeholder,,,NP
sub,543650,Derrick Phillips,1,7,12
play,2,1,572993,,,8/F,116.47,83.33
play,3,0,455390,,,NP
sub,592184,Brian Burke,1,4,5
play,3,0,571981,,,NP
sub,571861,Kyle Knudson,1,6,3
play,3,0,592629,,,NP
sub,571972,Buddy Munroe,1,7,2
play,3,0,455390,,,3/P,157.63,173.69
play,3,0,571981,,,K
play,3,0,592629,,,S7/G,72.29,96.39
play,3,0,502316,,,HR/F.1-H,203.82,51.20
play,3,0,516430,,,K
play,3,1,594854,,,43/G,142.57,161.65
play,3,1,594849,,,S9/L,158.63,79.32
play,3,1,573121,,,36(1)3/GDP/G3,154.62,168.67
play,4,0,500767,,,D7/L,52.21,104.42
play,4,0,542605,,,E5/TH,109.44,169.68
play,4,0,592261,,,9/F.2-3,181.73,100.40
play,4,0,595831,,,6/P,115.46,153.61
play,4,0,455390,,,CS2
play,4,1,542455,,,S8/G,114.46,82.33
play,4,1,592184,,,53/G.1-2,95.38,170.68
play,4,1,543611,,,K
play,4,1,571861,,,S9/L.2-H;BX2(926),188.76,88.35
play,5,0,571981,,,NP
sub,592324,Justin Gallant,1,0,1
play,5,0,455390,,,K
play,5,0,571981,,,63/G,118.47,156.63
play,5,0,592629,,,53/G,109.44,170.68
play,5,1,571972,,,K
play,5,1,572993,,,5/L,116.47,167.67
play,5,1,594854,,,7/F,89.36,94.38
play,6,0,502316,,,K
play,6,0,516430,,,K
play,6,0,500767,,,7/F,64.26,103.41
play,6,1,594849,,,63/G,116.47,151.61
play,6,1,573121,,,NP
sub,515808,Gabriel Garcia,0,0,1
play,6,1,573121,,,HR/F,74.30,35.14
play,6,1,542455,,,5/L,94.38,162.65
play,6,1,592184,,,HP
play,6,1,543611,,,FC6/G.1X2(64),110.44,159.64
play,7,0,542605,,,53/G,105.42,165.66
play,7,0,592261,,,S8/F,126.51,73.29
play,7,0,595831,,,SB2
play,7,0,595831,,,W
play,7,0,455390,,,PB.1-2;2-3
play,7,0,455390,,,K
play,7,0,571981,,,W
play,7,0,592629,,,HP.1-2;2-3;3-H
play,7,0,502316,,,NP
sub,543859,Michael Tonkin,1,0,1
play,7,0,502316,,,K
play,7,1,571861,,,S7/L,80.32,87.35
play,7,1,571972,,,WP.1-2
play,7,1,571972,,,9/F,173.69,87.35
play,7,1,572993,,,53/G,111.45,173.69
play,7,1,594854,,,S4/G.2-3,138.55,147.59
play,7,1,594849,,,NP
sub,572142,Travis Smink,0,0,1
play,7,1,594849,,,43/G,141.57,159.64
play,8,0,516430,,,S8/F,94.38,74.30
play,8,0,500767,,,43/G.1-2,142.57,159.64
play,8,0,542605,,,43/G.2-3,143.57,154.62
play,8,0,592261,,,K
play,8,1,573121,,,K
play,8,1,542455,,,K
play,8,1,592184,,,63/G,116.47,152.61
play,9,0,595831,,,NP
sub,516612,Jhonatan Arias,1,3,9
play,9,0,595831,,,HP
play,9,0,455390,,,SB2
play,9,0,455390,,,D8/L.2-H,113.45,70.28
play,9,0,571981,,,W
play,9,0,592629,,,NP
sub,516429,Ricardo Heredia,0,4,12
play,9,0,592629,,,FC4/G.1X2(46);2-3;B-1,143.57,151.61
play,9,0,502316,,,NP
sub,594951,Ryan O'Rourke,1,0,1
play,9,0,502316,,,5/P,109.44,166.67
play,9,0,516430,,,S8/L.1-3;3-H,111.45,86.35
play,9,0,500767,,,K
play,9,1,543611,,,NP
sub,516429,Ricardo Heredia,0,4,7
play,9,1,543611,,,S4/G,133.53,164.66
play,9,1,571861,,,E6.1-2,104.42,153.61
play,9,1,571972,,,K
play,9,1,572993,,,4/P,135.54,151.61
play,9,1,594854,,,K
id,EliAPP201008250
info,visteam,PulAPP
info,hometeam,EliAPP
info,date,2010/08/25
start,500726,Mario Yepez,0,1,8
start,462088,Jetsy Extrano,0,2,5
start,500716,Jorge Agudelo,0,3,4
start,517539,Ramon Morla,0,4,10
start,515055,Jose Rivero,0,5,7
start,595143,Matt Browning,0,6,3
start,518466,Jabari Blash,0,7,9
start,595400,Jake Schlander,0,8,6
start,500719,Larry Gonzalez,0,9,2
start,570798,Richard Vargas,0,0,1
start,594854,Brandon Henderson,1,1,8
start,594896,Andy Leer,1,2,5
start,542455,Oswaldo Arcia,1,3,9
start,592184,Brian Burke,1,4,3
start,543611,Daniel Ortiz,1,5,7
start,571861,Kyle Knudson,1,6,10
start,516612,Jhonatan Arias,1,7,2
start,475774,Gunner Glad,1,8,4
start,594849,Jamaal Hawkins,1,9,6
start,516614,Manuel Soliman,1,0,1
play,1,0,500726,,,K
play,1,0,462088,,,53/G,90.36,185.74
play,1,0,500716,,,S6/G,126.51,177.71
play,1,0,517539,,,63/G,104.42,173.69
play,1,1,594854,,,W
play,1,1,594896,,,W.1-2
play,1,1,542455,,,8/L,128.51,106.43
play,1,1,592184,,,S8/L.1-3(E2)(E2);2-H;B-2,111.45,96.39
play,1,1,543611,,,S8/G.2-H;3-H,146.59,92.37
play,1,1,571861,,,43/G.1-2,147.59,172.69
play,1,1,516612,,,S7/L.2-H,70.28,125.50
play,1,1,placeholder,,,NP
sub,597054,Lance Abbott,0,0,1
play,1,1,475774,,,8/F,133.53,85.34
play,2,0,515055,,,7/F,80.32,110.44
play,2,0,595143,,,9/F,185.74,108.43
play,2,0,518466,,,W
play,2,0,595400,,,K
play,2,1,594849,,,D9/L,199.80,112.45
play,2,1,594854,,,HP
play,2,1,594896,,,36(1)3/GDP/G3.2-3,125.50,185.74
play,2,1,542455,,,W
play,2,1,592184,,,13/G,114.46,181.73
play,3,0,500719,,,8/F,113.45,85.34
play,3,0,500726,,,13/G,134.54,197.79
play,3,0,462088,,,K
play,3,1,543611,,,W
play,3,1,571861,,,6(1)3/G6/GDP,112.45,167.67
play,3,1,516612,,,9/F,166.67,118.47
play,4,0,500716,,,W
play,4,0,517539,,,SB2
play,4,0,517539,,,E6/TH.2-3,107.43,176.71
play,4,0,515055,,,S9/L.1-3;3-H,174.70,141.57
play,4,0,595143,,,K
play,4,0,518466,,,WP.1-2;3-H
play,4,0,518466,,,K
play,4,0,595400,,,4/P,146.59,159.64
play,4,1,475774,,,7/F,56.22,115.46
play,4,1,594849,,,43/G,153.61,172.69
play,4,1,594854,,,D8/F,123.49,73.29
play,4,1,594896,,,K
play,5,0,500719,,,S7/G,77.31,134.54
play,5,0,500726,,,E2/TH.1-2,125.50,209.84
play,5,0,462088,,,FC1/B.1-2;2X3(15);B-1,124.50,209.84
play,5,0,500716,,,T8/F.1-H;2-H,117.47,54.22
play,5,0,517539,,,K
play,5,0,515055,,,6/P,98.39,142.57
play,5,1,542455,,,S9/L,174.70,132.53
play,5,1,592184,,,CS2
play,5,1,592184,,,8/F,134.54,90.36
play,5,1,543611,,,43/G,144.58,172.69
play,6,0,595143,,,NP
sub,542565,Adrian Salcedo,1,0,1
play,6,0,595143,,,63/G,119.48,175.70
play,6,0,518466,,,K
play,6,0,595400,,,43/G,142.57,166.67
play,6,1,571861,,,S8/F,126.51,96.39
play,6,1,516612,,,5/PF,95.38,197.79
play,6,1,475774,,,K
play,6,1,594849,,,FC6/G.1X2(64),111.45,176.71
play,7,0,500719,,,K
play,7,0,500726,,,9/F,163.65,124.50
play,7,0,462088,,,53/G,92.37,185.74
play,7,1,594854,,,NP
sub,542940,Matthew Bischoff,0,0,1
play,7,1,594854,,,K
play,7,1,594896,,,43/G,149.60,173.69
play,7,1,542455,,,53/G,107.43,180.72
play,8,0,500716,,,9/F,137.55,124.50
play,8,0,517539,,,63/G,117.47,181.73
play,8,0,515055,,,8/F,135.54,103.41
play,8,1,592184,,,K
play,8,1,543611,,,K
play,8,1,571861,,,K23
play,9,0,595143,,,S6/G,107.43,175.70
play,9,0,518466,,,S9/F.1-3,195.78,114.46
play,9,0,595400,,,23/SH.1-2;3-H,113.45,191.77
play,9,0,500719,,,8/F.2X3(85),111.45,98.39
play,9,1,516612,,,W
play,9,1,475774,,,NP
sub,572993,Nick Lockwood,1,7,12
play,9,1,475774,,,13/SH.1-2,126.51,195.78
play,9,1,594849,,,S8/L.2-3,114.46,111.45
play,9,1,594854,,,K
play,9,1,594896,,,K
id,EliAPP201008260
info,visteam,PulAPP
info,hometeam,EliAPP
info,date,2010/08/26
start,500726,Mario Yepez,0,1,8
start,595400,Jake Schlander,0,2,6
start,500716,Jorge Agudelo,0,3,5
start,517539,Ramon Morla,0,4,10
start,515055,Jose Rivero,0,5,7
start,595143,Matt Browning,0,6,3
start,518466,Jabari Blash,0,7,9
start,571708,Andrew Giobbi,0,8,2
start,573095,Derek Poppert,0,9,4
start,518898,Stephen Kohlscheen,0,0,1
start,594854,Brandon Henderson,1,1,8
start,594896,Andy Leer,1,2,5
start,542455,Oswaldo Arcia,1,3,9
start,592184,Brian Burke,1,4,3
start,543611,Daniel Ortiz,1,5,7
start,571861,Kyle Knudson,1,6,10
start,594849,Jamaal Hawkins,1,7,6
start,571972,Buddy Munroe,1,8,2
start,572993,Nick Lockwood,1,9,4
start,534737,Pat Dean,1,0,1
play,1,0,500726,,,K
play,1,0,595400,,,W
play,1,0,500716,,,CS2
play,1,0,500716,,,5/P,112.45,188.76
play,1,1,594854,,,K
play,1,1,594896,,,S7/L,87.35,145.58
play,1,1,542455,,,T8/L.1-H,131.53,75.30
play,1,1,592184,,,FC5.3XH(52),108.43,186.75
play,1,1,543611,,,K
play,2,0,517539,,,HR/F,37.15,74.30
play,2,0,515055,,,3/P,135.54,193.78
play,2,0,595143,,,K
play,2,0,518466,,,K
play,2,1,571861,,,K
play,2,1,594849,,,K
play,2,1,571972,,,K
play,3,0,571708,,,K
play,3,0,573095,,,K
play,3,0,500726,,,K
play,3,1,572993,,,63/G,118.47,171.69
play,3,1,594854,,,K
play,3,1,594896,,,S8/L,123.49,133.53
play,3,1,542455,,,CS2
play,4,0,595400,,,S8/G,128.51,136.55
play,4,0,500716,,,3/BL,133.53,193.78
play,4,0,517539,,,HR/F.1-H,125.50,36.14
play,4,0,515055,,,S1/BG,116.47,197.79
play,4,0,595143,,,CS2
play,4,0,595143,,,K
play,4,1,542455,,,5/PF,101.41,199.80
play,4,1,592184,,,9/FF,186.75,161.65
play,4,1,543611,,,S8/G,123.49,136.55
play,4,1,571861,,,E6.1-2,116.47,170.68
play,4,1,594849,,,8/F,120.48,109.44
play,5,0,518466,,,9/F,174.70,143.57
play,5,0,571708,,,K
play,5,0,573095,,,8/F,122.49,99.40
play,5,1,571972,,,K
play,5,1,572993,,,43/G,136.55,172.69
play,5,1,594854,,,3/G,142.57,188.76
play,6,0,500726,,,NP
sub,592091,Adam Achter,1,0,1
play,6,0,500726,,,43/G,133.53,167.67
play,6,0,595400,,,W
play,6,0,500716,,,8/F,136.55,102.41
play,6,0,517539,,,FC6/G.1X2(64),115.46,171.69
play,6,1,594896,,,NP
sub,595280,Ryan Kiel,0,0,1
play,6,1,594896,,,HR/F,51.20,59.24
play,6,1,542455,,,K
play,6,1,592184,,,S8/G,126.51,134.54
play,6,1,543611,,,K
play,6,1,571861,,,9/F,163.65,121.49
play,7,0,515055,,,K
play,7,0,595143,,,43/G,134.54,170.68
play,7,0,518466,,,53/G,106.43,186.75
play,7,1,594849,,,W
play,7,1,571972,,,13/SH.1-2,128.51,203.82
play,7,1,572993,,,K
play,7,1,594854,,,K
play,8,0,571708,,,NP
sub,592324,Justin Gallant,1,0,1
play,8,0,571708,,,13/G,123.49,198.80
play,8,0,573095,,,63/G,116.47,170.68
play,8,0,500726,,,S8/L,124.50,129.52
play,8,0,595400,,,K
play,8,1,594896,,,NP
sub,597055,Bryan Leigh,0,0,1
play,8,1,594896,,,43/G,129.52,168.67
play,8,1,542455,,,S8/G,127.51,132.53
play,8,1,592184,,,S9/L.1-2,163.65,142.57
play,8,1,543611,,,9/F,153.61,130.52
play,8,1,571861,,,31/G,140.56,183.73
play,9,0,500716,,,K23
play,9,0,517539,,,S7/G,85.34,148.59
play,9,0,515055,,,K
play,9,0,595143,,,PB.1-2
play,9,0,595143,,,IW
play,9,0,518466,,,K
play,9,1,594849,,,53/G,109.44,190.76
play,9,1,571972,,,K
play,9,1,572993,,,W
play,9,1,594854,,,NP
sub,475774,Gunner Glad,1,1,11
play,9,1,475774,,,4/P,146.59,150.60
id,EliAPP201008270
info,visteam,PulAPP
info,hometeam,EliAPP
info,date,2010/08/27
start,500726,Mario Yepez,0,1,8
start,573095,Derek Poppert,0,2,4
start,500716,Jorge Agudelo,0,3,5
start,517539,Ramon Morla,0,4,10
start,515055,Jose Rivero,0,5,7
start,595143,Matt Browning,0,6,3
start,518466,Jabari Blash,0,7,9
start,500719,Larry Gonzalez,0,8,2
start,462088,Jetsy Extrano,0,9,6
start,595138,Timothy Boyce,0,0,1
start,594849,Jamaal Hawkins,1,1,6
start,594896,Andy Leer,1,2,5
start,542455,Oswaldo Arcia,1,3,8
start,592184,Brian Burke,1,4,3
start,543611,Daniel Ortiz,1,5,7
start,571861,Kyle Knudson,1,6,2
start,516612,Jhonatan Arias,1,7,10
start,475774,Gunner Glad,1,8,9
start,572993,Nick Lockwood,1,9,4
start,592244,Logan Darnell,1,0,1
play,1,0,500726,,,53/G,110.44,183.73
play,1,0,573095,,,S9/L,156.63,135.54
play,1,0,500716,,,64(1)3/GDP/G6,119.48,169.68
play,1,1,594849,,,K
play,1,1,594896,,,2/PF,23.09,200.80
play,1,1,542455,,,W
play,1,1,592184,,,8/F,100.40,72.29
play,2,0,517539,,,K
play,2,0,515055,,,6/P,115.46,170.68
play,2,0,595143,,,9/F,212.85,122.49
play,2,1,543611,,,HR/F,169.68,33.13
play,2,1,571861,,,S7/L,101.41,126.51
play,2,1,516612,,,K
play,2,1,475774,,,9/F,186.75,115.46
play,2,1,572993,,,9/F,148.59,122.49
play,3,0,518466,,,63/G,120.48,165.66
play,3,0,500719,,,D8/L,131.53,76.31
play,3,0,462088,,,S3/G.2-3,143.57,184.74
play,3,0,500726,,,54(1)3/GDP/G5,110.44,180.72
play,3,1,594849,,,8/F,113.45,96.39
play,3,1,594896,,,K+WP.B-1
play,3,1,542455,,,T8/F.1-H,115.46,76.31
play,3,1,592184,,,K
play,3,1,543611,,,K
play,4,0,573095,,,13/G,125.50,196.79
play,4,0,500716,,,9/F,173.69,133.53
play,4,0,517539,,,9/F,179.72,119.48
play,4,1,571861,,,3/PF,195.78,196.79
play,4,1,516612,,,D7/F,102.41,108.43
play,4,1,475774,,,6/P,107.43,165.66
play,4,1,572993,,,7/F,65.26,132.53
play,5,0,515055,,,K
play,5,0,595143,,,63/G,115.46,166.67
play,5,0,518466,,,K
play,5,1,594849,,,K23
play,5,1,594896,,,63/G,119.48,160.64
play,5,1,542455,,,K
play,6,0,500719,,,K
play,6,0,462088,,,8/F,123.49,92.37
play,6,0,500726,,,3/G,151.61,179.72
play,6,1,592184,,,63/G,106.43,172.69
play,6,1,543611,,,D8/L,131.53,93.37
play,6,1,571861,,,S9/L.2-3,158.63,158.63
play,6,1,516612,,,PB.1-2;3-H
play,6,1,516612,,,3/G.2-3,132.53,185.74
play,6,1,475774,,,HR/F.3-H,30.12,73.29
play,6,1,572993,,,NP
sub,544731,Yao Wen Chang,0,0,1
play,6,1,572993,,,7/L,75.30,128.51
play,7,0,573095,,,NP
sub,543859,Michael Tonkin,1,0,1
play,7,0,573095,,,HP
play,7,0,500716,,,SB2
play,7,0,500716,,,53/G.2-3,136.55,169.68
play,7,0,517539,,,K
play,7,0,515055,,,53/G,0.00,0.00
play,7,1,594849,,,4/P,144.58,170.68
play,7,1,594896,,,63/G,118.47,167.67
play,7,1,542455,,,63/G,115.46,171.69
play,8,0,595143,,,3/L,148.59,186.75
play,8,0,518466,,,HP
play,8,0,500719,,,1(B)13()/LDP.1X1,125.50,193.78
play,8,1,592184,,,9/F,154.62,131.53
play,8,1,543611,,,43/G,131.53,177.71
play,8,1,571861,,,53/G,106.43,176.71
play,9,0,462088,,,NP
sub,542561,Jose Gonzalez,1,0,1
play,9,0,462088,,,K
play,9,0,500726,,,NP
sub,595351,Ethan Paquette,0,1,11
play,9,0,595351,,,8/F,104.42,89.36
play,9,0,573095,,,K
id,EliAPP201008280
info,visteam,PriAPP
info,hometeam,EliAPP
info,date,2010/08/28
start,595281,Kevin Kiermaier,0,1,8
start,571711,Todd Glaesmann,0,2,9
start,581660,Scott Lawson,0,3,5
start,501675,Ruben Contreras,0,4,7
start,541660,Alejandro Segovia,0,5,10
start,553889,Hector Guevara,0,6,4
start,545349,Jeff Malm,0,7,3
start,517021,Gerardo Olivares,0,8,2
start,541653,Felix Gonzalez,0,9,6
start,544836,Enny Romero,0,0,1
start,594849,Jamaal Hawkins,1,1,6
start,594896,Andy Leer,1,2,5
start,542455,Oswaldo Arcia,1,3,8
start,592184,Brian Burke,1,4,3
start,543611,Daniel Ortiz,1,5,7
start,571861,Kyle Knudson,1,6,10
start,516612,Jhonatan Arias,1,7,2
start,475774,Gunner Glad,1,8,9
start,572993,Nick Lockwood,1,9,4
start,543297,B. J. Hermsen,1,0,1
play,1,0,595281,,,43/G,138.55,169.68
play,1,0,571711,,,53/G,102.41,180.72
play,1,0,581660,,,8/F,124.50,78.31
play,1,1,594849,,,D7/F,39.16,120.48
play,1,1,594896,,,K
play,1,1,542455,,,K
play,1,1,592184,,,K
play,2,0,501675,,,K
play,2,0,541660,,,53/G,105.42,179.72
play,2,0,553889,,,K
play,2,1,543611,,,3/P,138.55,190.76
play,2,1,571861,,,13/G,126.51,192.77
play,2,1,516612,,,D8/L,120.48,96.39
play,2,1,475774,,,BK.2-3
play,2,1,475774,,,K
play,3,0,545349,,,S8/L,123.49,94.38
play,3,0,517021,,,S7/G.1-2,73.29,122.49
play,3,0,541653,,,24/SH.1-2;2-3,128.51,207.83
play,3,0,595281,,,43/G.2-3;3-H,142.57,165.66
play,3,0,571711,,,K
play,3,1,572993,,,53/G,105.42,180.72
play,3,1,594849,,,K
play,3,1,594896,,,9/F,174.70,118.47
play,4,0,581660,,,143/G1,137.55,167.67
play,4,0,501675,,,K
play,4,0,541660,,,8/F,117.47,88.35
play,4,1,542455,,,K
play,4,1,592184,,,K
play,4,1,543611,,,K
play,5,0,553889,,,K
play,5,0,545349,,,D8/F,104.42,75.30
play,5,0,517021,,,S7/L.2-3,80.32,124.50
play,5,0,541653,,,E6.1-2;3-H,109.44,165.66
play,5,0,595281,,,K
play,5,0,571711,,,4/P,140.56,165.66
play,5,1,571861,,,K
play,5,1,516612,,,53/G,100.40,180.72
play,5,1,475774,,,9/F,177.71,112.45
play,6,0,581660,,,S8/G,126.51,101.41
play,6,0,501675,,,T9/F.1-H,216.87,113.45
play,6,0,541660,,,K
play,6,0,553889,,,S9/F.3-H,190.76,132.53
play,6,0,545349,,,NP
sub,594951,Ryan O'Rourke,1,0,1
play,6,0,545349,,,SB2
play,6,0,545349,,,4/P,134.54,166.67
play,6,0,517021,,,53/G,105.42,177.71
play,6,1,572993,,,NP
sub,595263,Mickey Jannis,0,0,1
play,6,1,572993,,,63/G,113.45,165.66
play,6,1,594849,,,D8/L,103.41,69.28
play,6,1,594896,,,WP.2-3
play,6,1,594896,,,53/G.3-H,105.42,178.71
play,6,1,542455,,,8/F,111.45,93.37
play,7,0,541653,,,13/BG,125.50,189.76
play,7,0,595281,,,53/G,104.42,180.72
play,7,0,571711,,,K
play,7,1,592184,,,53/G,103.41,180.72
play,7,1,543611,,,8/F,130.52,86.35
play,7,1,571861,,,K
play,8,0,581660,,,5/L,102.41,184.74
play,8,0,501675,,,S3/G,150.60,176.71
play,8,0,541660,,,POCS2(136)
play,8,0,541660,,,K
play,8,1,516612,,,8/F,126.51,86.35
play,8,1,475774,,,8/F,122.49,83.33
play,8,1,572993,,,E5/TH,101.41,176.71
play,8,1,594849,,,K
play,9,0,553889,,,NP
sub,592091,A. J. Achter,1,0,1
play,9,0,553889,,,S8/F,122.49,109.44
play,9,0,545349,,,CS2
play,9,0,545349,,,3/G,149.60,178.71
play,9,0,517021,,,53/G,105.42,179.72
play,9,1,594896,,,63/G,114.46,167.67
play,9,1,542455,,,43/G,141.57,168.67
play,9,1,592184,,,S9/L,181.73,117.47
play,9,1,543611,,,WP.1-2
play,9,1,543611,,,13/G,125.50,189.76
id,EliAPP201008290
info,visteam,PriAPP
info,hometeam,EliAPP
info,date,2010/08/29
start,595281,Kevin Kiermaier,0,1,8
start,553889,Hector Guevara,0,2,4
start,581660,Scott Lawson,0,3,5
start,572853,Bryan Fogle,0,4,10
start,541660,Alejandro Segovia,0,5,2
start,517028,Cesar Guillen,0,6,7
start,545349,Jeff Malm,0,7,3
start,501675,Ruben Contreras,0,8,9
start,596335,Brian Harris,0,9,6
start,542316,Braulio Lara,0,0,1
start,594849,Jamaal Hawkins,1,1,6
start,594896,Andy Leer,1,2,5
start,542455,Oswaldo Arcia,1,3,9
start,592184,Brian Burke,1,4,3
start,543611,Daniel Ortiz,1,5,7
start,475774,Gunner Glad,1,6,4
start,543650,Derrick Phillips,1,7,10
start,571972,Buddy Munroe,1,8,2
start,594854,Brandon Henderson,1,9,8
start,543908,Blayne Weller,1,0,1
play,1,0,595281,,,43/G,143.57,171.69
play,1,0,553889,,,53/G,103.41,180.72
play,1,0,581660,,,43/G,147.59,171.69
play,1,1,594849,,,8/F,124.50,81.33
play,1,1,594896,,,8/F,122.49,80.32
play,1,1,542455,,,43/G,144.58,172.69
play,2,0,572853,,,S8/G,122.49,89.36
play,2,0,541660,,,S7/G.1-2,55.22,114.46
play,2,0,517028,,,W.1-2;2-3
play,2,0,placeholder,,,PO?(E?).1-3;2-H;3-H
play,2,0,545349,,,K
play,2,0,501675,,,4/P,148.59,172.69
play,2,0,596335,,,9/F,199.80,120.48
play,2,1,592184,,,W
play,2,1,543611,,,9/FF,201.81,148.59
play,2,1,475774,,,7/F,61.24,110.44
play,2,1,543650,,,K
play,3,0,595281,,,S9/L,190.76,121.49
play,3,0,553889,,,S9/G.1-3,193.78,122.49
play,3,0,581660,,,S9/G.1-2;3-H,189.76,123.49
play,3,0,572853,,,9/F.1-2;2-3,202.81,117.47
play,3,0,541660,,,3/G.2-3;3-H,149.60,176.71
play,3,0,517028,,,S8/G.3-H,128.51,96.39
play,3,0,545349,,,S6/G.1X3(64),107.43,165.66
play,3,1,571972,,,K
play,3,1,594854,,,43/G,148.59,173.69
play,3,1,594849,,,63/G,108.43,174.70
play,4,0,501675,,,7/F,58.23,108.43
play,4,0,596335,,,43/G,146.59,169.68
play,4,0,595281,,,K
play,4,1,594896,,,43/G,147.59,171.69
play,4,1,542455,,,K
play,4,1,592184,,,63/G,107.43,170.68
play,5,0,553889,,,S6/G,107.43,168.67
play,5,0,581660,,,7/F,61.24,114.46
play,5,0,572853,,,K
play,5,0,541660,,,S9/G.1-3,188.76,125.50
play,5,0,517028,,,S7/L.1-2;3-H,55.22,108.43
play,5,0,545349,,,3/G,150.60,176.71
play,5,1,543611,,,13/BG,128.51,191.77
play,5,1,475774,,,53/G,103.41,177.71
play,5,1,543650,,,63/G,108.43,175.70
play,6,0,501675,,,NP
sub,592324,Justin Gallant,1,0,1
play,6,0,501675,,,5/L,103.41,181.73
play,6,0,596335,,,63/G,106.43,173.69
play,6,0,595281,,,S8/F,120.48,73.29
play,6,0,553889,,,4/P,145.58,171.69
play,6,1,571972,,,NP
sub,592434,George Jensen,0,0,1
play,6,1,571972,,,63/G,108.43,173.69
play,6,1,594854,,,43/G,147.59,173.69
play,6,1,594849,,,K
play,7,0,581660,,,4/P,142.57,169.68
play,7,0,572853,,,K
play,7,0,541660,,,4/P,146.59,167.67
play,7,1,594896,,,63/G,106.43,171.69
play,7,1,542455,,,S7/L,53.21,107.43
play,7,1,592184,,,S8/L.1-3,122.49,82.33
play,7,1,543611,,,W.1-2
play,7,1,475774,,,6/P,106.43,168.67
play,7,1,543650,,,FC4/G.1X2(46),144.58,171.69
play,8,0,517028,,,D8/L,115.46,70.28
play,8,0,545349,,,K
play,8,0,501675,,,7/F,60.24,110.44
play,8,0,596335,,,E5/TH.2-3,102.41,179.72
play,8,0,595281,,,K
play,8,1,571972,,,K
play,8,1,594854,,,9/F,194.78,119.48
play,8,1,594849,,,S7/L,54.22,113.45
play,8,1,594896,,,5/L,102.41,180.72
play,9,0,553889,,,NP
sub,542561,Jose Gonzalez,1,0,1
play,9,0,553889,,,53/G,107.43,181.73
play,9,0,581660,,,NP
sub,596334,Zane Williams,0,3,11
play,9,0,596334,,,53/G,108.43,180.72
play,9,0,572853,,,K
play,9,1,542455,,,NP
sub,541653,Felix Gonzalez,0,3,6
play,9,1,592184,,,NP
sub,596335,Brian Harris,0,9,5
play,9,1,543611,,,NP
sub,596333,Matthew Gilson,0,0,1
play,9,1,542455,,,63/G,107.43,172.69
play,9,1,592184,,,K
play,9,1,543611,,,K
id,EliAPP201008300
info,visteam,PriAPP
info,hometeam,EliAPP
info,date,2010/08/30
start,595281,Kevin Kiermaier,0,1,9
start,571711,Todd Glaesmann,0,2,8
start,581660,Scott Lawson,0,3,5
start,596313,Kyle Holloway,0,4,10
start,553889,Hector Guevara,0,5,4
start,517028,Cesar Guillen,0,6,7
start,545349,Jeff Malm,0,7,3
start,517021,Gerardo Olivares,0,8,2
start,541653,Felix Gonzalez,0,9,6
start,542311,Eliazer Suero,0,0,1
start,594849,Jamaal Hawkins,1,1,6
start,594896,Andy Leer,1,2,5
start,542455,Oswaldo Arcia,1,3,9
start,592184,Brian Burke,1,4,3
start,543611,Daniel Ortiz,1,5,7
start,571861,Kyle Knudson,1,6,10
start,516612,Jhonatan Arias,1,7,2
start,475774,Gunner Glad,1,8,10
start,572993,Nick Lockwood,1,9,4
start,501717,Jean Mijares,1,0,1
play,1,0,595281,,,43/G,140.56,165.66
play,1,0,571711,,,K
play,1,0,581660,,,W
play,1,0,596313,,,K
play,1,1,594849,,,43/G,140.56,175.70
play,1,1,594896,,,63/G,104.42,168.67
play,1,1,542455,,,31/G,155.62,183.73
play,2,0,553889,,,63/G,115.46,172.69
play,2,0,517028,,,53/G,106.43,187.75
play,2,0,545349,,,S8/F,109.44,79.32
play,2,0,517021,,,HR/F.1-H,101.41,27.11
play,2,0,541653,,,43/G,139.56,169.68
play,2,1,592184,,,K
play,2,1,543611,,,D7/L,72.29,124.50
play,2,1,571861,,,S8/L.2-H,117.47,95.38
play,2,1,516612,,,D7/L.1-3,60.24,119.48
play,2,1,475774,,,S7/F.2-H;3-H,76.31,117.47
play,2,1,572993,,,2/PF,122.49,224.90
play,2,1,594849,,,WP.1-2
play,2,1,594849,,,63/G,108.43,171.69
play,3,0,595281,,,K
play,3,0,571711,,,63/G,105.42,167.67
play,3,0,581660,,,K
play,3,1,594896,,,D7/L,49.20,104.42
play,3,1,542455,,,43/G.2-3,147.59,167.67
play,3,1,592184,,,S9/L.3-H,145.58,141.57
play,3,1,543611,,,9/FF,196.79,142.57
play,3,1,571861,,,D9/L.1-3,189.76,115.46
play,3,1,516612,,,NP
sub,595371,Chris Rearick,0,0,1
play,3,1,516612,,,S8/G.2-H;3-H,140.56,86.35
play,3,1,475774,,,9/F,179.72,132.53
play,4,0,596313,,,K
play,4,0,553889,,,W
play,4,0,517028,,,K
play,4,0,545349,,,E4.1-2,142.57,182.73
play,4,0,517021,,,K
play,4,1,572993,,,53/G,100.40,179.72
play,4,1,594849,,,53/G,100.40,171.69
play,4,1,594896,,,S7/G,72.29,133.53
play,4,1,542455,,,K
play,5,0,541653,,,NP
sub,542455,Oswaldo Arcia,1,3,9
play,5,0,595281,,,NP
sub,475774,Gunner Glad,1,8,4
play,5,0,571711,,,NP
sub,594854,Brandon Henderson,1,9,8
play,5,0,541653,,,4/L,126.51,164.66
play,5,0,595281,,,2/PF,116.47,223.90
play,5,0,571711,,,K
play,5,1,592184,,,D7/L,45.18,103.41
play,5,1,543611,,,WP.2-3
play,5,1,543611,,,K
play,5,1,571861,,,S7/F.3-H,80.32,101.41
play,5,1,516612,,,46(1)3/GDP/G4,140.56,170.68
play,6,0,581660,,,3/G,152.61,176.71
play,6,0,596313,,,W
play,6,0,553889,,,64(1)3/GDP/G6,108.43,172.69
play,6,1,475774,,,9/F,169.68,107.43
play,6,1,594854,,,7/F,55.22,127.51
play,6,1,594849,,,3/G,148.59,177.71
play,7,0,517028,,,NP
sub,493556,David Gutierrez,1,0,1
play,7,0,517028,,,S7/G,86.35,133.53
play,7,0,545349,,,FC4/G.1X2(46);B-1,137.55,172.69
play,7,0,517021,,,FC6/G.1X2(64);B-1,112.45,171.69
play,7,0,541653,,,FC5/G.1X2(54),100.40,180.72
play,7,1,594896,,,K
play,7,1,542455,,,3/G,133.53,184.74
play,7,1,592184,,,S6/G,116.47,151.61
play,7,1,543611,,,3/G,147.59,182.73
play,8,0,595281,,,NP
sub,542565,Adrian Salcedo,1,0,1
play,8,0,595281,,,43/G,138.55,173.69
play,8,0,571711,,,K
play,8,0,581660,,,8/F,124.50,84.34
play,8,1,571861,,,NP
sub,596332,Garret Carruth,0,0,1
play,8,1,571861,,,K23
play,8,1,516612,,,S5/G,102.41,175.70
play,8,1,475774,,,54(1)3/GDP/G5,103.41,176.71
play,9,0,596313,,,NP
sub,542561,Jose Gonzalez,1,0,1
play,9,0,596313,,,K
play,9,0,553889,,,W
play,9,0,517028,,,K
play,9,0,545349,,,K
id,EliAPP201009010
info,visteam,PulAPP
info,hometeam,EliAPP
info,date,2010/09/01
start,500726,Mario Yepez,0,1,8
start,462088,Jetsy Extrano,0,2,6
start,500716,Jorge Agudelo,0,3,4
start,517539,Ramon Morla,0,4,5
start,515055,Jose Rivero,0,5,7
start,595143,Matt Browning,0,6,3
start,518466,Jabari Blash,0,7,9
start,500719,Larry Gonzalez,0,8,2
start,595400,Jake Schlander,0,9,10
start,518898,Stephen Kohlscheen,0,0,1
start,594849,Jamaal Hawkins,1,1,6
start,573121,Nate Roberts,1,2,7
start,542455,Oswaldo Arcia,1,3,8
start,592184,Brian Burke,1,4,3
start,543611,Daniel Ortiz,1,5,9
start,594896,Andy Leer,1,6,5
start,571861,Kyle Knudson,1,7,10
start,516612,Jhonatan Arias,1,8,2
start,475774,Gunner Glad,1,9,4
start,516614,Manuel Soliman,1,0,1
play,1,0,500726,,,W
play,1,0,462088,,,HR/F.1-H,29.12,89.36
play,1,0,500716,,,HP
play,1,0,517539,,,CS2
play,1,0,517539,,,K
play,1,0,515055,,,8/F,116.47,89.36
play,1,1,594849,,,E5/TH.B-2,111.45,180.72
play,1,1,573121,,,3/G.2-3,154.62,178.71
play,1,1,542455,,,8/SF.3-H,121.49,89.36
play,1,1,592184,,,7/F,91.37,119.48
play,2,0,595143,,,53/G,97.39,176.71
play,2,0,518466,,,D9/L,192.77,115.46
play,2,0,500719,,,31/G.2-3,132.53,183.73
play,2,0,595400,,,WP.3-H
play,2,0,595400,,,13/G,125.50,188.76
play,2,1,543611,,,D9/L,179.72,111.45
play,2,1,594896,,,D7/F.2-H,78.31,96.39
play,2,1,571861,,,FC6.2X3(65),101.41,168.67
play,2,1,516612,,,WP.1-2
play,2,1,516612,,,S7/L.2-3,96.39,117.47
play,2,1,475774,,,9/F,161.65,130.52
play,2,1,594849,,,K
play,3,0,500726,,,K23
play,3,0,462088,,,HP
play,3,0,500716,,,K+SB2
play,3,0,517539,,,E5.2-H,82.33,163.65
play,3,0,515055,,,53/G,110.44,179.72
play,3,1,573121,,,D9/L,184.74,115.46
play,3,1,542455,,,43/G.2-3,137.55,181.73
play,3,1,592184,,,3/PF,162.65,189.76
play,3,1,543611,,,K23
play,4,0,595143,,,63/G,102.41,169.68
play,4,0,518466,,,6/P,94.38,165.66
play,4,0,500719,,,D7/L,90.36,123.49
play,4,0,595400,,,S7/L.2XH,71.29,110.44
play,4,1,594896,,,T8/F,180.72,88.35
play,4,1,571861,,,WP.3-H
play,4,1,571861,,,W
play,4,1,516612,,,S7/L.1-2,64.26,117.47
play,4,1,475774,,,K
play,4,1,594849,,,K
play,4,1,573121,,,D7/F.1-3;2-H,53.21,90.36
play,4,1,542455,,,IW
play,4,1,592184,,,K
play,5,0,500726,,,K
play,5,0,462088,,,K
play,5,0,500716,,,K
play,5,1,543611,,,NP
sub,597055,Bryan Leigh,0,0,1
play,5,1,543611,,,S9/F,177.71,126.51
play,5,1,594896,,,K
play,5,1,571861,,,S7/G.1-2,73.29,120.48
play,5,1,516612,,,54(1)3/GDP/G5,106.43,180.72
play,6,0,517539,,,5/PF,79.32,191.77
play,6,0,515055,,,53/G,123.49,184.74
play,6,0,595143,,,K
play,6,1,475774,,,D8/L,182.73,95.38
play,6,1,594849,,,S7/L.2-3,46.18,106.43
play,6,1,573121,,,NP
sub,595280,Ryan Kiel,0,0,1
play,6,1,573121,,,WP.1-2
play,6,1,573121,,,W
play,6,1,542455,,,K
play,6,1,592184,,,K
play,6,1,543611,,,K
play,7,0,518466,,,K
play,7,0,500719,,,5/PF,84.34,175.70
play,7,0,595400,,,S7/G,72.29,119.48
play,7,0,500726,,,NP
sub,543859,Michael Tonkin,1,0,1
play,7,0,500726,,,8/F,127.51,75.30
play,7,1,594896,,,NP
sub,594842,Tim Griffin,0,0,1
play,7,1,594896,,,6/P,77.31,136.55
play,7,1,571861,,,9/F,171.69,118.47
play,7,1,516612,,,K
play,8,0,462088,,,53/G,96.39,181.73
play,8,0,500716,,,K
play,8,0,517539,,,43/G,148.59,160.64
play,8,1,475774,,,D7/L,55.22,105.42
play,8,1,594849,,,13/SH.2-3,129.52,195.78
play,8,1,573121,,,WP.3-H
play,8,1,573121,,,W
play,8,1,542455,,,SB2
play,8,1,542455,,,IW
play,8,1,592184,,,S7/F.1-2;2-3,87.35,118.47
play,8,1,543611,,,D7/L.1-3;2-H;3-H,40.16,113.45
play,8,1,594896,,,6/P,97.39,156.63
play,8,1,571861,,,HP
play,8,1,516612,,,7/F,67.27,106.43
play,9,0,515055,,,43/G,135.54,165.66
play,9,0,595143,,,9/FF,186.75,154.62
play,9,0,518466,,,HP
play,9,0,500719,,,43/G,137.55,166.67
id,EliAPP201009030
info,visteam,JohAPP
info,hometeam,EliAPP
info,date,2010/09/03
start,594824,Greg Garcia,0,1,4
start,570805,Oscar Taveras,0,2,8
start,592774,Cody Stanley,0,3,2
start,595158,Philip Cerreto,0,4,7
start,500675,Kleininger Teran,0,5,3
start,521091,Romulo Ruiz,0,6,2
start,518802,Virgil Hill,0,7,9
start,592286,Patrick Elkins,0,8,5
start,551750,Cesar Valera,0,9,6
start,595031,Boone Whiting,0,0,1
start,594849,Jamaal Hawkins,1,1,6
start,573121,Nate Roberts,1,2,7
start,542455,Oswaldo Arcia,1,3,8
start,592184,Brian Burke,1,4,3
start,543611,Daniel Ortiz,1,5,9
start,594896,Andy Leer,1,6,5
start,571861,Kyle Knudson,1,7,2
start,516612,Jhonatan Arias,1,8,10
start,475774,Gunner Glad,1,9,4
start,534737,Pat Dean,1,0,1
play,1,0,594824,,,53/G,112.45,181.73
play,1,0,570805,,,S7/F,70.28,143.57
play,1,0,592774,,,K
play,1,0,595158,,,4/L,125.50,177.71
play,1,1,594849,,,S7/G,62.25,137.55
play,1,1,placeholder,,,POCS2(13)
play,1,1,573121,,,HR/F,27.11,83.33
play,1,1,542455,,,K
play,1,1,592184,,,K
play,2,0,500675,,,S8/L,118.47,135.54
play,2,0,521091,,,2/PF,114.46,181.73
play,2,0,518802,,,K
play,2,0,592286,,,K
play,2,1,543611,,,63/G,114.46,175.70
play,2,1,594896,,,53/G,109.44,169.68
play,2,1,571861,,,K
play,3,0,551750,,,S7/L,86.35,141.57
play,3,0,594824,,,S4/G.1-3,136.55,178.71
play,3,0,570805,,,7/SF.1-2;3-H,87.35,128.51
play,3,0,592774,,,63/G.2-3,104.42,176.71
play,3,0,595158,,,S8/L.3-H,138.55,103.41
play,3,0,500675,,,CS2
play,3,1,516612,,,K
play,3,1,475774,,,S7/F,80.32,143.57
play,3,1,594849,,,1/G.1-2,111.45,186.75
play,3,1,573121,,,43/G,143.57,169.68
play,4,0,500675,,,43/G,146.59,172.69
play,4,0,521091,,,K
play,4,0,518802,,,K
play,4,1,542455,,,63/G,100.40,166.67
play,4,1,592184,,,43/G,137.55,180.72
play,4,1,543611,,,K
play,5,0,592286,,,K
play,5,0,551750,,,53/G,100.40,165.66
play,5,0,594824,,,K
play,5,1,594896,,,K
play,5,1,571861,,,S9/G,166.67,119.48
play,5,1,516612,,,6/P,89.36,170.68
play,5,1,475774,,,8/F,115.46,113.45
play,6,0,570805,,,S6/L,116.47,181.73
play,6,0,592774,,,5/PF,116.47,170.68
play,6,0,595158,,,K
play,6,0,500675,,,D9/L.1XH,128.51,128.51
play,6,1,594849,,,D7/L,67.27,116.47
play,6,1,573121,,,3/G.2-3,147.59,182.73
play,6,1,542455,,,HP
play,6,1,592184,,,K
play,6,1,543611,,,6/P,111.45,172.69
play,7,0,521091,,,NP
sub,594951,Ryan O'Rourke,1,0,1
play,7,0,521091,,,53/G,114.46,171.69
play,7,0,518802,,,HR/F,173.69,55.22
play,7,0,592286,,,S8/G,124.50,129.52
play,7,0,551750,,,S7/G.1-2,73.29,137.55
play,7,0,594824,,,S7/L.1-H;2-H;B-2,98.39,141.57
play,7,0,570805,,,FC1.2X3(15),115.46,186.75
play,7,0,592774,,,CS2(26).1-2(E6)
play,7,0,592774,,,31/G,140.56,182.73
play,7,1,594896,,,NP
sub,518447,Andrew Benes,0,0,1
play,7,1,594896,,,63/G,116.47,166.67
play,7,1,571861,,,13/G,105.42,178.71
play,7,1,516612,,,D7/L,70.28,129.52
play,7,1,475774,,,S8/G.2-H,121.49,125.50
play,7,1,594849,,,3/P,143.57,176.71
play,8,0,595158,,,NP
sub,592324,Justin Gallant,1,0,1
play,8,0,595158,,,53/G,109.44,176.71
play,8,0,500675,,,8/F,138.55,115.46
play,8,0,521091,,,W
play,8,0,518802,,,NP
sub,594971,Steven Ramos,0,6,12
play,8,0,518802,,,CS2
play,8,1,573121,,,NP
sub,542465,Roberto Reyes,0,4,9
play,8,1,542455,,,NP
sub,594971,Steven Ramos,0,6,10
play,8,1,592184,,,NP
sub,518802,Virgil Hill,0,7,7
play,8,1,543611,,,NP
sub,572096,Trevor Rosenthal,0,0,1
play,8,1,573121,,,7/F,73.29,135.54
play,8,1,542455,,,K
play,8,1,592184,,,K
play,9,0,518802,,,9/FF,117.47,141.57
play,9,0,592286,,,K
play,9,0,551750,,,K+WP.B-1
play,9,0,594824,,,SB2
play,9,0,594824,,,S7/L.2-3,54.22,145.58
play,9,0,570805,,,D9/L.1-H;3-H,175.70,116.47
play,9,0,592774,,,IW
play,9,0,542465,,,8/F,118.47,98.39
play,9,1,543611,,,NP
sub,523489,Hector Corpas,0,0,1
play,9,1,543611,,,7/F,85.34,125.50
play,9,1,594896,,,K
play,9,1,571861,,,53/G,107.43,177.71
id,GreAPP201006250
info,visteam,JohAPP
info,hometeam,GreAPP
info,date,2010/06/25
start,551750,Cesar Valera,0,1,6
start,595023,Colin Walsh,0,2,4
start,592774,Cody Stanley,0,3,10
start,595158,Philip Cerreto,0,4,3
start,521091,Romulo Ruiz,0,5,5
start,571641,Christopher Edmondson,0,6,7
start,516650,Juan Castillo,0,7,2
start,572265,Reggie Williams,0,8,8
start,518802,Virgil Hill,0,9,9
start,572096,Trevor Rosenthal,0,0,1
start,595831,Jonathan Merritt,1,1,6
start,500767,Ricardo Garcia,1,2,10
start,516430,Emilio King,1,3,8
start,455390,Jhonny Medrano,1,4,5
start,573245,Bubby Williams,1,5,2
start,571981,Telvin Nash,1,6,7
start,595832,Marcus Nidiffer,1,7,3
start,516429,Ricardo Heredia,1,8,9
start,542165,Pedro Feliz,1,9,4
start,542170,Ricardo Batista,1,0,1
play,1,0,551750,,,W
play,1,0,placeholder,,,POCS2.1-2(E?/TH)
play,1,0,595023,,,8/F.2-3,120.48,98.39
play,1,0,592774,,,31/G.3-H,144.58,175.70
play,1,0,595158,,,43/G,138.55,174.70
play,1,1,595831,,,W
play,1,1,500767,,,SB2
play,1,1,500767,,,3/G.2-3,139.56,182.73
play,1,1,516430,,,E3.3-H;B-2,139.56,178.71
play,1,1,455390,,,D8/F.2-3,117.47,102.41
play,1,1,573245,,,63/G.2-3;3-H,102.41,171.69
play,1,1,571981,,,K
play,2,0,521091,,,W
play,2,0,571641,,,HP.1-2
play,2,0,516650,,,64(1)3/GDP/G6.2-3,104.42,170.68
play,2,0,572265,,,K
play,2,1,595832,,,K
play,2,1,516429,,,K
play,2,1,542165,,,K
play,3,0,518802,,,K
play,3,0,551750,,,4/L,140.56,176.71
play,3,0,595023,,,13/G,126.51,188.76
play,3,1,595831,,,43/G,142.57,173.69
play,3,1,500767,,,S9/L,179.72,125.50
play,3,1,516430,,,54(1)3/GDP/G5,103.41,181.73
play,4,0,592774,,,S8/L,124.50,108.43
play,4,0,595158,,,FC4/G.1X2(46);B-1,139.56,174.70
play,4,0,521091,,,D7/G.1-H,50.20,111.45
play,4,0,571641,,,43/G.2-3,135.54,177.71
play,4,0,516650,,,13/G,122.49,188.76
play,4,1,455390,,,53/G,104.42,175.70
play,4,1,573245,,,HR/F,25.10,78.31
play,4,1,571981,,,W
play,4,1,595832,,,PO1(E?).1-2
play,4,1,595832,,,D7/G.2-H,60.24,117.47
play,4,1,516429,,,63/G.2-3,108.43,169.68
play,4,1,542165,,,K
play,5,0,572265,,,NP
sub,592225,Ryan Cole,1,0,1
play,5,0,572265,,,3/G,139.56,174.70
play,5,0,518802,,,K
play,5,0,551750,,,9/F,192.77,129.52
play,5,1,595831,,,NP
sub,592515,Aidan Lucas,0,0,1
play,5,1,595831,,,D9/G,185.74,124.50
play,5,1,500767,,,9/F.2-3,177.71,137.55
play,5,1,516430,,,S9/L.3-H,184.74,132.53
play,5,1,455390,,,2/PF,118.47,222.89
play,5,1,573245,,,5/P,93.37,168.67
play,6,0,595023,,,S9/G,168.67,132.53
play,6,0,592774,,,5/PF,85.34,186.75
play,6,0,595158,,,54(1)3/GDP/G5,95.38,175.70
play,6,1,571981,,,NP
sub,518883,Dean Kiekhefer,0,0,1
play,6,1,571981,,,63/G,103.41,172.69
play,6,1,595832,,,8/F,121.49,106.43
play,6,1,516429,,,S9/F,165.66,137.55
play,6,1,542165,,,9/FF,177.71,164.66
play,7,0,521091,,,D7/F,64.26,119.48
play,7,0,571641,,,HR/L.2-H,33.13,80.32
play,7,0,516650,,,63/G,105.42,168.67
play,7,0,572265,,,K
play,7,0,518802,,,NP
sub,542465,Roberto Reyes,0,9,11
play,7,0,542465,,,D8/L,119.48,76.31
play,7,0,551750,,,NP
sub,572173,Brian Streilein,1,0,1
play,7,0,551750,,,WP.2-3
play,7,0,551750,,,53/G,106.43,169.68
play,7,1,595831,,,NP
sub,542465,Roberto Reyes,0,9,9
play,7,1,595831,,,K
play,7,1,500767,,,7/F,58.23,112.45
play,7,1,516430,,,63/G,103.41,167.67
play,8,0,595023,,,E3,150.60,176.71
play,8,0,592774,,,NP
sub,594824,Greg Garcia,0,2,12
play,8,0,592774,,,S9/L.1-3,161.65,132.53
play,8,0,595158,,,FC6/G.1X2(64);3-H;B-1,95.38,162.65
play,8,0,521091,,,6/P,105.42,170.68
play,8,0,571641,,,WP.1-2
play,8,0,571641,,,D9/F.2-H,178.71,118.47
play,8,0,516650,,,43/G,141.57,176.71
play,8,1,455390,,,NP
sub,594824,Greg Garcia,0,2,4
play,8,1,573245,,,NP
sub,594971,Steven Ramos,0,6,7
play,8,1,455390,,,3/L,147.59,178.71
play,8,1,573245,,,9/F,171.69,117.47
play,8,1,571981,,,K+WP.B-1
play,8,1,595832,,,NP
sub,572938,Ryan Humphrey,1,6,12
play,8,1,595832,,,D7/L.1-3,63.25,107.43
play,8,1,516429,,,NP
sub,517228,Francisco Guzman,0,0,1
play,8,1,516429,,,NP
sub,548300,Chris Wallace,1,8,11
play,8,1,548300,,,S5/G.2-H(E5/TH);3-H,104.42,172.69
play,8,1,placeholder,,,NP
sub,595291,Bryce Lane,1,8,12
play,8,1,542165,,,S7/L.1-2,63.25,125.50
play,8,1,595831,,,6/P,107.43,168.67
play,9,0,placeholder,,,NP
sub,455390,Jhonny Medrano,1,4,3
play,9,0,placeholder,,,NP
sub,572938,Ryan Humphrey,1,6,7
play,9,0,placeholder,,,NP
sub,542605,Hector Rodriguez,1,7,5
play,9,0,placeholder,,,NP
sub,595291,Bryce Lane,1,8,9
play,9,0,placeholder,,,NP
sub,574988,Philip Rorabaugh,1,0,1
play,9,0,572265,,,NP
sub,501223,David Medina,0,8,11
play,9,0,501223,,,7/L,73.29,122.49
play,9,0,542465,,,S8/G,117.47,118.47
play,9,0,551750,,,FC6/G.1X2(64);B-1,92.37,164.66
play,9,0,594824,,,6/L,106.43,167.67
id,GreAPP201006260
info,visteam,JohAPP
info,hometeam,GreAPP
info,date,2010/06/26
start,594824,Greg Garcia,0,1,4
start,551750,Cesar Valera,0,2,6
start,500675,Kleininger Teran,0,3,10
start,501223,David Medina,0,4,3
start,521091,Romulo Ruiz,0,5,5
start,571641,Christopher Edmondson,0,6,7
start,542465,Roberto Reyes,0,7,9
start,502023,Travis Tartamella,0,8,2
start,572265,Reggie Williams,0,9,8
start,595031,Boone Whiting,0,0,1
start,595831,Jonathan Merritt,1,1,6
start,542165,Pedro Feliz,1,2,4
start,516430,Emilio King,1,3,9
start,455390,Jhonny Medrano,1,4,5
start,548300,Chris Wallace,1,5,2
start,571981,Telvin Nash,1,6,7
start,595832,Marcus Nidiffer,1,7,3
start,595291,Bryce Lane,1,8,8
start,596571,Ryan McCurdy,1,9,2
start,592314,Michael Foltynewicz,1,0,1
play,1,0,594824,,,7/F,62.25,109.44
play,1,0,551750,,,S8/L,118.47,104.42
play,1,0,placeholder,,,PO1(??)
play,1,0,500675,,,13/G,128.51,193.78
play,1,1,595831,,,D7/F,71.29,114.46
play,1,1,542165,,,63/G.2-3,105.42,179.72
play,1,1,516430,,,34/G,132.53,191.77
play,1,1,455390,,,D7/F.3-H,62.25,105.42
play,1,1,548300,,,T9/F.2-H,184.74,95.38
play,1,1,571981,,,D7/G.3-H,48.19,106.43
play,1,1,595832,,,K
play,2,0,placeholder,,,NP
sub,577208,John Frawley,1,0,1
play,2,0,501223,,,8/F,127.51,82.33
play,2,0,521091,,,S8/G,109.44,99.40
play,2,0,571641,,,16(1)3/GDP/G1,130.52,194.78
play,2,1,595291,,,63/G,110.44,164.66
play,2,1,596571,,,8/F,109.44,84.34
play,2,1,595831,,,S5/G,100.40,184.74
play,2,1,542165,,,FC4/G.1X2(46),133.53,179.72
play,3,0,542465,,,S8/G,124.50,109.44
play,3,0,502023,,,S8/F.1-2,119.48,125.50
play,3,0,572265,,,K
play,3,0,594824,,,S1/G.1-2;2-3,111.45,187.75
play,3,0,551750,,,K
play,3,0,500675,,,K
play,3,1,516430,,,K
play,3,1,455390,,,S7/G,68.27,125.50
play,3,1,548300,,,SB2
play,3,1,548300,,,K
play,3,1,571981,,,K
play,4,0,501223,,,D9/G,206.83,115.46
play,4,0,521091,,,53/G,106.43,179.72
play,4,0,571641,,,K
play,4,0,542465,,,T9/L.2-H,194.78,108.43
play,4,0,502023,,,D9/F.3-H,72.29,95.38
play,4,0,572265,,,K
play,4,1,595832,,,8/F,106.43,92.37
play,4,1,595291,,,K
play,4,1,596571,,,7/F,64.26,100.40
play,5,0,594824,,,NP
sub,545247,Andrea Lucati,1,0,1
play,5,0,594824,,,S7/L,67.27,117.47
play,5,0,551750,,,9/F,165.66,112.45
play,5,0,500675,,,E4/TH.1-H;B-2,141.57,179.72
play,5,0,501223,,,S9/G.2-3,164.66,122.49
play,5,0,521091,,,3/PF,159.64,200.80
play,5,0,571641,,,5/P,105.42,179.72
play,5,1,595831,,,K
play,5,1,542165,,,K
play,5,1,516430,,,S8/G,104.42,101.41
play,5,1,455390,,,CS2
play,6,0,542465,,,NP
sub,571585,Jamaine Cotton,1,0,1
play,6,0,542465,,,9/F,180.72,97.39
play,6,0,502023,,,S8/L,113.45,92.37
play,6,0,572265,,,S7/L.1-2,90.36,130.52
play,6,0,594824,,,64(1)3/GDP/G6,105.42,168.67
play,6,1,548300,,,NP
sub,595342,Jeff Nadeau,0,0,1
play,6,1,455390,,,K
play,6,1,548300,,,E6,116.47,171.69
play,6,1,571981,,,9/F,176.71,110.44
play,6,1,595832,,,FC6/G.1X2(64),104.42,176.71
play,7,0,551750,,,K
play,7,0,500675,,,W
play,7,0,501223,,,S8/L.1-2,109.44,104.42
play,7,0,521091,,,NP
sub,595800,B. J. Hagen,1,0,1
play,7,0,521091,,,4/P.2X3(493),153.61,148.59
play,7,1,595291,,,9/F,168.67,117.47
play,7,1,596571,,,S7/L,62.25,128.51
play,7,1,595831,,,9/F,157.63,119.48
play,7,1,542165,,,63/G,119.48,177.71
play,8,0,571641,,,S7/L,86.35,115.46
play,8,0,542465,,,NP
sub,594971,Steven Ramos,0,6,12
play,8,0,542465,,,46(1)3/GDP/G4,138.55,176.71
play,8,0,502023,,,3/G,157.63,179.72
play,8,1,516430,,,NP
sub,594971,Steven Ramos,0,6,7
play,8,1,516430,,,D7/G,44.18,108.43
play,8,1,455390,,,9/L,193.78,116.47
play,8,1,548300,,,K+WP.2-3;B-1
play,8,1,571981,,,NP
sub,500767,Ricardo Garcia,1,5,12
play,8,1,571981,,,PB.1-2;3-H
play,8,1,571981,,,K
play,8,1,595832,,,3/P,150.60,177.71
play,9,0,572265,,,NP
sub,455390,Jhonny Medrano,1,4,3
play,9,0,594824,,,NP
sub,500767,Ricardo Garcia,1,5,10
play,9,0,551750,,,NP
sub,572938,Ryan Humphrey,1,6,7
play,9,0,500675,,,NP
sub,542605,Hector Rodriguez,1,7,5
play,9,0,501223,,,NP
sub,572142,Travis Smink,1,0,1
play,9,0,572265,,,K
play,9,0,594824,,,3/G,152.61,185.74
play,9,0,551750,,,E6,111.45,176.71
play,9,0,500675,,,7/F,83.33,110.44
id,GreAPP201006270
info,visteam,JohAPP
info,hometeam,GreAPP
info,date,2010/06/27
start,594824,Greg Garcia,0,1,4
start,551750,Cesar Valera,0,2,6
start,592774,Cody Stanley,0,3,2
start,501223,David Medina,0,4,3
start,521091,Romulo Ruiz,0,5,10
start,571641,Christopher Edmondson,0,6,7
start,542465,Roberto Reyes,0,7,9
start,592286,Patrick Elkins,0,8,5
start,594971,Steven Ramos,0,9,8
start,571772,Hector Hernandez,0,0,1
start,595831,Jonathan Merritt,1,1,6
start,542165,Pedro Feliz,1,2,4
start,516430,Emilio King,1,3,9
start,455390,Jhonny Medrano,1,4,5
start,548300,Chris Wallace,1,5,2
start,571981,Telvin Nash,1,6,7
start,595832,Marcus Nidiffer,1,7,3
start,516429,Ricardo Heredia,1,8,10
start,572938,Ryan Humphrey,1,9,8
start,542300,Euris Quezada,1,0,1
play,1,0,594824,,,7/F,62.25,88.35
play,1,0,551750,,,9/F,155.62,115.46
play,1,0,592774,,,8/F,114.46,130.52
play,1,1,595831,,,53/G,104.42,185.74
play,1,1,542165,,,K
play,1,1,516430,,,K
play,2,0,501223,,,D9/L,194.78,138.55
play,2,0,521091,,,9/L,158.63,152.61
play,2,0,571641,,,HR/F.2-H,198.80,67.27
play,2,0,542465,,,43/G,153.61,168.67
play,2,0,592286,,,S8/L,110.44,126.51
play,2,0,594971,,,63/G,103.41,169.68
play,2,1,455390,,,8/L,121.49,114.46
play,2,1,548300,,,HR/F,140.56,22.09
play,2,1,571981,,,63/G,111.45,171.69
play,2,1,595832,,,S8/L,117.47,109.44
play,2,1,516429,,,FC6/G.1X2(64),102.41,174.70
play,3,0,594824,,,D7/L,58.23,131.53
play,3,0,551750,,,3/G.2-3,144.58,187.75
play,3,0,592774,,,S9/G.3-H,140.56,153.61
play,3,0,501223,,,3(B)3(1)/LDP,152.61,179.72
play,3,1,572938,,,8/F,141.57,90.36
play,3,1,595831,,,D7/F,59.24,130.52
play,3,1,542165,,,E6,107.43,167.67
play,3,1,516430,,,4(1)3/G4/GDP,122.49,165.66
play,4,0,521091,,,53/G,109.44,171.69
play,4,0,571641,,,43/G,145.58,165.66
play,4,0,542465,,,43/G,142.57,169.68
play,4,1,455390,,,K
play,4,1,548300,,,S8/G,95.38,124.50
play,4,1,571981,,,WP.1-2
play,4,1,571981,,,53/G,102.41,183.73
play,4,1,595832,,,WP.2-3
play,4,1,595832,,,W
play,4,1,516429,,,9/F,161.65,108.43
play,5,0,592286,,,6/L,106.43,166.67
play,5,0,594971,,,K
play,5,0,594824,,,S8/G,126.51,142.57
play,5,0,551750,,,CS2
play,5,1,572938,,,NP
sub,595166,Ryan Copeland,0,0,1
play,5,1,572938,,,K
play,5,1,595831,,,4/P,139.56,172.69
play,5,1,542165,,,K
play,6,0,551750,,,63/G,106.43,173.69
play,6,0,592774,,,43/G,142.57,161.65
play,6,0,501223,,,K
play,6,1,516430,,,K
play,6,1,455390,,,K
play,6,1,548300,,,53/G,108.43,185.74
play,7,0,521091,,,NP
sub,518514,Garrett Bullock,1,0,1
play,7,0,521091,,,4/P,144.58,160.64
play,7,0,571641,,,4/P,150.60,164.66
play,7,0,542465,,,K
play,7,1,571981,,,NP
sub,518802,Virgil Hill,0,6,7
play,7,1,571981,,,63/G,112.45,167.67
play,7,1,595832,,,D8/F,101.41,71.29
play,7,1,516429,,,6/P,97.39,164.66
play,7,1,572938,,,W
play,7,1,595831,,,NP
sub,594955,Christopher Patterson,0,0,1
play,7,1,595831,,,W.1-2;2-3
play,7,1,542165,,,NP
sub,573245,Bubby Williams,1,2,11
play,7,1,573245,,,6/P,103.41,161.65
play,8,0,592286,,,NP
sub,500767,Ricardo Garcia,1,2,4
play,8,0,592286,,,S6/L,118.47,170.68
play,8,0,594971,,,K
play,8,0,594824,,,3/G.1-2,137.55,184.74
play,8,0,551750,,,IW
play,8,0,592774,,,E6.1-2;2-3,110.44,169.68
play,8,0,501223,,,K
play,8,1,516430,,,S8/G,95.38,126.51
play,8,1,455390,,,K
play,8,1,548300,,,S8/G.1-3,150.60,119.48
play,8,1,571981,,,NP
sub,595291,Bryce Lane,1,5,12
play,8,1,571981,,,BK.1-2;3-H
play,8,1,571981,,,WP.2-3
play,8,1,571981,,,FC5.3XH(52),101.41,187.75
play,8,1,595832,,,HP.1-2
play,8,1,516429,,,NP
sub,523489,Hector Corpas,0,0,1
play,8,1,516429,,,6/P,108.43,167.67
play,9,0,521091,,,NP
sub,596571,Ryan McCurdy,1,5,2
play,9,0,518802,,,NP
sub,574988,Philip Rorabaugh,1,0,1
play,9,0,521091,,,9/F,177.71,111.45
play,9,0,518802,,,63/G,101.41,167.67
play,9,0,542465,,,K
play,9,1,572938,,,K
play,9,1,595831,,,43/G,141.57,164.66
play,9,1,500767,,,3/G,154.62,188.76
id,GreAPP201007040
info,visteam,KinAPP
info,hometeam,GreAPP
info,date,2010/07/04
start,514914,Ray Van Gurp,0,1,4
start,571724,Chase Greene,0,2,8
start,502095,Lucas Stewart,0,3,3
start,573669,Aderlin Rodriguez,0,4,5
start,543710,Javier Rodriguez,0,5,9
start,544938,Albert Cordero,0,6,10
start,572284,Nelfi Zapata,0,7,2
start,543317,Charles Hinojosa,0,8,7
start,502402,Brandon Brown,0,9,6
start,543290,Michael Hebert,0,0,1
start,595831,Jonathan Merritt,1,1,6
start,542165,Pedro Feliz,1,2,4
start,455390,Jhonny Medrano,1,3,5
start,548300,Chris Wallace,1,4,2
start,573245,Bubby Williams,1,5,10
start,595832,Marcus Nidiffer,1,6,3
start,516430,Emilio King,1,7,9
start,516429,Ricardo Heredia,1,8,7
start,595291,Bryce Lane,1,9,8
start,517328,Angel Gonzalez,1,0,1
play,1,0,514914,,,6/L,101.41,170.68
play,1,0,571724,,,63/G,119.48,173.69
play,1,0,502095,,,43/G,129.52,169.68
play,1,1,595831,,,K
play,1,1,542165,,,K
play,1,1,455390,,,S9/G,142.57,145.58
play,1,1,548300,,,SB2
play,1,1,548300,,,W
play,1,1,573245,,,K
play,2,0,573669,,,8/F,128.51,124.50
play,2,0,543710,,,K
play,2,0,544938,,,S9/G,166.67,139.56
play,2,0,572284,,,9/F,145.58,135.54
play,2,1,595832,,,7/F,64.26,111.45
play,2,1,516430,,,W
play,2,1,516429,,,S7/G.1-2,84.34,145.58
play,2,1,595291,,,64(1)3/GDP/G6,113.45,169.68
play,3,0,543317,,,W
play,3,0,502402,,,K
play,3,0,514914,,,PO1(E?).1-3
play,3,0,514914,,,9/SF.3-H,200.80,124.50
play,3,0,571724,,,W
play,3,0,502095,,,D9/L.1-H,162.65,140.56
play,3,0,573669,,,HR/F.2-H,43.17,85.34
play,3,0,543710,,,S9/L,150.60,132.53
play,3,0,544938,,,9/F,184.74,124.50
play,3,1,595831,,,6/P,99.40,167.67
play,3,1,542165,,,7/F,68.27,123.49
play,3,1,455390,,,8/F,140.56,95.38
play,4,0,572284,,,8/F,89.36,126.51
play,4,0,543317,,,K
play,4,0,502402,,,63/G,110.44,160.64
play,4,1,548300,,,23/G,128.51,200.80
play,4,1,573245,,,63/G,120.48,169.68
play,4,1,595832,,,D7/L,54.22,129.52
play,4,1,516430,,,3/P,150.60,179.72
play,5,0,514914,,,K
play,5,0,571724,,,8/F,132.53,89.36
play,5,0,502095,,,K
play,5,1,516429,,,9/F,162.65,131.53
play,5,1,595291,,,S8/G,101.41,104.42
play,5,1,595831,,,K
play,5,1,542165,,,FC6/G.1X2(6),116.47,161.65
play,6,0,573669,,,NP
sub,500764,Jeiler Castillo,1,0,1
play,6,0,573669,,,53/G,101.41,182.73
play,6,0,543710,,,K
play,6,0,544938,,,9/F,160.64,99.40
play,6,1,455390,,,NP
sub,592473,Adam Kolarek,0,0,1
play,6,1,455390,,,K
play,6,1,548300,,,K
play,6,1,573245,,,K
play,7,0,572284,,,4/L,144.58,171.69
play,7,0,543317,,,13/G,126.51,184.74
play,7,0,502402,,,63/G,103.41,173.69
play,7,1,595832,,,HP
play,7,1,516430,,,K
play,7,1,516429,,,K
play,7,1,595291,,,NP
sub,571981,Telvin Nash,1,9,11
play,7,1,571981,,,K
play,8,0,514914,,,NP
sub,516430,Emilio King,1,7,8
play,8,0,571724,,,NP
sub,516429,Ricardo Heredia,1,8,9
play,8,0,502095,,,NP
sub,571981,Telvin Nash,1,9,7
play,8,0,514914,,,43/G,139.56,165.66
play,8,0,571724,,,S9/G,157.63,138.55
play,8,0,502095,,,K
play,8,0,573669,,,9/F,144.58,121.49
play,8,1,595831,,,4/P,132.53,164.66
play,8,1,542165,,,K
play,8,1,455390,,,K
play,9,0,543710,,,NP
sub,574988,Philip Rorabaugh,1,0,1
play,9,0,543710,,,6/P,115.46,164.66
play,9,0,544938,,,53/G,95.38,180.72
play,9,0,572284,,,8/F,127.51,112.45
play,9,1,548300,,,NP
sub,595027,Michael Weldon,0,0,1
play,9,1,548300,,,5/PF,97.39,182.73
play,9,1,573245,,,53/G,95.38,174.70
play,9,1,595832,,,43/G,141.57,167.67
id,GreAPP201007050
info,visteam,KinAPP
info,hometeam,GreAPP
info,date,2010/07/05
start,514914,Ray Van Gurp,0,1,4
start,592725,Justin Schafer,0,2,6
start,572897,ZeErika McQueen,0,3,8
start,502095,Lucas Stewart,0,4,3
start,573669,Aderlin Rodriguez,0,5,5
start,544938,Albert Cordero,0,6,10
start,572284,Nelfi Zapata,0,7,2
start,543317,Charles Hinojosa,0,8,7
start,573153,John Semel,0,9,9
start,544390,Lachlan Hodge,0,0,1
start,500767,Ricardo Garcia,1,1,4
start,542605,Hector Rodriguez,1,2,6
start,595832,Marcus Nidiffer,1,3,3
start,455390,Jhonny Medrano,1,4,5
start,548300,Chris Wallace,1,5,10
start,571981,Telvin Nash,1,6,7
start,572938,Ryan Humphrey,1,7,9
start,596571,Ryan McCurdy,1,8,2
start,595291,Bryce Lane,1,9,8
start,595798,Ruben Alaniz,1,0,1
play,1,0,514914,,,9/F,180.72,114.46
play,1,0,592725,,,S6/G,112.45,171.69
play,1,0,572897,,,S9/F.1-2,169.68,115.46
play,1,0,502095,,,HP.1-2;2-3
play,1,0,573669,,,64(1)3/GDP/G6,87.35,169.68
play,1,1,500767,,,8/F,142.57,91.37
play,1,1,542605,,,9/F,172.69,126.51
play,1,1,595832,,,K
play,2,0,544938,,,4/L,158.63,176.71
play,2,0,572284,,,9/F,166.67,108.43
play,2,0,543317,,,43/G,137.55,173.69
play,2,1,455390,,,K
play,2,1,548300,,,K
play,2,1,571981,,,4/PF,161.65,193.78
play,3,0,573153,,,43/G,144.58,173.69
play,3,0,514914,,,8/F,120.48,87.35
play,3,0,592725,,,S6/G,100.40,178.71
play,3,0,572897,,,CS2
play,3,1,572938,,,K
play,3,1,596571,,,W
play,3,1,595291,,,K
play,3,1,500767,,,WP.1-2
play,3,1,500767,,,S8/L.2-H,133.53,106.43
play,3,1,542605,,,8/F,122.49,82.33
play,4,0,572897,,,K
play,4,0,502095,,,W
play,4,0,573669,,,HR/F.1-H,13.05,67.27
play,4,0,544938,,,13/G,124.50,194.78
play,4,0,572284,,,43/G,144.58,163.65
play,4,1,595832,,,S6/G,103.41,177.71
play,4,1,455390,,,64(1)3/GDP/G6,116.47,176.71
play,4,1,548300,,,53/G,100.40,183.73
play,5,0,543317,,,53/G,101.41,181.73
play,5,0,573153,,,13/G,130.52,194.78
play,5,0,514914,,,T9/F,181.73,95.38
play,5,0,592725,,,63/G,108.43,176.71
play,5,1,571981,,,HR/F,37.15,73.29
play,5,1,572938,,,K
play,5,1,596571,,,HP
play,5,1,595291,,,NP
sub,516790,Samuel Taveras,0,0,1
play,5,1,595291,,,16(1)3/GDP/G1,118.47,184.74
play,6,0,572897,,,7/F,80.32,93.37
play,6,0,502095,,,S9/G,129.52,120.48
play,6,0,573669,,,S9/G.1-2,158.63,131.53
play,6,0,544938,,,3/PF,162.65,194.78
play,6,0,572284,,,8/F,116.47,77.31
play,6,1,500767,,,63/G,80.32,168.67
play,6,1,542605,,,53/G,110.44,181.73
play,6,1,595832,,,K
play,7,0,543317,,,NP
sub,592225,Ryan Cole,1,0,1
play,7,0,543317,,,53/G,96.39,176.71
play,7,0,573153,,,53/G,106.43,171.69
play,7,0,514914,,,W
play,7,0,592725,,,D7/F.1-H,57.23,78.31
play,7,0,572897,,,K
play,7,1,455390,,,K
play,7,1,548300,,,D9/F,180.72,77.31
play,7,1,571981,,,K
play,7,1,572938,,,WP.2-3
play,7,1,572938,,,K
play,8,0,502095,,,NP
sub,518514,Garrett Bullock,1,0,1
play,8,0,502095,,,S7/G,100.40,127.51
play,8,0,573669,,,S9/G.1-2,163.65,110.44
play,8,0,544938,,,24/SH.1-2;2-3,126.51,197.79
play,8,0,572284,,,IW
play,8,0,543317,,,NP
sub,595800,B. J. Hagen,1,0,1
play,8,0,543317,,,FC6/G.1X2(64);2-H;3-H;B-2(E4/TH),119.48,170.68
play,8,0,573153,,,K
play,8,1,596571,,,NP
sub,451699,Richard Pena,0,0,1
play,8,1,596571,,,NP
sub,573245,Bubby Williams,1,8,11
play,8,1,573245,,,63/G,105.42,172.69
play,8,1,595291,,,S9/G,176.71,115.46
play,8,1,500767,,,9/F,155.62,114.46
play,8,1,542605,,,FC4/G.1X2(46),138.55,167.67
play,9,0,514914,,,NP
sub,573245,Bubby Williams,1,8,2
play,9,0,514914,,,43/G,150.60,168.67
play,9,0,592725,,,T8/F,114.46,66.27
play,9,0,572897,,,D7/G.3-H;B-3(E7/TH),64.26,93.37
play,9,0,502095,,,8/SF.3-H,140.56,85.34
play,9,0,573669,,,7/F,63.25,95.38
play,9,1,595832,,,S8/G,141.57,101.41
play,9,1,455390,,,4/P,141.57,157.63
play,9,1,548300,,,K
play,9,1,571981,,,13/G,130.52,192.77
id,GreAPP201007060
info,visteam,KinAPP
info,hometeam,GreAPP
info,date,2010/07/06
start,571724,Chase Greene,0,1,8
start,592725,Justin Schafer,0,2,6
start,572897,ZeErika McQueen,0,3,7
start,502095,Lucas Stewart,0,4,3
start,573669,Aderlin Rodriguez,0,5,5
start,543710,Javier Rodriguez,0,6,9
start,544938,Albert Cordero,0,7,2
start,572284,Nelfi Zapata,0,8,10
start,514914,Ray Van Gurp,0,9,4
start,592560,Brett Mitchell,0,0,1
start,595831,Jonathan Merritt,1,1,6
start,500767,Ricardo Garcia,1,2,4
start,516430,Emilio King,1,3,9
start,455390,Jhonny Medrano,1,4,5
start,548300,Chris Wallace,1,5,2
start,571981,Telvin Nash,1,6,7
start,595832,Marcus Nidiffer,1,7,3
start,573245,Bubby Williams,1,8,10
start,595291,Bryce Lane,1,9,8
start,542170,Ricardo Batista,1,0,1
play,1,0,571724,,,E5/TH.B-2,110.44,188.76
play,1,0,592725,,,S9/G.2-H,172.69,135.54
play,1,0,572897,,,CS2
play,1,0,572897,,,63/G,113.45,162.65
play,1,0,502095,,,K
play,1,1,595831,,,53/G,106.43,181.73
play,1,1,500767,,,5/PF,97.39,204.82
play,1,1,516430,,,63/G,110.44,168.67
play,2,0,573669,,,D8/F,134.54,65.26
play,2,0,543710,,,WP.2-3
play,2,0,543710,,,63/G.3-H,114.46,160.64
play,2,0,544938,,,S9/G,173.69,136.55
play,2,0,572284,,,K+CS2
play,2,1,455390,,,T8/L,123.49,65.26
play,2,1,548300,,,S8/G.3-H,130.52,106.43
play,2,1,571981,,,46(1)3/GDP/G4,141.57,166.67
play,2,1,595832,,,K
play,3,0,514914,,,63/G,111.45,162.65
play,3,0,571724,,,9/F,190.76,123.49
play,3,0,592725,,,S8/G,127.51,117.47
play,3,0,572897,,,K
play,3,1,573245,,,4/P,137.55,162.65
play,3,1,595291,,,9/F,186.75,109.44
play,3,1,595831,,,S5/BG,108.43,192.77
play,3,1,500767,,,K
play,4,0,502095,,,9/F,181.73,119.48
play,4,0,573669,,,7/F,57.23,118.47
play,4,0,543710,,,53/G,111.45,184.74
play,4,1,516430,,,K
play,4,1,455390,,,K
play,4,1,548300,,,D9/F,191.77,123.49
play,4,1,571981,,,K
play,5,0,544938,,,9/F,194.78,124.50
play,5,0,572284,,,S9/G,178.71,140.56
play,5,0,514914,,,4/P,135.54,159.64
play,5,0,571724,,,4/P,139.56,168.67
play,5,1,595832,,,K23
play,5,1,573245,,,53/G,111.45,182.73
play,5,1,595291,,,63/G,113.45,161.65
play,6,0,592725,,,NP
sub,572173,Brian Streilein,1,0,1
play,6,0,592725,,,53/G,103.41,181.73
play,6,0,572897,,,63/G,125.50,161.65
play,6,0,502095,,,S8/L,139.56,105.42
play,6,0,573669,,,S9/G.1-2,171.69,140.56
play,6,0,543710,,,8/F,131.53,88.35
play,6,1,595831,,,4/P,137.55,161.65
play,6,1,500767,,,9/F,190.76,119.48
play,6,1,516430,,,9/F,178.71,117.47
play,7,0,544938,,,S7/G,85.34,140.56
play,7,0,572284,,,HP.1-2
play,7,0,514914,,,W.1-2;2-3
play,7,0,571724,,,D7/F.1-3;2-H;3-H,59.24,117.47
play,7,0,592725,,,NP
sub,572142,Travis Smink,1,0,1
play,7,0,592725,,,S9/F.2-3;3-H,171.69,137.55
play,7,0,572897,,,FC4/G.1X2(46);3-H;B-1,142.57,167.67
play,7,0,502095,,,HP.1-2
play,7,0,573669,,,FC5/G.1X2(54);2-3;B-1,103.41,180.72
play,7,0,543710,,,9/F,180.72,97.39
play,7,1,455390,,,63/G,109.44,160.64
play,7,1,548300,,,63/G,107.43,161.65
play,7,1,571981,,,E6,108.43,162.65
play,7,1,595832,,,W.1-2
play,7,1,573245,,,NP
sub,571560,T. J. Chism,0,0,1
play,7,1,573245,,,FC6/G.1X2(64),100.40,169.68
play,8,0,544938,,,53/G,105.42,181.73
play,8,0,572284,,,S8/G,138.55,105.42
play,8,0,514914,,,FC5/G.1X2(54);B-1,96.39,176.71
play,8,0,571724,,,43/G,135.54,159.64
play,8,1,595291,,,NP
sub,458720,John Holdzkom,0,0,1
play,8,1,595291,,,K
play,8,1,595831,,,W
play,8,1,500767,,,S9/L.1-2,175.70,136.55
play,8,1,516430,,,WP.1-2;2-3
play,8,1,516430,,,W
play,8,1,455390,,,BK.1-2;2-3;3-H
play,8,1,455390,,,K
play,8,1,548300,,,3/G,152.61,173.69
play,9,0,592725,,,NP
sub,571585,Jamaine Cotton,1,0,1
play,9,0,592725,,,43/G,138.55,162.65
play,9,0,572897,,,63/G,106.43,162.65
play,9,0,502095,,,9/F,182.73,117.47
play,9,1,571981,,,NP
sub,542939,Peter Birdwell,0,0,1
play,9,1,571981,,,6/L,102.41,167.67
play,9,1,595832,,,K
play,9,1,573245,,,3/P,144.58,177.71
id,GreAPP201007070
info,visteam,PulAPP
info,hometeam,GreAPP
info,date,2010/07/07
start,500716,Jorge Agudelo,0,1,4
start,595467,James Wood,0,2,7
start,543049,Henry Contreras,0,3,10
start,517539,Ramon Morla,0,4,5
start,571708,Andrew Giobbi,0,5,3
start,595400,Jake Schlander,0,6,6
start,595351,Ethan Paquette,0,7,9
start,500719,Larry Gonzalez,0,8,2
start,500726,Mario Yepez,0,9,8
start,526911,Nolan Diaz,0,0,1
start,595831,Jonathan Merritt,1,1,6
start,542165,Pedro Feliz,1,2,4
start,548300,Chris Wallace,1,3,2
start,455390,Jhonny Medrano,1,4,5
start,595832,Marcus Nidiffer,1,5,3
start,571981,Telvin Nash,1,6,7
start,516430,Emilio King,1,7,9
start,516429,Ricardo Heredia,1,8,10
start,572938,Ryan Humphrey,1,9,8
start,592314,Michael Foltynewicz,1,0,1
play,1,0,500716,,,43/G,140.56,170.68
play,1,0,595467,,,W
play,1,0,543049,,,WP.1-2
play,1,0,543049,,,4/P,134.54,167.67
play,1,0,517539,,,W
play,1,0,571708,,,W.1-2;2-3
play,1,0,595400,,,S9/L.1-3;2-H;3-H,167.67,144.58
play,1,0,595351,,,WP.1-2;3-H
play,1,0,595351,,,63/G,113.45,172.69
play,1,1,595831,,,K
play,1,1,542165,,,D9/F,175.70,98.39
play,1,1,548300,,,S8/L.2-H,93.37,114.46
play,1,1,455390,,,K
play,1,1,595832,,,W.1-2
play,1,1,571981,,,S7/G.1-2;2-H,87.35,108.43
play,1,1,516430,,,9/F,188.76,131.53
play,2,0,500719,,,K
play,2,0,500726,,,HR/F,170.68,55.22
play,2,0,500716,,,53/BG,110.44,182.73
play,2,0,595467,,,W
play,2,0,543049,,,S7/L.1-2,65.26,112.45
play,2,0,517539,,,NP
sub,500764,Jeiler Castillo,1,0,1
play,2,0,517539,,,WP.1-2;2-3
play,2,0,517539,,,K
play,2,1,516429,,,S7/L,68.27,117.47
play,2,1,572938,,,BK.1-2
play,2,1,572938,,,53/G,100.40,187.75
play,2,1,595831,,,53/G,105.42,181.73
play,2,1,542165,,,8/F,123.49,92.37
play,3,0,571708,,,9/L,178.71,122.49
play,3,0,595400,,,9/L,156.63,141.57
play,3,0,595351,,,S8/G,109.44,100.40
play,3,0,500719,,,13/G,127.51,187.75
play,3,1,548300,,,53/G,111.45,195.78
play,3,1,455390,,,D7/G,59.24,129.52
play,3,1,595832,,,63/G.2-3,104.42,165.66
play,3,1,571981,,,63/G,126.51,190.76
play,4,0,500726,,,53/G,112.45,177.71
play,4,0,500716,,,S7/F,79.32,99.40
play,4,0,595467,,,POCS2(136)
play,4,0,595467,,,8/F,141.57,97.39
play,4,1,516430,,,43/G,131.53,171.69
play,4,1,516429,,,K
play,4,1,572938,,,S9/L,186.75,123.49
play,4,1,595831,,,CS2
play,5,0,543049,,,53/G,108.43,184.74
play,5,0,517539,,,43/G,145.58,182.73
play,5,0,571708,,,13/G,126.51,190.76
play,5,1,595831,,,K
play,5,1,542165,,,31/G,151.61,184.74
play,5,1,548300,,,E6,113.45,169.68
play,5,1,455390,,,9/F,153.61,129.52
play,6,0,595400,,,43/G,153.61,171.69
play,6,0,595351,,,53/G,101.41,183.73
play,6,0,500719,,,53/G,108.43,178.71
play,6,1,595832,,,NP
sub,597054,Lance Abbott,0,0,1
play,6,1,595832,,,63/G,114.46,175.70
play,6,1,571981,,,W
play,6,1,516430,,,6/P,111.45,172.69
play,6,1,516429,,,53/G,112.45,179.72
play,7,0,500726,,,NP
sub,592826,Vincent Velasquez,1,0,1
play,7,0,500726,,,9/FF,180.72,163.65
play,7,0,500716,,,63/G,115.46,181.73
play,7,0,595467,,,W
play,7,0,543049,,,W.1-2
play,7,0,517539,,,K
play,7,1,572938,,,13/G,125.50,189.76
play,7,1,595831,,,8/F,109.44,93.37
play,7,1,542165,,,S5/BG.B-2(E5/TH),102.41,183.73
play,7,1,548300,,,S9/L.2-H,175.70,130.52
play,7,1,455390,,,K
play,8,0,571708,,,NP
sub,595224,Paul Gerrish,1,0,1
play,8,0,571708,,,3/G,138.55,192.77
play,8,0,595400,,,9/F,155.62,135.54
play,8,0,595351,,,63/G,108.43,174.70
play,8,1,595832,,,NP
sub,542940,Matthew Bischoff,0,0,1
play,8,1,595832,,,D7/G,46.18,121.49
play,8,1,571981,,,K
play,8,1,516430,,,K
play,8,1,516429,,,E6/TH.2-H,109.44,162.65
play,8,1,572938,,,CS2
play,9,0,500719,,,8/F,160.64,123.49
play,9,0,500726,,,K
play,9,0,500716,,,NP
sub,574988,Philip Rorabaugh,1,0,1
play,9,0,500716,,,53/G,98.39,178.71
play,9,1,572938,,,13/G,130.52,189.76
play,9,1,595831,,,9/F,159.64,134.54
play,9,1,542165,,,W
play,9,1,548300,,,K
play,10,0,595467,,,53/G,105.42,179.72
play,10,0,543049,,,9/F,176.71,133.53
play,10,0,517539,,,HR/F,132.53,20.08
play,10,0,571708,,,63/G,120.48,160.64
play,10,1,455390,,,8/F,129.52,107.43
play,10,1,595832,,,3/P,152.61,176.71
play,10,1,571981,,,9/F,159.64,126.51
id,GreAPP201007080
info,visteam,PulAPP
info,hometeam,GreAPP
info,date,2010/07/08
start,573095,Derek Poppert,0,1,6
start,595467,James Wood,0,2,9
start,543049,Henry Contreras,0,3,10
start,517539,Ramon Morla,0,4,5
start,500716,Jorge Agudelo,0,5,4
start,515055,Jose Rivero,0,6,7
start,595351,Ethan Paquette,0,7,3
start,542546,Hassiel Jimenez,0,8,2
start,500726,Mario Yepez,0,9,8
start,500033,Jessie Nava,0,0,1
start,500767,Ricardo Garcia,1,1,4
start,595831,Jonathan Merritt,1,2,6
start,455390,Jhonny Medrano,1,3,5
start,548300,Chris Wallace,1,4,2
start,595832,Marcus Nidiffer,1,5,3
start,571981,Telvin Nash,1,6,7
start,516430,Emilio King,1,7,8
start,573245,Bubby Williams,1,8,10
start,516429,Ricardo Heredia,1,9,9
start,542300,Euris Quezada,1,0,1
play,1,0,573095,,,D9/L,178.71,143.57
play,1,0,595467,,,K
play,1,0,543049,,,S8/L.2-H,148.59,112.45
play,1,0,517539,,,K
play,1,0,500716,,,S7/L.1-2,66.27,129.52
play,1,0,placeholder,,,PO?(E?).1-2;2-3
play,1,0,515055,,,T,55.22,120.48
play,1,0,595351,,,S7/G.3-H,88.35,146.59
play,1,0,542546,,,SB2
play,1,0,542546,,,K
play,1,1,500767,,,S8/L,125.50,119.48
play,1,1,595831,,,SB2
play,1,1,595831,,,W
play,1,1,455390,,,HR/F.1-H;2-H,43.17,60.24
play,1,1,548300,,,S7/L,83.33,123.49
play,1,1,595832,,,E5/TH.1-3,105.42,185.74
play,1,1,571981,,,W.1-2
play,1,1,516430,,,K
play,1,1,573245,,,E1.1-2;2-3;3-H,124.50,181.73
play,1,1,516429,,,K
play,1,1,500767,,,W.1-2;2-3;3-H
play,1,1,595831,,,S6/G.1-2;2-3;3-H,111.45,168.67
play,1,1,455390,,,K
play,2,0,500726,,,4/P,145.58,165.66
play,2,0,573095,,,9/F,174.70,94.38
play,2,0,595467,,,7/F,69.28,108.43
play,2,1,548300,,,53/G,100.40,179.72
play,2,1,595832,,,53/G,105.42,177.71
play,2,1,571981,,,HR/F,197.79,74.30
play,2,1,516430,,,S5/G,114.46,175.70
play,2,1,573245,,,K
play,3,0,543049,,,HP
play,3,0,517539,,,K
play,3,0,500716,,,S7/L.1-2,74.30,128.51
play,3,0,515055,,,5/P,92.37,181.73
play,3,0,595351,,,WP.1-2;2-3
play,3,0,595351,,,13/G,125.50,183.73
play,3,1,516429,,,NP
sub,594842,Tim Griffin,0,0,1
play,3,1,516429,,,7/F,71.29,129.52
play,3,1,500767,,,63/G,115.46,168.67
play,3,1,595831,,,HP
play,3,1,455390,,,8/F,148.59,98.39
play,4,0,542546,,,1/P,128.51,193.78
play,4,0,500726,,,6/P,101.41,161.65
play,4,0,573095,,,S4/G,145.58,165.66
play,4,0,595467,,,SB2
play,4,0,595467,,,W
play,4,0,543049,,,K
play,4,1,548300,,,S8/L,128.51,111.45
play,4,1,595832,,,S7/L.1-2,79.32,121.49
play,4,1,571981,,,W.1-2;2-3
play,4,1,516430,,,9/SF.1-2;2-3;3-H,159.64,131.53
play,4,1,573245,,,K23
play,4,1,516429,,,T9/L.2-H;3-H,172.69,140.56
play,4,1,500767,,,S8/G.3-H,126.51,115.46
play,4,1,595831,,,W.1-2
play,4,1,455390,,,S8/F.1-3;2-H,112.45,103.41
play,4,1,548300,,,S7/L.1-2;3-H,70.28,132.53
play,4,1,595832,,,NP
sub,595280,Ryan Kiel,0,0,1
play,4,1,595832,,,S4/G.1-3;2-H,131.53,166.67
play,4,1,571981,,,9/F,176.71,140.56
play,5,0,517539,,,4/P,146.59,172.69
play,5,0,500716,,,8/F,106.43,108.43
play,5,0,515055,,,HR,131.53,38.15
play,5,0,595351,,,W
play,5,0,542546,,,S7/L.1-2,82.33,114.46
play,5,0,500726,,,3/L,156.63,172.69
play,5,1,516430,,,K
play,5,1,573245,,,3/P,146.59,183.73
play,5,1,516429,,,53/G,99.40,181.73
play,6,0,573095,,,NP
sub,595800,B. J. Hagen,1,0,1
play,6,0,573095,,,9/F,170.68,120.48
play,6,0,595467,,,43/G,151.61,167.67
play,6,0,543049,,,E6/TH,112.45,166.67
play,6,0,517539,,,FC5/G.1X2(54),104.42,182.73
play,6,1,500767,,,K
play,6,1,595831,,,K
play,6,1,455390,,,53/G,104.42,182.73
play,7,0,500716,,,7/F,104.42,105.42
play,7,0,515055,,,HR,122.49,30.12
play,7,0,595351,,,63/G,91.37,170.68
play,7,0,542546,,,1/P,118.47,190.76
play,7,1,548300,,,HR/F,108.43,47.19
play,7,1,595832,,,5/PF,95.38,192.77
play,7,1,571981,,,K
play,7,1,516430,,,S6/G,101.41,165.66
play,7,1,573245,,,HP.1-2
play,7,1,516429,,,7/F,77.31,118.47
play,8,0,500726,,,NP
sub,455390,Jhonny Medrano,1,3,3
play,8,0,573095,,,NP
sub,542605,Hector Rodriguez,1,5,5
play,8,0,595467,,,NP
sub,571585,Jamaine Cotton,1,0,1
play,8,0,500726,,,HR/F,213.86,69.28
play,8,0,573095,,,2/PF,123.49,226.91
play,8,0,595467,,,S7/L,76.31,136.55
play,8,0,543049,,,S6/G.1-2,60.24,143.57
play,8,0,517539,,,D7/L.1-3;2-H,56.22,126.51
play,8,0,500716,,,D7/F.2-3;3-H,60.24,139.56
play,8,0,515055,,,NP
sub,592225,Ryan Cole,1,0,1
play,8,0,515055,,,S8/L.2-3;3-H,131.53,114.46
play,8,0,595351,,,S8/L.1-2;3-H,131.53,118.47
play,8,0,542546,,,9/F.2-3,141.57,139.56
play,8,0,500726,,,S8/G.1-2;3-H,108.43,136.55
play,8,0,573095,,,NP
sub,572173,Brian Streilein,1,0,1
play,8,0,573095,,,8/F,106.43,106.43
play,8,1,placeholder,,,NP
sub,597055,Bryan Leigh,0,0,1
play,8,1,500767,,,S7/G,69.28,125.50
play,8,1,595831,,,E6/TH.1-2,107.43,157.63
play,8,1,455390,,,S8/L.1-2;2-3,112.45,119.48
play,8,1,548300,,,9/SF.2-3;3-H,166.67,134.54
play,8,1,542605,,,CSH;.1-2
play,8,1,542605,,,7/F,47.19,95.38
play,9,0,595467,,,S8/G,114.46,103.41
play,9,0,543049,,,7/F.1-2,63.25,104.42
play,9,0,517539,,,63/G.2-3,109.44,170.68
play,9,0,500716,,,K
id,GreAPP201007090
info,visteam,PulAPP
info,hometeam,GreAPP
info,date,2010/07/09
start,573095,Derek Poppert,0,1,4
start,543049,Henry Contreras,0,2,10
start,517539,Ramon Morla,0,3,5
start,515055,Jose Rivero,0,4,9
start,500716,Jorge Agudelo,0,5,7
start,595400,Jake Schlander,0,6,6
start,595351,Ethan Paquette,0,7,3
start,500719,Larry Gonzalez,0,8,2
start,500726,Mario Yepez,0,9,8
start,570884,George Mieses,0,0,1
start,500767,Ricardo Garcia,1,1,4
start,595831,Jonathan Merritt,1,2,6
start,455390,Jhonny Medrano,1,3,5
start,548300,Chris Wallace,1,4,10
start,595832,Marcus Nidiffer,1,5,3
start,571981,Telvin Nash,1,6,7
start,516430,Emilio King,1,7,8
start,516429,Ricardo Heredia,1,8,9
start,573245,Bubby Williams,1,9,2
start,517328,Angel Gonzalez,1,0,1
play,1,0,573095,,,63/G,97.39,161.65
play,1,0,543049,,,13/G,122.49,198.80
play,1,0,517539,,,K
play,1,1,500767,,,S8/L,139.56,113.45
play,1,1,595831,,,K
play,1,1,455390,,,54(1)3/GDP/G5,105.42,178.71
play,2,0,515055,,,W
play,2,0,500716,,,8/F.1-2,124.50,99.40
play,2,0,595400,,,W
play,2,0,595351,,,43/G.1-2;2-3,131.53,171.69
play,2,0,500719,,,S9/L.2-H;3-H,158.63,141.57
play,2,0,500726,,,D9/L.1-3,160.64,128.51
play,2,0,573095,,,4/P,144.58,174.70
play,2,1,548300,,,53/G,114.46,179.72
play,2,1,595832,,,S7/L,60.24,134.54
play,2,1,571981,,,S8/L.1-2,132.53,115.46
play,2,1,516430,,,E1/TH.1-2;2-H,125.50,197.79
play,2,1,516429,,,S9/G.1-2;2-H,148.59,154.62
play,2,1,573245,,,S7/G.1-2;2-H,59.24,133.53
play,2,1,500767,,,9/F,163.65,133.53
play,2,1,595831,,,9/F,192.77,119.48
play,3,0,543049,,,4/P,135.54,174.70
play,3,0,517539,,,HR/F,193.78,48.19
play,3,0,515055,,,S8/F,100.40,105.42
play,3,0,500716,,,D7/L.1-H,72.29,124.50
play,3,0,595400,,,SB3
play,3,0,595400,,,S9/L.3-H,158.63,140.56
play,3,0,595351,,,FC1/G.1X2(16);B-1,118.47,189.76
play,3,0,500719,,,D8/L.1-H,111.45,87.35
play,3,0,500726,,,NP
sub,518514,Garrett Bullock,1,0,1
play,3,0,500726,,,WP.2-3
play,3,0,500726,,,13/G,120.48,199.80
play,3,1,455390,,,3/L,135.54,184.74
play,3,1,548300,,,HR/F,124.50,32.13
play,3,1,595832,,,K
play,3,1,571981,,,9/F,169.68,128.51
play,4,0,573095,,,S8/G,103.41,120.48
play,4,0,543049,,,K+SB2
play,4,0,517539,,,SB3
play,4,0,517539,,,D8/F.3-H,126.51,93.37
play,4,0,515055,,,31/G.2-3,148.59,190.76
play,4,0,500716,,,63/G,120.48,175.70
play,4,1,516430,,,D7/L,82.33,101.41
play,4,1,516429,,,E6.2-3(E5)(E5),110.44,170.68
play,4,1,573245,,,2/PF,54.22,212.85
play,4,1,500767,,,K
play,4,1,595831,,,8/F,108.43,94.38
play,5,0,595400,,,7/F,55.22,127.51
play,5,0,595351,,,K
play,5,0,500719,,,53/G,105.42,182.73
play,5,1,455390,,,HR/F,20.08,70.28
play,5,1,548300,,,K
play,5,1,595832,,,53/G,113.45,179.72
play,5,1,571981,,,HR/F,175.70,39.16
play,5,1,516430,,,HP
play,5,1,516429,,,8/F,111.45,81.33
play,6,0,500726,,,NP
sub,574988,Philip Rorabaugh,1,0,1
play,6,0,500726,,,43/G,131.53,180.72
play,6,0,573095,,,HP
play,6,0,543049,,,8/F,119.48,106.43
play,6,0,517539,,,13/G,125.50,199.80
play,6,1,573245,,,HP
play,6,1,500767,,,14/SH.1-2,126.51,203.82
play,6,1,595831,,,13/G.2-3,131.53,197.79
play,6,1,455390,,,S9/G.3-H,161.65,135.54
play,6,1,548300,,,NP
sub,595138,Timothy Boyce,0,0,1
play,6,1,548300,,,HP.1-2
play,6,1,595832,,,E5/TH.1-H;2-H;B-2,102.41,184.74
play,6,1,571981,,,K
play,7,0,515055,,,K
play,7,0,500716,,,K
play,7,0,595400,,,S8/L,102.41,113.45
play,7,0,595351,,,S9/F.1-2,161.65,129.52
play,7,0,500719,,,PO?(E?).1-2;2-3
play,7,0,500719,,,K
play,7,1,516430,,,W
play,7,1,516429,,,13/SH.1-2,125.50,197.79
play,7,1,573245,,,E5/TH.2-3;B-2,104.42,181.73
play,7,1,500767,,,S7/L.2-H;3-H,51.20,129.52
play,7,1,595831,,,9/F,192.77,126.51
play,7,1,455390,,,S8/L.1-3;B-2,108.43,118.47
play,7,1,548300,,,IW
play,7,1,595832,,,53/G,111.45,179.72
play,8,0,500726,,,7/F,68.27,95.38
play,8,0,573095,,,S7/L,73.29,145.58
play,8,0,543049,,,HR/F.1-H,43.17,67.27
play,8,0,517539,,,NP
sub,595224,Paul Gerrish,1,0,1
play,8,0,517539,,,13/G,123.49,196.79
play,8,0,515055,,,S6/G,117.47,168.67
play,8,0,500716,,,HP.1-2
play,8,0,595400,,,S8/F.1-H;2-H;B-2,121.49,119.48
play,8,0,595351,,,S7/F.2-H,76.31,142.57
play,8,0,500719,,,WP.1-2
play,8,0,500719,,,K
play,8,1,571981,,,NP
sub,595467,James Wood,0,5,7
play,8,1,571981,,,W
play,8,1,516430,,,HP.1-2
play,8,1,516429,,,NP
sub,543920,Bennett Whitmore,0,0,1
play,8,1,516429,,,NP
sub,595291,Bryce Lane,1,8,11
play,8,1,placeholder,,,NP
sub,572938,Ryan Humphrey,1,6,12
play,8,1,595291,,,K.1-2;2-3;B-1(E2/TH)
play,8,1,573245,,,FC5/G.1-2;2-3;3XH(52);B-1,106.43,176.71
play,8,1,500767,,,S9/L.1-2;2-3;3-H,158.63,154.62
play,8,1,595831,,,S1/BG.1-2;2XH(15);3-H,125.50,197.79
play,8,1,455390,,,S7/G.1-2;2-H,65.26,135.54
play,8,1,548300,,,K
play,9,0,500726,,,NP
sub,455390,Jhonny Medrano,1,3,3
play,9,0,573095,,,NP
sub,542605,Hector Rodriguez,1,5,5
play,9,0,543049,,,NP
sub,572938,Ryan Humphrey,1,6,7
play,9,0,517539,,,NP
sub,516430,Emilio King,1,7,9
play,9,0,515055,,,NP
sub,595291,Bryce Lane,1,8,8
play,9,0,595467,,,NP
sub,572142,Travis Smink,1,0,1
play,9,0,500726,,,K
play,9,0,573095,,,6/L,99.40,167.67
play,9,0,543049,,,53/G,102.41,178.71
id,GreAPP201007140
info,visteam,BurAPP
info,hometeam,GreAPP
info,date,2010/07/14
start,543454,Alex Llanos,0,1,8
start,542371,Luis Piterson,0,2,4
start,573183,Ryan Stovall,0,3,3
start,596306,Ryan Jenkins,0,4,2
start,573001,Gabe MacDougall,0,5,7
start,572935,Anthony Howard,0,6,9
start,594918,Alex McClure,0,7,6
start,524188,Yunior Figueroa,0,8,5
start,519214,Derek Rodriguez,0,9,10
start,521835,Leonel Santiago,0,0,1
start,500767,Ricardo Garcia,1,1,4
start,572938,Ryan Humphrey,1,2,8
start,455390,Jhonny Medrano,1,3,5
start,548300,Chris Wallace,1,4,2
start,595832,Marcus Nidiffer,1,5,3
start,573245,Bubby Williams,1,6,10
start,516430,Emilio King,1,7,7
start,595291,Bryce Lane,1,8,9
start,542605,Hector Rodriguez,1,9,6
start,592314,Michael Foltynewicz,1,0,1
play,1,0,543454,,,K
play,1,0,542371,,,S9/L,176.71,120.48
play,1,0,573183,,,3/G.1-2,144.58,182.73
play,1,0,596306,,,K
play,1,1,500767,,,D9/L,179.72,117.47
play,1,1,572938,,,K
play,1,1,455390,,,HR/F.2-H,43.17,68.27
play,1,1,548300,,,K
play,1,1,595832,,,S6/G,115.46,170.68
play,1,1,573245,,,K23
play,2,0,573001,,,9/F,174.70,126.51
play,2,0,572935,,,43/G,138.55,174.70
play,2,0,594918,,,S8/L,127.51,79.32
play,2,0,524188,,,K
play,2,1,516430,,,K
play,2,1,595291,,,53/G,114.46,175.70
play,2,1,542605,,,K
play,3,0,519214,,,K
play,3,0,543454,,,E5/TH.B-2,105.42,175.70
play,3,0,542371,,,53/G.2-3,101.41,171.69
play,3,0,573183,,,53/G,98.39,180.72
play,3,1,500767,,,K
play,3,1,572938,,,43/G,144.58,165.66
play,3,1,455390,,,53/G,104.42,178.71
play,4,0,596306,,,K
play,4,0,573001,,,53/G,99.40,181.73
play,4,0,572935,,,2/PF,119.48,222.89
play,4,1,548300,,,8/F,116.47,85.34
play,4,1,595832,,,NP
sub,542503,Edul Escobar,0,4,2
play,4,1,595832,,,8/F,126.51,89.36
play,4,1,573245,,,3/P,135.54,186.75
play,5,0,594918,,,NP
sub,592826,Vincent Velasquez,1,0,1
play,5,0,594918,,,S7/G,70.28,121.49
play,5,0,524188,,,46(1)3/GDP/G4,136.55,176.71
play,5,0,519214,,,K
play,5,1,516430,,,D9/F,171.69,107.43
play,5,1,595291,,,54/SH.2-3,112.45,193.78
play,5,1,542605,,,FC6.3XH(62),118.47,170.68
play,5,1,500767,,,S9/L.1-3,174.70,121.49
play,5,1,572938,,,SB2
play,5,1,572938,,,8/F,119.48,100.40
play,6,0,543454,,,8/F,134.54,91.37
play,6,0,542371,,,K
play,6,0,573183,,,K
play,6,1,455390,,,W
play,6,1,548300,,,CS2
play,6,1,548300,,,9/F,0.00,0.00
play,6,1,595832,,,K
play,7,0,542503,,,53/G,103.41,180.72
play,7,0,573001,,,K
play,7,0,572935,,,8/F,125.50,87.35
play,7,1,573245,,,NP
sub,502719,J. Leaper,0,0,1
play,7,1,573245,,,E5,102.41,177.71
play,7,1,516430,,,S8/G.1-3,123.49,78.31
play,7,1,595291,,,9/SF.3-H,175.70,109.44
play,7,1,542605,,,FC6/G.1X2(64);B-2(E4/TH),118.47,172.69
play,7,1,500767,,,8/F,118.47,83.33
play,8,0,594918,,,NP
sub,500764,Jeiler Castillo,1,0,1
play,8,0,594918,,,K
play,8,0,524188,,,7/F,62.25,116.47
play,8,0,519214,,,5/P,102.41,185.74
play,8,1,572938,,,NP
sub,572965,Jonathon Keck,0,0,1
play,8,1,572938,,,63/G,108.43,168.67
play,8,1,455390,,,D7/L,70.28,124.50
play,8,1,548300,,,WP.2-3
play,8,1,548300,,,HR/F.3-H,222.89,65.26
play,8,1,595832,,,HR/F,44.18,79.32
play,8,1,573245,,,K23
play,8,1,516430,,,D7/L,57.23,125.50
play,8,1,595291,,,63/G,108.43,169.68
play,9,0,543454,,,NP
sub,500767,Ricardo Garcia,1,1,5
play,9,0,542371,,,NP
sub,455390,Jhonny Medrano,1,3,3
play,9,0,573183,,,NP
sub,542165,Pedro Feliz,1,5,4
play,9,0,542503,,,NP
sub,572173,Brian Streilein,1,0,1
play,9,0,543454,,,K
play,9,0,542371,,,9/F,156.63,132.53
play,9,0,573183,,,4/L,136.55,168.67
id,GreAPP201007150
info,visteam,BurAPP
info,hometeam,GreAPP
info,date,2010/07/15
start,543454,Alex Llanos,0,1,8
start,542371,Luis Piterson,0,2,4
start,573183,Ryan Stovall,0,3,3
start,573001,Gabe MacDougall,0,4,7
start,572935,Anthony Howard,0,5,9
start,594918,Alex McClure,0,6,6
start,524188,Yunior Figueroa,0,7,5
start,542503,Edul Escobar,0,8,2
start,519214,Derek Rodriguez,0,9,10
start,571709,Michael Giovenco,0,0,1
start,500767,Ricardo Garcia,1,1,4
start,572938,Ryan Humphrey,1,2,8
start,455390,Jhonny Medrano,1,3,5
start,548300,Chris Wallace,1,4,10
start,595832,Marcus Nidiffer,1,5,3
start,516430,Emilio King,1,6,9
start,504333,Carlos Mojica,1,7,2
start,595291,Bryce Lane,1,8,7
start,542605,Hector Rodriguez,1,9,6
start,542300,Euris Quezada,1,0,1
play,1,0,543454,,,8/F,141.57,69.28
play,1,0,542371,,,D7/F,44.18,115.46
play,1,0,placeholder,,,FLE2/PF
play,1,0,573183,,,W
play,1,0,573001,,,SB3;SB2
play,1,0,573001,,,W
play,1,0,572935,,,D8/F.1-3;2-H;3-H,128.51,59.24
play,1,0,594918,,,43/G.2-3;3-H,135.54,164.66
play,1,0,524188,,,8/F,121.49,75.30
play,1,1,500767,,,63/G,109.44,167.67
play,1,1,572938,,,63/G,109.44,159.64
play,1,1,455390,,,53/G,99.40,177.71
play,2,0,542503,,,63/G,112.45,169.68
play,2,0,519214,,,31/G,153.61,177.71
play,2,0,543454,,,4/L,135.54,159.64
play,2,1,548300,,,K
play,2,1,595832,,,K
play,2,1,516430,,,53/G,104.42,181.73
play,3,0,542371,,,5/P,105.42,173.69
play,3,0,573183,,,8/F,124.50,85.34
play,3,0,573001,,,53/G,112.45,181.73
play,3,1,504333,,,S7/G,73.29,124.50
play,3,1,595291,,,7/F,80.32,113.45
play,3,1,542605,,,S9/G.1-2,174.70,129.52
play,3,1,500767,,,WP.1-2;2-3
play,3,1,500767,,,K
play,3,1,572938,,,BK.2-3;3-H
play,3,1,572938,,,W
play,3,1,455390,,,S7/L.1-2;3-H,72.29,130.52
play,3,1,548300,,,S9/G.1-H;2-H,171.69,126.51
play,3,1,595832,,,W.1-2
play,3,1,516430,,,5/P,108.43,176.71
play,4,0,572935,,,43/G,135.54,165.66
play,4,0,594918,,,S8/G,131.53,98.39
play,4,0,524188,,,D9/L.1-H;B-3(E4/TH),194.78,98.39
play,4,0,542503,,,NP
sub,542502,Adrian Martinez,0,7,12
play,4,0,542503,,,9/F.3XH(92),179.72,118.47
play,4,1,504333,,,NP
sub,542502,Adrian Martinez,0,7,5
play,4,1,504333,,,63/G,112.45,163.65
play,4,1,595291,,,S5/BG,105.42,180.72
play,4,1,542605,,,S8/G.1-3;B-2,125.50,103.41
play,4,1,500767,,,S7/L.2-H;3-H,62.25,141.57
play,4,1,572938,,,NP
sub,572708,Claudio Bavera,0,0,1
play,4,1,572938,,,SB2
play,4,1,572938,,,BK.2-3
play,4,1,572938,,,K
play,4,1,455390,,,S7/L.3-H,64.26,122.49
play,4,1,548300,,,HP.1-2
play,4,1,595832,,,K23
play,5,0,519214,,,8/F,121.49,82.33
play,5,0,543454,,,D9/F,200.80,112.45
play,5,0,542371,,,S8/F,118.47,121.49
play,5,0,573183,,,S7/G.1-H;2-H;B-3,64.26,132.53
play,5,0,573001,,,S9/L.3-H,180.72,136.55
play,5,0,572935,,,NP
sub,518514,Garrett Bullock,1,0,1
play,5,0,572935,,,S9/G.1-3,184.74,132.53
play,5,0,594918,,,SB2
play,5,0,594918,,,FC6.2-3;3XH(62),107.43,177.71
play,5,0,542502,,,SB2
play,5,0,542502,,,9/F,181.73,98.39
play,5,1,516430,,,63/G,113.45,171.69
play,5,1,504333,,,D7/L,58.23,126.51
play,5,1,595291,,,9/F,178.71,105.42
play,5,1,542605,,,63/G,113.45,164.66
play,6,0,542503,,,NP
sub,500767,Ricardo Garcia,1,1,7
play,6,0,519214,,,NP
sub,542165,Pedro Feliz,1,2,4
play,6,0,543454,,,NP
sub,595291,Bryce Lane,1,8,8
play,6,0,542503,,,K
play,6,0,519214,,,4/L,147.59,164.66
play,6,0,543454,,,K
play,6,1,500767,,,D9/G,201.81,116.47
play,6,1,542165,,,SH.2-3;B-1,122.49,189.76
play,6,1,455390,,,S9/F.1-2;3-H,178.71,134.54
play,6,1,548300,,,HR/F.1-H;2-H,8.03,44.18
play,6,1,595832,,,S7/L,93.37,124.50
play,6,1,516430,,,NP
sub,592540,Justin Mazur,0,0,1
play,6,1,516430,,,K+WP.1-2
play,6,1,504333,,,K
play,6,1,595291,,,63/G,109.44,171.69
play,7,0,542371,,,NP
sub,592225,Ryan Cole,1,0,1
play,7,0,542371,,,53/G,106.43,179.72
play,7,0,573183,,,S4/G.B-2(E4/TH),135.54,171.69
play,7,0,573001,,,HP
play,7,0,572935,,,S5/G.1-2;2-3,106.43,172.69
play,7,0,594918,,,K
play,7,0,542502,,,63/G,116.47,170.68
play,7,1,542605,,,K23
play,7,1,500767,,,9/L,176.71,99.40
play,7,1,542165,,,T9/G,197.79,104.42
play,7,1,455390,,,9/L,185.74,119.48
play,8,0,542503,,,NP
sub,574988,Philip Rorabaugh,1,0,1
play,8,0,542503,,,S8/G,131.53,104.42
play,8,0,519214,,,16(1)3/GDP/G1,123.49,191.77
play,8,0,543454,,,9/F,169.68,119.48
play,8,1,548300,,,T8/F,129.52,57.23
play,8,1,595832,,,WP.3-H
play,8,1,595832,,,D7/F,68.27,88.35
play,8,1,516430,,,K
play,8,1,504333,,,S8/L.2-H,118.47,105.42
play,8,1,595291,,,NP
sub,572026,Robert Penny,0,0,1
play,8,1,595291,,,64(1)3/GDP/G6,114.46,166.67
play,9,0,542371,,,63/G,101.41,166.67
play,9,0,573183,,,T9/F,176.71,82.33
play,9,0,573001,,,S8/L.3-H,121.49,98.39
play,9,0,572935,,,5/P,99.40,177.71
play,9,0,594918,,,13/G,124.50,191.77
id,GreAPP201007160
info,visteam,BurAPP
info,hometeam,GreAPP
info,date,2010/07/16
start,543454,Alex Llanos,0,1,8
start,542371,Luis Piterson,0,2,4
start,573183,Ryan Stovall,0,3,3
start,573001,Gabe MacDougall,0,4,7
start,572935,Anthony Howard,0,5,9
start,594918,Alex McClure,0,6,6
start,542502,Adrian Martinez,0,7,5
start,542503,Edul Escobar,0,8,2
start,519214,Derek Rodriguez,0,9,10
start,534508,Willian Avinazar,0,0,1
start,500767,Ricardo Garcia,1,1,10
start,542165,Pedro Feliz,1,2,4
start,455390,Jhonny Medrano,1,3,5
start,548300,Chris Wallace,1,4,2
start,595832,Marcus Nidiffer,1,5,3
start,516430,Emilio King,1,6,9
start,572938,Ryan Humphrey,1,7,8
start,595291,Bryce Lane,1,8,7
start,542605,Hector Rodriguez,1,9,6
start,517328,Angel Gonzalez,1,0,1
play,1,0,543454,,,8/F,120.48,68.27
play,1,0,542371,,,53/G,105.42,181.73
play,1,0,573183,,,K
play,1,1,500767,,,8/F,116.47,70.28
play,1,1,542165,,,8/F,125.50,72.29
play,1,1,455390,,,6/L,109.44,172.69
play,2,0,573001,,,K
play,2,0,572935,,,K
play,2,0,594918,,,K
play,2,1,548300,,,K
play,2,1,595832,,,S9/F,172.69,133.53
play,2,1,516430,,,D9/F.1-3,192.77,139.56
play,2,1,572938,,,K
play,2,1,595291,,,63/G,115.46,159.64
play,3,0,542502,,,S8/L,116.47,103.41
play,3,0,542503,,,S9/F.1-3,169.68,132.53
play,3,0,519214,,,13/SH.1-2;3-H,122.49,192.77
play,3,0,543454,,,5/P,106.43,177.71
play,3,0,542371,,,7/F,62.25,117.47
play,3,1,542605,,,6/P,103.41,158.63
play,3,1,500767,,,53/G,106.43,179.72
play,3,1,542165,,,K
play,4,0,573183,,,E5,103.41,172.69
play,4,0,573001,,,D9/F.1-H,196.79,97.39
play,4,0,572935,,,K
play,4,0,594918,,,S6/L.2-H,93.37,136.55
play,4,0,542502,,,46(1)3/GDP/G4,148.59,167.67
play,4,1,455390,,,63/G,109.44,167.67
play,4,1,548300,,,5/L,101.41,184.74
play,4,1,595832,,,4/P,142.57,169.68
play,5,0,542503,,,D7/L,45.18,115.46
play,5,0,519214,,,2/PF,113.45,218.88
play,5,0,543454,,,W
play,5,0,542371,,,9/F,168.67,141.57
play,5,0,573183,,,3/G,146.59,184.74
play,5,1,516430,,,8/F,125.50,88.35
play,5,1,572938,,,S8/G,126.51,97.39
play,5,1,595291,,,K
play,5,1,542605,,,S8/G.1-2,123.49,107.43
play,5,1,500767,,,8/L,127.51,85.34
play,6,0,573001,,,7/F,87.35,138.55
play,6,0,572935,,,S9/L,178.71,128.51
play,6,0,594918,,,CS2
play,6,0,594918,,,W
play,6,0,542502,,,BK.1-2
play,6,0,542502,,,D7/L.2-H,61.24,90.36
play,6,0,542503,,,NP
sub,571585,Jamaine Cotton,1,0,1
play,6,0,542503,,,S8/G.2-H,127.51,112.45
play,6,0,519214,,,W.1-2
play,6,0,543454,,,K
play,6,1,542165,,,W
play,6,1,455390,,,PO1(E?).1-3
play,6,1,455390,,,T9/L.3-H,198.80,100.40
play,6,1,548300,,,NP
sub,595300,Cole Lohden,0,0,1
play,6,1,548300,,,W
play,6,1,595832,,,W.1-2
play,6,1,516430,,,FC1/G.1-2;2-3;3XH(12);B-1,124.50,192.77
play,6,1,572938,,,K
play,6,1,595291,,,NP
sub,516429,Ricardo Heredia,1,8,11
play,6,1,516429,,,8/F,108.43,87.35
play,7,0,542371,,,NP
sub,516429,Ricardo Heredia,1,8,7
play,7,0,573183,,,NP
sub,595831,Jonathan Merritt,1,3,6
play,7,0,573001,,,NP
sub,542605,Hector Rodriguez,1,9,5
play,7,0,542371,,,63/G,107.43,166.67
play,7,0,573183,,,63/G,111.45,161.65
play,7,0,573001,,,53/G,105.42,178.71
play,7,1,542605,,,K
play,7,1,500767,,,63/G,111.45,164.66
play,7,1,542165,,,D7/F,48.19,98.39
play,7,1,595831,,,WP.2-3
play,7,1,595831,,,3/P,152.61,172.69
play,8,0,572935,,,S9/F,168.67,133.53
play,8,0,594918,,,W.1-2
play,8,0,542502,,,SB3
play,8,0,542502,,,63/G.1-2;3-H,117.47,169.68
play,8,0,542503,,,9/F,177.71,108.43
play,8,0,519214,,,K
play,8,1,548300,,,NP
sub,594776,Chas Byrne,0,0,1
play,8,1,548300,,,W
play,8,1,595832,,,SB2
play,8,1,595832,,,K
play,8,1,516430,,,PB.2-3
play,8,1,516430,,,K
play,8,1,572938,,,W
play,8,1,516429,,,S9/F.1-2;3-H,170.68,128.51
play,8,1,542605,,,K
play,9,0,543454,,,NP
sub,577208,John Frawley,1,0,1
play,9,0,543454,,,K
play,9,0,542371,,,9/F,178.71,112.45
play,9,0,573183,,,K
play,9,1,500767,,,K
play,9,1,542165,,,13/G,129.52,193.78
play,9,1,595831,,,K
id,GreAPP201007171
info,visteam,BluAPP
info,hometeam,GreAPP
info,date,2010/07/17
start,572932,Kyle Hoppy,0,1,7
start,570727,Dudley Leonora,0,2,5
start,572245,Brenden Webb,0,3,8
start,543848,Corey Thomas,0,4,3
start,572000,Michael Ohlman,0,5,10
start,489314,Jeremy Shelby,0,6,9
start,595611,Riley Hornback,0,7,2
start,570731,Jonathan Schoop,0,8,6
start,525988,Moises Ciriaco,0,9,4
start,595360,Jacob Petitt,0,0,1
start,500767,Ricardo Garcia,1,1,4
start,595831,Jonathan Merritt,1,2,6
start,548300,Chris Wallace,1,3,2
start,595832,Marcus Nidiffer,1,4,3
start,516429,Ricardo Heredia,1,5,10
start,516430,Emilio King,1,6,9
start,572938,Ryan Humphrey,1,7,8
start,595291,Bryce Lane,1,8,7
start,542605,Hector Rodriguez,1,9,5
start,595798,Ruben Alaniz,1,0,1
play,1,0,572932,,,53/G,107.43,190.76
play,1,0,570727,,,3/L,141.57,179.72
play,1,0,572245,,,S8/G,123.49,85.34
play,1,0,543848,,,S9/G.1-2,181.73,115.46
play,1,0,572000,,,W.1-2;2-3
play,1,0,489314,,,T9/F.1-H;2-H;3-H,198.80,123.49
play,1,0,595611,,,W
play,1,0,570731,,,S8/F.1-3;3-H,172.69,93.37
play,1,0,525988,,,S9/F.1-3;3-H,186.75,121.49
play,1,0,572932,,,NP
sub,518514,Garrett Bullock,1,0,1
play,1,0,572932,,,S8/G.1-3;3-H,123.49,84.34
play,1,0,570727,,,HP.1-2
play,1,0,572245,,,K
play,1,1,500767,,,K
play,1,1,595831,,,43/G,140.56,169.68
play,1,1,548300,,,T8/F,184.74,77.31
play,1,1,595832,,,K
play,2,0,543848,,,D7/F,84.34,79.32
play,2,0,572000,,,K
play,2,0,489314,,,53/G,95.38,180.72
play,2,0,595611,,,53/G,103.41,176.71
play,2,1,516429,,,3/PF,156.63,193.78
play,2,1,516430,,,8/F,124.50,82.33
play,2,1,572938,,,HR/F,60.24,60.24
play,2,1,595291,,,E5/TH.B-2,100.40,180.72
play,2,1,542605,,,8/F,125.50,94.38
play,3,0,570731,,,K
play,3,0,525988,,,S8/G,129.52,87.35
play,3,0,572932,,,7/F,64.26,120.48
play,3,0,570727,,,K23
play,3,1,500767,,,63/G,108.43,162.65
play,3,1,595831,,,S5/L,102.41,179.72
play,3,1,548300,,,8/F,139.56,78.31
play,3,1,595832,,,7/F,66.27,122.49
play,4,0,572245,,,W
play,4,0,543848,,,8/F,118.47,87.35
play,4,0,572000,,,K
play,4,0,489314,,,K
play,4,1,516429,,,4/P,136.55,170.68
play,4,1,516430,,,8/F,124.50,84.34
play,4,1,572938,,,E6,109.44,168.67
play,4,1,595291,,,S5/BG.1-3,111.45,189.76
play,4,1,542605,,,S8/G.1-2;3-H,137.55,89.36
play,4,1,500767,,,S3/P.1-3;2-H,164.66,166.67
play,4,1,595831,,,BK.1-2;3-H
play,4,1,595831,,,K
play,5,0,595611,,,NP
sub,595224,Paul Gerrish,1,0,1
play,5,0,595611,,,W
play,5,0,570731,,,13/SH.1-2,126.51,200.80
play,5,0,525988,,,S8/G.2-H,127.51,80.32
play,5,0,572932,,,K
play,5,0,570727,,,E4.1-2,140.56,170.68
play,5,0,572245,,,WP.1-2;2-3
play,5,0,572245,,,K
play,5,1,548300,,,K
play,5,1,595832,,,K
play,5,1,516429,,,S9/G,162.65,116.47
play,5,1,516430,,,D7/L.1-H,81.33,71.29
play,5,1,572938,,,43/G,139.56,168.67
play,6,0,543848,,,53/G,106.43,181.73
play,6,0,572000,,,13/G,123.49,205.82
play,6,0,489314,,,2/BPF,117.47,223.90
play,6,1,595291,,,NP
sub,596745,Chris Petrini,0,0,1
play,6,1,595291,,,S1/G,124.50,200.80
play,6,1,542605,,,S7/G.1-2,66.27,127.51
play,6,1,500767,,,WP.1-2;2-3
play,6,1,500767,,,K
play,6,1,595831,,,63/G.2-3;3-H,113.45,170.68
play,6,1,548300,,,HP
play,6,1,595832,,,CSH
play,7,0,595611,,,S8/L,124.50,81.33
play,7,0,570731,,,SH.1-2;B-1,120.48,191.77
play,7,0,525988,,,13/SH.1-2;2-3,120.48,197.79
play,7,0,572932,,,IW
play,7,0,570727,,,FC6/G.2-H;3-H;B-2(E4/TH),113.45,166.67
play,7,1,516429,,,NP
sub,516653,Dashenko Ricardo,0,7,2
play,7,1,516430,,,NP
sub,504322,Sam Taveras,0,0,1
play,7,1,595832,,,S8/G,115.46,78.31
play,7,1,595291,,,NP
sub,542165,Pedro Feliz,1,4,12
play,7,1,516429,,,FC6/G.1X2(64);B-1,114.46,163.65
play,7,1,516430,,,4(1)3/G4/GDP,138.55,164.66
id,GreAPP201007172
info,visteam,BluAPP
info,hometeam,GreAPP
info,date,2010/07/17
start,525988,Moises Ciriaco,0,1,4
start,570727,Dudley Leonora,0,2,5
start,570731,Jonathan Schoop,0,3,6
start,572000,Michael Ohlman,0,4,10
start,573220,Joseph Velleggia,0,5,3
start,516653,Dashenko Ricardo,0,6,2
start,543024,Edwin Cintron,0,7,8
start,594785,Christopher Clinton,0,8,7
start,595472,Cody Young,0,9,9
start,543496,Jarret Martin,0,0,1
start,595291,Bryce Lane,1,1,7
start,542165,Pedro Feliz,1,2,4
start,548300,Chris Wallace,1,3,10
start,595832,Marcus Nidiffer,1,4,3
start,573245,Bubby Williams,1,5,2
start,516430,Emilio King,1,6,9
start,595831,Jonathan Merritt,1,7,6
start,572938,Ryan Humphrey,1,8,8
start,542605,Hector Rodriguez,1,9,5
start,500764,Jeiler Castillo,1,0,1
play,1,0,525988,,,7/L,74.30,121.49
play,1,0,570727,,,43/G,146.59,170.68
play,1,0,570731,,,9/F,169.68,120.48
play,1,1,595291,,,K
play,1,1,542165,,,K23
play,1,1,548300,,,S9/G,176.71,119.48
play,1,1,595832,,,53/G,100.40,179.72
play,2,0,572000,,,4/L,137.55,169.68
play,2,0,573220,,,4/P,131.53,171.69
play,2,0,516653,,,53/G,104.42,183.73
play,2,1,573245,,,K
play,2,1,516430,,,53/G,104.42,181.73
play,2,1,595831,,,9/F,177.71,128.51
play,3,0,543024,,,9/F,177.71,123.49
play,3,0,594785,,,7/F,81.33,121.49
play,3,0,595472,,,K
play,3,1,572938,,,3/G,146.59,179.72
play,3,1,542605,,,K
play,3,1,595291,,,K
play,4,0,525988,,,S8/G,121.49,78.31
play,4,0,570727,,,9/F,165.66,115.46
play,4,0,570731,,,S4/L.1-2,131.53,156.63
play,4,0,572000,,,S5/G.1-H;2-H;B-3,109.44,186.75
play,4,0,573220,,,S8/G.3-H,127.51,76.31
play,4,0,516653,,,9/F,178.71,126.51
play,4,0,543024,,,FC6/G.1X2(64),110.44,165.66
play,4,1,542165,,,W
play,4,1,548300,,,54(1)3/GDP/G5,109.44,185.74
play,4,1,595832,,,8/F,122.49,88.35
play,5,0,594785,,,NP
sub,574988,Philip Rorabaugh,1,0,1
play,5,0,594785,,,E5,101.41,176.71
play,5,0,595472,,,E1/TH.1-3;B-2,125.50,197.79
play,5,0,525988,,,63/G,109.44,165.66
play,5,0,570727,,,E6.2-3;3-H,116.47,169.68
play,5,0,570731,,,9/F,166.67,112.45
play,5,0,572000,,,SB2
play,5,0,572000,,,S5/G.2-3;3-H,99.40,174.70
play,5,0,573220,,,S7/G.1-2;3-H,73.29,124.50
play,5,0,516653,,,53/G,106.43,180.72
play,5,1,573245,,,W
play,5,1,516430,,,D7/L.1-3,70.28,135.54
play,5,1,595831,,,7/SF.2-3;3-H,53.21,108.43
play,5,1,572938,,,3/G.3-H,149.60,176.71
play,5,1,542605,,,S6/G,111.45,167.67
play,5,1,595291,,,13/G,123.49,194.78
play,6,0,543024,,,NP
sub,518767,Justin Harper,1,0,1
play,6,0,543024,,,W
play,6,0,594785,,,SB2
play,6,0,594785,,,K
play,6,0,595472,,,WP.2-3
play,6,0,595472,,,HP
play,6,0,525988,,,CSH;.1-2
play,6,0,525988,,,W
play,6,0,570727,,,31/G,151.61,180.72
play,6,1,542165,,,13/G,123.49,198.80
play,6,1,548300,,,K
play,6,1,595832,,,D7/G,67.27,124.50
play,6,1,573245,,,13/G,125.50,197.79
play,7,0,570731,,,W
play,7,0,572000,,,WP.1-2
play,7,0,572000,,,FC6.2X3(65),115.46,164.66
play,7,0,573220,,,K
play,7,0,516653,,,SB2
play,7,0,516653,,,63/G,117.47,171.69
play,7,1,516430,,,NP
sub,571540,Dustin Carder,0,0,1
play,7,1,516430,,,K
play,7,1,595831,,,T8/L,155.62,66.27
play,7,1,572938,,,D9/L.3-H,212.85,99.40
play,7,1,542605,,,53/G,112.45,176.71
play,7,1,595291,,,63/G,107.43,169.68
id,GreAPP201007180
info,visteam,BluAPP
info,hometeam,GreAPP
info,date,2010/07/18
start,572932,Kyle Hoppy,0,1,7
start,570731,Jonathan Schoop,0,2,6
start,572245,Brenden Webb,0,3,8
start,543848,Corey Thomas,0,4,3
start,572803,Brad Decater,0,5,5
start,489314,Jeremy Shelby,0,6,9
start,598415,Greyson Schram,0,7,10
start,516653,Dashenko Ricardo,0,8,2
start,500161,Javier Santana,0,9,4
start,516671,Angel Cespedes,0,0,1
start,595831,Jonathan Merritt,1,1,6
start,500767,Ricardo Garcia,1,2,4
start,548300,Chris Wallace,1,3,10
start,595832,Marcus Nidiffer,1,4,3
start,504333,Carlos Mojica,1,5,10
start,516430,Emilio King,1,6,9
start,516429,Ricardo Heredia,1,7,7
start,572938,Ryan Humphrey,1,8,8
start,542605,Hector Rodriguez,1,9,5
start,542170,Ricardo Batista,1,0,1
play,1,0,572932,,,8/L,136.55,84.34
play,1,0,570731,,,K
play,1,0,572245,,,6/L,111.45,168.67
play,1,1,595831,,,5/P,104.42,179.72
play,1,1,500767,,,K
play,1,1,548300,,,K
play,2,0,543848,,,53/BG,115.46,194.78
play,2,0,572803,,,S9/L,169.68,140.56
play,2,0,489314,,,FC4/G.1X2(46);B-1,156.63,167.67
play,2,0,598415,,,9/F,194.78,122.49
play,2,1,595832,,,43/G,138.55,166.67
play,2,1,504333,,,143/G1,128.51,188.76
play,2,1,516430,,,K
play,3,0,516653,,,HR/F,27.11,71.29
play,3,0,500161,,,63/G,104.42,163.65
play,3,0,572932,,,9/F,214.86,113.45
play,3,0,570731,,,3/L,145.58,176.71
play,3,1,516429,,,3/PF,151.61,203.82
play,3,1,572938,,,K
play,3,1,542605,,,8/L,112.45,87.35
play,4,0,572245,,,4/P,140.56,160.64
play,4,0,543848,,,9/FF,191.77,154.62
play,4,0,572803,,,K
play,4,1,595831,,,D8/L,123.49,77.31
play,4,1,500767,,,3/G.2-3,145.58,179.72
play,4,1,548300,,,43/G.3-H,130.52,164.66
play,4,1,595832,,,S7/L,91.37,115.46
play,4,1,504333,,,SB2.1-H(E2/TH)
play,4,1,504333,,,K
play,5,0,489314,,,D9/F.BX3(945),190.76,119.48
play,5,0,598415,,,HP
play,5,0,516653,,,S7/L.1-2,82.33,124.50
play,5,0,500161,,,46(1)3/GDP/G4,147.59,162.65
play,5,1,516430,,,63/G,106.43,162.65
play,5,1,516429,,,7/F,68.27,127.51
play,5,1,572938,,,E5,108.43,183.73
play,5,1,542605,,,63/G,110.44,160.64
play,6,0,572932,,,5/PF,93.37,194.78
play,6,0,570731,,,3/PF,150.60,206.83
play,6,0,572245,,,K
play,6,1,595831,,,7/F,60.24,124.50
play,6,1,500767,,,K23
play,6,1,548300,,,K
play,7,0,543848,,,K
play,7,0,572803,,,S7/G,84.34,123.49
play,7,0,489314,,,NP
sub,570727,Dudley Leonora,0,5,12
play,7,0,489314,,,K
play,7,0,598415,,,43/G,140.56,169.68
play,7,1,595832,,,NP
sub,570727,Dudley Leonora,0,5,5
play,7,1,595832,,,2/PF,122.49,229.92
play,7,1,504333,,,53/G,97.39,178.71
play,7,1,516430,,,6/P,104.42,162.65
play,8,0,516653,,,NP
sub,572173,Brian Streilein,1,0,1
play,8,0,516653,,,K
play,8,0,500161,,,NP
sub,595611,Riley Hornback,0,9,11
play,8,0,595611,,,3/L,144.58,173.69
play,8,0,572932,,,K
play,8,1,516429,,,NP
sub,525988,Moises Ciriaco,0,9,4
play,8,1,572938,,,NP
sub,575769,Billy Gross,0,0,1
play,8,1,516429,,,43/G,134.54,163.65
play,8,1,572938,,,K
play,8,1,542605,,,63/G,109.44,163.65
play,9,0,570731,,,K
play,9,0,572245,,,S8/G,120.48,105.42
play,9,0,543848,,,5/PF,98.39,200.80
play,9,0,570727,,,E4.1-3,141.57,168.67
play,9,0,489314,,,NP
sub,572142,Travis Smink,1,0,1
play,9,0,489314,,,S9/L.1-3;3-H,168.67,137.55
play,9,0,598415,,,NP
sub,572000,Michael Ohlman,0,7,11
play,9,0,572000,,,T9/F.1-H;3-H,197.79,112.45
play,9,0,516653,,,43/G,141.57,165.66
play,9,1,595831,,,NP
sub,572000,Michael Ohlman,0,7,10
play,9,1,595831,,,D9/L,181.73,129.52
play,9,1,500767,,,53/G.2-3,100.40,186.75
play,9,1,548300,,,63/G.3-H,110.44,160.64
play,9,1,595832,,,HR/F,215.86,63.25
play,9,1,504333,,,S8/L,140.56,106.43
play,9,1,516430,,,NP
sub,504322,Sam Taveras,0,0,1
play,9,1,516430,,,W.1-2
play,9,1,516429,,,NP
sub,595291,Bryce Lane,1,5,12
play,9,1,516429,,,63/G,102.41,163.65
play,10,0,525988,,,NP
sub,573245,Bubby Williams,1,5,2
play,10,0,525988,,,S4/G,139.56,165.66
play,10,0,572932,,,K
play,10,0,570731,,,8/F,127.51,80.32
play,10,0,572245,,,HP.1-2
play,10,0,543848,,,NP
sub,592225,Ryan Cole,1,0,1
play,10,0,543848,,,K
play,10,1,572938,,,NP
sub,543637,Zachary Petersime,0,0,1
play,10,1,572938,,,K
play,10,1,542605,,,8/F,129.52,84.34
play,10,1,595831,,,43/G,127.51,170.68
play,11,0,570727,,,63/G,107.43,162.65
play,11,0,489314,,,K
play,11,0,572000,,,W
play,11,0,516653,,,5/PF,100.40,198.80
play,11,1,500767,,,E6,114.46,164.66
play,11,1,548300,,,64(1)3/GDP/G6,106.43,165.66
play,11,1,595832,,,K23
play,12,0,525988,,,8/F,117.47,88.35
play,12,0,572932,,,3/G,139.56,182.73
play,12,0,570731,,,D9/L,176.71,135.54
play,12,0,572245,,,IW
play,12,0,543848,,,9/F,156.63,122.49
play,12,1,573245,,,53/G,107.43,179.72
play,12,1,516430,,,4/P,132.53,157.63
play,12,1,516429,,,63/G,109.44,163.65
play,13,0,570727,,,53/G,98.39,175.70
play,13,0,489314,,,S8/L,138.55,104.42
play,13,0,572000,,,K
play,13,0,516653,,,SB2
play,13,0,516653,,,K
play,13,1,572938,,,NP
sub,571540,Dustin Carder,0,0,1
play,13,1,572938,,,S9/F,165.66,143.57
play,13,1,542605,,,13/SH.1-2,123.49,188.76
play,13,1,595831,,,IW
play,13,1,500767,,,WP.1-2;2-3
play,13,1,500767,,,IW
play,13,1,548300,,,K
play,13,1,595832,,,S9/G.1-2;2-3;3-H,170.68,141.57
id,GreAPP201007190
info,visteam,BluAPP
info,hometeam,GreAPP
info,date,2010/07/19
start,489314,Jeremy Shelby,0,1,9
start,570727,Dudley Leonora,0,2,4
start,572245,Brenden Webb,0,3,8
start,543848,Corey Thomas,0,4,3
start,572000,Michael Ohlman,0,5,2
start,572803,Brad Decater,0,6,5
start,595611,Riley Hornback,0,7,10
start,570731,Jonathan Schoop,0,8,6
start,543024,Edwin Cintron,0,9,7
start,501465,Daurin Tavarez,0,0,1
start,595831,Jonathan Merritt,1,1,6
start,542165,Pedro Feliz,1,2,4
start,548300,Chris Wallace,1,3,2
start,595832,Marcus Nidiffer,1,4,3
start,502316,Rafael Valenzuela,1,5,5
start,571981,Telvin Nash,1,6,10
start,516430,Emilio King,1,7,9
start,572938,Ryan Humphrey,1,8,8
start,595291,Bryce Lane,1,9,7
start,592826,Vincent Velasquez,1,0,1
play,1,0,489314,,,K
play,1,0,570727,,,53/G,107.43,179.72
play,1,0,572245,,,W
play,1,0,543848,,,FC5/G.1X2(54),105.42,182.73
play,1,1,595831,,,9/L,183.73,136.55
play,1,1,542165,,,K
play,1,1,548300,,,9/F,191.77,116.47
play,2,0,572000,,,K
play,2,0,572803,,,63/G,119.48,173.69
play,2,0,595611,,,K
play,2,1,595832,,,E6/TH,115.46,171.69
play,2,1,502316,,,46(1)3/GDP/G4,153.61,170.68
play,2,1,571981,,,K
play,3,0,570731,,,S9/L,172.69,121.49
play,3,0,543024,,,SB2
play,3,0,543024,,,K
play,3,0,489314,,,K
play,3,0,570727,,,T9/L.2-H,156.63,126.51
play,3,0,572245,,,W
play,3,0,543848,,,FC5/G.1X2(54),110.44,181.73
play,3,1,516430,,,63/G,114.46,174.70
play,3,1,572938,,,4/P,126.51,163.65
play,3,1,595291,,,K
play,4,0,572000,,,NP
sub,577208,John Frawley,1,0,1
play,4,0,572000,,,63/G,120.48,168.67
play,4,0,572803,,,S8/G,126.51,120.48
play,4,0,595611,,,K
play,4,0,570731,,,7/F,67.27,114.46
play,4,1,595831,,,S7/G,73.29,140.56
play,4,1,542165,,,7/F,78.31,106.43
play,4,1,548300,,,SB2
play,4,1,548300,,,W
play,4,1,595832,,,K
play,4,1,502316,,,D7/L.1XH;2-H,60.24,128.51
play,5,0,543024,,,9/F,202.81,131.53
play,5,0,489314,,,63/G,108.43,179.72
play,5,0,570727,,,S9/G,153.61,141.57
play,5,0,572245,,,T9/G.1-H,202.81,134.54
play,5,0,543848,,,NP
sub,571585,Jamaine Cotton,1,0,1
play,5,0,543848,,,K
play,5,1,571981,,,K
play,5,1,516430,,,4/P,157.63,173.69
play,5,1,572938,,,53/G,107.43,177.71
play,6,0,572000,,,63/G,118.47,166.67
play,6,0,572803,,,S8/L,100.40,87.35
play,6,0,595611,,,K
play,6,0,570731,,,WP.1-2
play,6,0,570731,,,S8/G.2-H,117.47,126.51
play,6,0,543024,,,8/F,119.48,90.36
play,6,1,595291,,,W
play,6,1,595831,,,S9/L.1-2,165.66,129.52
play,6,1,542165,,,BK.1-2;2-3
play,6,1,542165,,,8/SF.2-3;3-H,100.40,103.41
play,6,1,548300,,,S8/G.3-H,107.43,121.49
play,6,1,595832,,,HP.1-2
play,6,1,502316,,,5/P,107.43,179.72
play,6,1,571981,,,S8/G.1-2;2-H,101.41,131.53
play,6,1,516430,,,NP
sub,596745,Chris Petrini,0,0,1
play,6,1,516430,,,13/G,124.50,190.76
play,7,0,489314,,,W
play,7,0,570727,,,53/SH.1-2,105.42,182.73
play,7,0,572245,,,NP
sub,574988,Philip Rorabaugh,1,0,1
play,7,0,572245,,,E4/TH.2-H,132.53,176.71
play,7,0,543848,,,SB2
play,7,0,543848,,,53/G,101.41,182.73
play,7,0,572000,,,S8/L.2-H;B-3(E6/TH),128.51,125.50
play,7,0,572803,,,63/G,114.46,174.70
play,7,1,572938,,,NP
sub,500161,Javier Santana,0,8,6
play,7,1,572938,,,K
play,7,1,595291,,,K
play,7,1,595831,,,13/G,131.53,194.78
play,8,0,595611,,,63/G,118.47,166.67
play,8,0,500161,,,43/G,147.59,171.69
play,8,0,543024,,,63/G,110.44,162.65
play,8,1,542165,,,3/G,150.60,179.72
play,8,1,548300,,,K
play,8,1,595832,,,K
play,9,0,489314,,,W
play,9,0,570727,,,53/SH.1-2,109.44,179.72
play,9,0,572245,,,IW
play,9,0,543848,,,S7/G.1-3;2-H,99.40,137.55
play,9,0,572000,,,NP
sub,572142,Travis Smink,1,0,1
play,9,0,572000,,,K
play,9,0,572803,,,43/G,142.57,169.68
play,9,1,502316,,,D9/F,190.76,136.55
play,9,1,571981,,,NP
sub,575248,Andrew Huebner,0,0,1
play,9,1,571981,,,W
play,9,1,placeholder,,,NP
sub,542605,Hector Rodriguez,1,6,12
play,9,1,516430,,,W.1-2;2-3
play,9,1,572938,,,NP
sub,504333,Carlos Mojica,1,8,11
play,9,1,504333,,,HP.1-2;2-3;3-H
play,9,1,595291,,,NP
sub,500767,Ricardo Garcia,1,9,11
play,9,1,500767,,,S8/L.1-2;2-3;3-H,103.41,122.49
play,9,1,595831,,,NP
sub,595429,Travis Strong,0,0,1
play,9,1,595831,,,W.1-2;2-3;3-H
id,GreAPP201007200
info,visteam,BriAPP
info,hometeam,GreAPP
info,date,2010/07/20
start,543388,Jordan Keegan,0,1,8
start,594895,Drew Lee,0,2,4
start,542941,Daniel Black,0,3,2
start,506999,John Spatola,0,4,9
start,594990,Michael Schwartz,0,5,3
start,596880,J. D. Ashbrook,0,6,7
start,594948,Sean O'Connell,0,7,10
start,592715,Bradley Salgado,0,8,6
start,500875,Jeffer Patino,0,9,5
start,542890,Spencer Arroyo,0,0,1
start,595831,Jonathan Merritt,1,1,6
start,542165,Pedro Feliz,1,2,4
start,548300,Chris Wallace,1,3,2
start,595832,Marcus Nidiffer,1,4,3
start,571981,Telvin Nash,1,5,10
start,502316,Rafael Valenzuela,1,6,5
start,516430,Emilio King,1,7,9
start,516429,Ricardo Heredia,1,8,7
start,572938,Ryan Humphrey,1,9,8
start,592314,Michael Foltynewicz,1,0,1
play,1,0,543388,,,53/G,109.44,181.73
play,1,0,594895,,,S9/L.BX2(96),170.68,113.45
play,1,0,542941,,,HR/F,175.70,41.16
play,1,0,506999,,,13/G,129.52,197.79
play,1,1,595831,,,K
play,1,1,542165,,,43/G,150.60,173.69
play,1,1,548300,,,S7/G,65.26,135.54
play,1,1,595832,,,HR/F.1-H,23.09,59.24
play,1,1,571981,,,K
play,2,0,594990,,,W
play,2,0,596880,,,FC5/G.1X2(54);B-1,99.40,179.72
play,2,0,594948,,,CS2
play,2,0,594948,,,K
play,2,1,502316,,,K
play,2,1,516430,,,K
play,2,1,516429,,,K23
play,3,0,592715,,,63/G,132.53,155.62
play,3,0,500875,,,8/F,80.32,93.37
play,3,0,543388,,,K
play,3,1,572938,,,K
play,3,1,595831,,,W
play,3,1,542165,,,53/G.1-2,106.43,188.76
play,3,1,548300,,,43/G,151.61,180.72
play,4,0,594895,,,K
play,4,0,542941,,,S8/G,131.53,109.44
play,4,0,506999,,,D9/F.1-3,176.71,125.50
play,4,0,594990,,,IW
play,4,0,596880,,,3(B)3()/LDP,145.58,178.71
play,4,1,595832,,,53/G,106.43,176.71
play,4,1,571981,,,D8/L,131.53,105.42
play,4,1,502316,,,E6/TH,110.44,176.71
play,4,1,516430,,,9/F.2-3,148.59,125.50
play,4,1,516429,,,K
play,5,0,594948,,,K
play,5,0,592715,,,53/G,108.43,179.72
play,5,0,500875,,,K
play,5,1,572938,,,13/G,127.51,194.78
play,5,1,595831,,,K
play,5,1,542165,,,4/P,135.54,173.69
play,6,0,543388,,,S7/L,84.34,144.58
play,6,0,594895,,,24/SH.1-2,123.49,202.81
play,6,0,542941,,,HR/F.2-H,196.79,64.26
play,6,0,506999,,,NP
sub,518514,Garrett Bullock,1,0,1
play,6,0,506999,,,HP
play,6,0,594990,,,5/L,104.42,186.75
play,6,0,596880,,,W.1-2
play,6,0,594948,,,E5/TH.1-3;2-H,98.39,174.70
play,6,0,592715,,,W.1-2
play,6,0,500875,,,FC4/G.1X2(46),144.58,172.69
play,6,1,548300,,,3/PF,173.69,206.83
play,6,1,595832,,,K
play,6,1,571981,,,S8/L,90.36,135.54
play,6,1,502316,,,S9/G.1-2,154.62,133.53
play,6,1,516430,,,K
play,7,0,543388,,,53/G,105.42,187.75
play,7,0,594895,,,E5/TH.B-2,96.39,181.73
play,7,0,542941,,,IW
play,7,0,506999,,,K
play,7,0,594990,,,S8/L.1-2;2-H,99.40,109.44
play,7,0,596880,,,NP
sub,572173,Brian Streilein,1,0,1
play,7,0,596880,,,K
play,7,1,516429,,,NP
sub,502280,Jamaal Hollis,0,0,1
play,7,1,516429,,,43/G,145.58,170.68
play,7,1,572938,,,K
play,7,1,595831,,,W
play,7,1,542165,,,SB2
play,7,1,542165,,,K
play,8,0,594948,,,K
play,8,0,592715,,,K
play,8,0,500875,,,43/G,129.52,171.69
play,8,1,548300,,,NP
sub,534743,Kevin Moran,0,0,1
play,8,1,548300,,,53/G,107.43,185.74
play,8,1,595832,,,7/F,58.23,121.49
play,8,1,571981,,,K
play,9,0,543388,,,7/F,89.36,137.55
play,9,0,594895,,,9/F,149.60,156.63
play,9,0,542941,,,W
play,9,0,506999,,,FC4/G.1X2(46),135.54,177.71
play,9,1,502316,,,K
play,9,1,516430,,,13/G,122.49,191.77
play,9,1,516429,,,S7/F,85.34,101.41
play,9,1,572938,,,K
id,GreAPP201007210
info,visteam,BriAPP
info,hometeam,GreAPP
info,date,2010/07/21
start,543388,Jordan Keegan,0,1,7
start,594895,Drew Lee,0,2,6
start,542941,Daniel Black,0,3,3
start,572794,Robert Cummings,0,4,10
start,506999,John Spatola,0,5,9
start,555543,Chase Blackwood,0,6,2
start,592660,Rangel Ravelo,0,7,5
start,595033,Ethan Wilson,0,8,4
start,596881,Qualon Millender,0,9,8
start,595473,Robert Young,0,0,1
start,595831,Jonathan Merritt,1,1,6
start,500767,Ricardo Garcia,1,2,4
start,548300,Chris Wallace,1,3,10
start,595832,Marcus Nidiffer,1,4,5
start,502316,Rafael Valenzuela,1,5,10
start,571981,Telvin Nash,1,6,7
start,504333,Carlos Mojica,1,7,2
start,516429,Ricardo Heredia,1,8,9
start,595291,Bryce Lane,1,9,8
start,542300,Euris Quezada,1,0,1
play,1,0,543388,,,D8/F,119.48,79.32
play,1,0,594895,,,8/F,133.53,93.37
play,1,0,542941,,,K
play,1,0,572794,,,43/G,147.59,174.70
play,1,1,595831,,,K
play,1,1,500767,,,53/G,111.45,182.73
play,1,1,548300,,,53/G,109.44,188.76
play,2,0,506999,,,D9/G,171.69,100.40
play,2,0,555543,,,K
play,2,0,592660,,,PB.2-3
play,2,0,592660,,,3/PF,152.61,193.78
play,2,0,595033,,,43/G,138.55,178.71
play,2,1,595832,,,53/G,115.46,180.72
play,2,1,502316,,,S4/G,139.56,172.69
play,2,1,571981,,,HR/F.1-H,177.71,42.17
play,2,1,504333,,,D7/G,71.29,109.44
play,2,1,516429,,,53/G,126.51,180.72
play,2,1,595291,,,S9/L.2-H,178.71,108.43
play,2,1,595831,,,SB2
play,2,1,595831,,,SB3
play,2,1,595831,,,W
play,2,1,500767,,,53/G,107.43,188.76
play,3,0,596881,,,8/F,77.31,107.43
play,3,0,543388,,,7/F,75.30,112.45
play,3,0,594895,,,S9/G,143.57,112.45
play,3,0,542941,,,3/G,134.54,183.73
play,3,1,548300,,,S7/G,68.27,113.45
play,3,1,595832,,,7/F,73.29,115.46
play,3,1,502316,,,6/L,111.45,169.68
play,3,1,571981,,,WP.1-2
play,3,1,571981,,,S7/G.2-H,65.26,114.46
play,3,1,504333,,,K
play,4,0,572794,,,4/P,149.60,173.69
play,4,0,506999,,,9/F,175.70,112.45
play,4,0,555543,,,9/F,201.81,127.51
play,4,1,516429,,,53/G,111.45,181.73
play,4,1,595291,,,53/G,107.43,187.75
play,4,1,595831,,,3/G,131.53,188.76
play,5,0,592660,,,9/F,184.74,119.48
play,5,0,595033,,,K
play,5,0,596881,,,8/L,117.47,99.40
play,5,1,500767,,,NP
sub,572944,Ethan Icard,0,0,1
play,5,1,500767,,,63/G,110.44,171.69
play,5,1,548300,,,9/F,155.62,114.46
play,5,1,595832,,,HP
play,5,1,502316,,,W.1-2
play,5,1,571981,,,FC5/G.2X3(5),114.46,179.72
play,6,0,543388,,,8/F,127.51,103.41
play,6,0,594895,,,3/G,145.58,181.73
play,6,0,542941,,,D9/F,142.57,112.45
play,6,0,572794,,,4/P,128.51,177.71
play,6,1,504333,,,S6/G,105.42,176.71
play,6,1,516429,,,23/G.1-2,123.49,200.80
play,6,1,595291,,,3(B)36(2)/LDP,129.52,187.75
play,7,0,506999,,,HR/L,235.94,53.21
play,7,0,555543,,,2/PF,125.50,224.90
play,7,0,592660,,,43/G,128.51,169.68
play,7,0,595033,,,HP
play,7,0,596881,,,8/L,88.35,98.39
play,7,1,595831,,,NP
sub,519170,Kevin Rath,0,0,1
play,7,1,595831,,,K
play,7,1,500767,,,S4/G,144.58,171.69
play,7,1,548300,,,S7/G.1-2,70.28,125.50
play,7,1,595832,,,CS2;2-3
play,7,1,595832,,,WP.3-H
play,7,1,595832,,,W
play,7,1,502316,,,K
play,8,0,543388,,,NP
sub,542605,Hector Rodriguez,1,4,5
play,8,0,594895,,,NP
sub,502316,Rafael Valenzuela,1,5,3
play,8,0,542941,,,NP
sub,516430,Emilio King,1,6,9
play,8,0,572794,,,NP
sub,516429,Ricardo Heredia,1,8,7
play,8,0,506999,,,NP
sub,500764,Jeiler Castillo,1,0,1
play,8,0,543388,,,43/G,154.62,179.72
play,8,0,594895,,,3/G,136.55,174.70
play,8,0,542941,,,D7/L,91.37,109.44
play,8,0,572794,,,WP.2-3
play,8,0,572794,,,W
play,8,0,506999,,,7/F,71.29,118.47
play,8,1,516430,,,NP
sub,562366,Richard Marshall,0,0,1
play,8,1,516430,,,K
play,8,1,504333,,,K
play,8,1,516429,,,K
play,9,0,555543,,,K23
play,9,0,592660,,,S7/G,76.31,112.45
play,9,0,595033,,,64(1)3/GDP/G6,100.40,172.69
id,GreAPP201007220
info,visteam,BriAPP
info,hometeam,GreAPP
info,date,2010/07/22
start,543388,Jordan Keegan,0,1,8
start,594895,Drew Lee,0,2,6
start,542941,Daniel Black,0,3,3
start,506999,John Spatola,0,4,9
start,594990,Michael Schwartz,0,5,10
start,592660,Rangel Ravelo,0,6,5
start,555543,Chase Blackwood,0,7,2
start,592715,Bradley Salgado,0,8,4
start,596882,Marcus Spencer,0,9,7
start,502593,Jacob Petricka,0,0,1
start,595831,Jonathan Merritt,1,1,6
start,500767,Ricardo Garcia,1,2,4
start,548300,Chris Wallace,1,3,10
start,595832,Marcus Nidiffer,1,4,3
start,502316,Rafael Valenzuela,1,5,5
start,571981,Telvin Nash,1,6,7
start,573245,Bubby Williams,1,7,2
start,516429,Ricardo Heredia,1,8,9
start,595291,Bryce Lane,1,9,8
start,595798,Ruben Alaniz,1,0,1
play,1,0,543388,,,3/G,147.59,174.70
play,1,0,594895,,,S8/G,133.53,136.55
play,1,0,542941,,,46(1)3/GDP/G4,145.58,172.69
play,1,1,595831,,,43/G,144.58,164.66
play,1,1,500767,,,W
play,1,1,548300,,,9/F,189.76,100.40
play,1,1,595832,,,SB2
play,1,1,595832,,,53/G,101.41,171.69
play,2,0,506999,,,S7/L,118.47,124.50
play,2,0,594990,,,5/L,98.39,166.67
play,2,0,592660,,,S7/L.1-2,58.23,133.53
play,2,0,555543,,,7/F,70.28,101.41
play,2,0,592715,,,K+WP.1-2;2-3;B-1
play,2,0,596882,,,K
play,2,1,502316,,,E5/TH,110.44,177.71
play,2,1,571981,,,64(1)3/GDP/G6,115.46,181.73
play,2,1,573245,,,K
play,3,0,543388,,,8/F,121.49,72.29
play,3,0,594895,,,S9/L,166.67,121.49
play,3,0,542941,,,3(B)3(1)/LDP,144.58,171.69
play,3,1,516429,,,K
play,3,1,595291,,,K
play,3,1,595831,,,W
play,3,1,500767,,,SB2
play,3,1,500767,,,3/PF,152.61,192.77
play,4,0,506999,,,9/F,144.58,100.40
play,4,0,594990,,,43/G,119.48,162.65
play,4,0,592660,,,K
play,4,1,548300,,,4/P,140.56,164.66
play,4,1,595832,,,K
play,4,1,502316,,,53/G,102.41,176.71
play,5,0,555543,,,5/P,99.40,175.70
play,5,0,592715,,,8/F,117.47,87.35
play,5,0,596882,,,D7/G,60.24,123.49
play,5,0,543388,,,43/G,144.58,177.71
play,5,1,571981,,,W
play,5,1,573245,,,S8/L.1-3,121.49,128.51
play,5,1,516429,,,6/P,103.41,169.68
play,5,1,595291,,,S3/BG.1-2;3-H,142.57,194.78
play,5,1,595831,,,E6.1-3;2-H,113.45,171.69
play,5,1,500767,,,8/F,103.41,93.37
play,5,1,548300,,,K
play,6,0,594895,,,NP
sub,572142,Travis Smink,1,0,1
play,6,0,594895,,,53/G,90.36,168.67
play,6,0,542941,,,K
play,6,0,506999,,,K
play,6,1,595832,,,NP
sub,518457,Josh Billeaud,0,0,1
play,6,1,595832,,,K
play,6,1,502316,,,T9/F,168.67,106.43
play,6,1,571981,,,W
play,6,1,573245,,,3/PF,182.73,183.73
play,6,1,516429,,,K
play,7,0,594990,,,HP
play,7,0,592660,,,S9/L.1-2,140.56,146.59
play,7,0,555543,,,NP
sub,592225,Ryan Cole,1,0,1
play,7,0,592715,,,POCS3(145);.1-2
play,7,0,555543,,,1/P,123.49,186.75
play,7,0,592715,,,HP
play,7,0,596882,,,FC5/G.2X3(5),108.43,172.69
play,7,1,595291,,,NP
sub,595398,Pat Schatz,0,0,1
play,7,1,595291,,,43/G,168.67,173.69
play,7,1,595831,,,8/F,122.49,87.35
play,7,1,500767,,,9/F,212.85,87.35
play,8,0,543388,,,63/G,96.39,181.73
play,8,0,594895,,,K
play,8,0,542941,,,8/F,124.50,78.31
play,8,1,548300,,,53/G,95.38,168.67
play,8,1,595832,,,T7/F,53.21,113.45
play,8,1,502316,,,NP
sub,542605,Hector Rodriguez,1,4,12
play,8,1,502316,,,7/SF.3-H,64.26,109.44
play,8,1,571981,,,4/PF,174.70,181.73
play,9,0,506999,,,NP
sub,542605,Hector Rodriguez,1,4,5
play,9,0,594990,,,NP
sub,502316,Rafael Valenzuela,1,5,3
play,9,0,592660,,,NP
sub,504333,Carlos Mojica,1,7,2
play,9,0,555543,,,NP
sub,595224,Paul Gerrish,1,0,1
play,9,0,506999,,,W
play,9,0,594990,,,K
play,9,0,592660,,,5/L,100.40,176.71
play,9,0,555543,,,63/G,108.43,176.71
id,GreAPP201007290
info,visteam,BriAPP
info,hometeam,GreAPP
info,date,2010/07/29
start,596881,Qualon Millender,0,1,8
start,596882,Marcus Spencer,0,2,7
start,594895,Drew Lee,0,3,6
start,542941,Daniel Black,0,4,3
start,592660,Rangel Ravelo,0,5,5
start,594990,Michael Schwartz,0,6,10
start,555543,Chase Blackwood,0,7,2
start,592715,Bradley Salgado,0,8,4
start,596880,J. D. Ashbrook,0,9,9
start,571765,Matthew Heidenreich,0,0,1
start,542165,Pedro Feliz,1,1,10
start,572995,Chris Lovett,1,2,5
start,548300,Chris Wallace,1,3,2
start,595832,Marcus Nidiffer,1,4,3
start,571981,Telvin Nash,1,5,7
start,573245,Bubby Williams,1,6,10
start,516430,Emilio King,1,7,9
start,595831,Jonathan Merritt,1,8,6
start,595291,Bryce Lane,1,9,8
start,592826,Vincent Velasquez,1,0,1
play,1,0,596881,,,S5/G,107.43,169.68
play,1,0,596882,,,K+SB2
play,1,0,placeholder,,,NP
sub,542165,Pedro Feliz,1,1,4
play,1,0,594895,,,D8/F.2-H,109.44,109.44
play,1,0,542941,,,K
play,1,0,592660,,,43/G,132.53,172.69
play,1,1,542165,,,13/BG,124.50,189.76
play,1,1,572995,,,K
play,1,1,548300,,,43/G,126.51,170.68
play,2,0,594990,,,8/F,117.47,126.51
play,2,0,555543,,,E6,106.43,170.68
play,2,0,592715,,,HR/F.1-H,38.15,72.29
play,2,0,596880,,,7/F,74.30,130.52
play,2,0,596881,,,S6/G,105.42,161.65
play,2,0,596882,,,FC6/G.1X2(64),113.45,169.68
play,2,1,595832,,,7/F,70.28,124.50
play,2,1,571981,,,4/P,146.59,167.67
play,2,1,573245,,,63/G,103.41,171.69
play,3,0,594895,,,7/F,70.28,118.47
play,3,0,542941,,,9/F,163.65,129.52
play,3,0,592660,,,K
play,3,1,516430,,,63/G,108.43,165.66
play,3,1,595831,,,7/F,68.27,116.47
play,3,1,595291,,,K
play,4,0,594990,,,5/L,99.40,176.71
play,4,0,555543,,,9/F,155.62,138.55
play,4,0,592715,,,K
play,4,1,542165,,,K
play,4,1,572995,,,K
play,4,1,548300,,,13/G,121.49,190.76
play,5,0,596880,,,8/F,126.51,119.48
play,5,0,596881,,,K
play,5,0,596882,,,S8/L,145.58,88.35
play,5,0,594895,,,5/PF,90.36,182.73
play,5,1,595832,,,9/F,167.67,123.49
play,5,1,571981,,,S9/G,173.69,121.49
play,5,1,573245,,,K
play,5,1,516430,,,S5/G.1-2,100.40,186.75
play,5,1,595831,,,53/G,100.40,177.71
play,6,0,542941,,,NP
sub,577208,John Frawley,1,0,1
play,6,0,542941,,,K23
play,6,0,592660,,,S7/G,62.25,127.51
play,6,0,594990,,,K
play,6,0,555543,,,K
play,6,1,595291,,,63/G,109.44,174.70
play,6,1,542165,,,63/G,106.43,164.66
play,6,1,572995,,,W
play,6,1,548300,,,FC5/G.1X2(54),103.41,179.72
play,7,0,592715,,,K
play,7,0,596880,,,S7/G,82.33,131.53
play,7,0,596881,,,K
play,7,0,596882,,,8/F,111.45,105.42
play,7,1,595832,,,S8/L,116.47,113.45
play,7,1,571981,,,8/F,116.47,105.42
play,7,1,573245,,,D7/F.1-H,68.27,115.46
play,7,1,516430,,,S7/G.2-H,56.22,120.48
play,7,1,595831,,,WP.1-2
play,7,1,595831,,,K
play,7,1,595291,,,NP
sub,516429,Ricardo Heredia,1,9,11
play,7,1,516429,,,S7/G.2-3,82.33,136.55
play,7,1,542165,,,NP
sub,519170,Kevin Rath,0,0,1
play,7,1,542165,,,K
play,8,0,594895,,,NP
sub,516430,Emilio King,1,7,8
play,8,0,542941,,,NP
sub,516429,Ricardo Heredia,1,9,9
play,8,0,592660,,,NP
sub,572142,Travis Smink,1,0,1
play,8,0,594895,,,63/G,115.46,171.69
play,8,0,542941,,,K
play,8,0,592660,,,9/F,185.74,119.48
play,8,1,572995,,,13/BG,128.51,191.77
play,8,1,548300,,,W
play,8,1,595832,,,6/P,105.42,166.67
play,8,1,571981,,,53/G,107.43,186.75
play,9,0,594990,,,K
play,9,0,555543,,,NP
sub,500764,Jeiler Castillo,1,0,1
play,9,0,555543,,,W
play,9,0,592715,,,46(1)3/GDP/G4,134.54,168.67
play,9,1,573245,,,E5/TH,102.41,184.74
play,9,1,516430,,,13/SH.1-2,122.49,188.76
play,9,1,595831,,,HP
play,9,1,516429,,,WP.1-2;2-3
play,9,1,516429,,,43/G.2-3;3-H,141.57,168.67
play,9,1,542165,,,NP
sub,504333,Carlos Mojica,1,1,11
play,9,1,504333,,,S9/L.3-H,175.70,120.48
id,GreAPP201007300
info,visteam,BriAPP
info,hometeam,GreAPP
info,date,2010/07/30
start,543388,Jordan Keegan,0,1,7
start,596881,Qualon Millender,0,2,8
start,594895,Drew Lee,0,3,6
start,542941,Daniel Black,0,4,3
start,506999,John Spatola,0,5,9
start,592660,Rangel Ravelo,0,6,5
start,572794,Robert Cummings,0,7,10
start,555543,Chase Blackwood,0,8,2
start,595033,Ethan Wilson,0,9,4
start,542890,Spencer Arroyo,0,0,1
start,595831,Jonathan Merritt,1,1,6
start,542165,Pedro Feliz,1,2,4
start,455390,Jhonny Medrano,1,3,10
start,548300,Chris Wallace,1,4,2
start,595832,Marcus Nidiffer,1,5,3
start,571981,Telvin Nash,1,6,7
start,516430,Emilio King,1,7,9
start,572995,Chris Lovett,1,8,5
start,572938,Ryan Humphrey,1,9,8
start,592314,Michael Foltynewicz,1,0,1
play,1,0,543388,,,S8/G,117.47,102.41
play,1,0,596881,,,8/F,116.47,102.41
play,1,0,placeholder,,,POCS2(136)
play,1,0,594895,,,E3,141.57,176.71
play,1,0,542941,,,3/G,137.55,179.72
play,1,1,595831,,,7/F,67.27,122.49
play,1,1,542165,,,3/G,143.57,181.73
play,1,1,455390,,,K
play,2,0,506999,,,K
play,2,0,592660,,,9/L,159.64,119.48
play,2,0,572794,,,W
play,2,0,555543,,,K
play,2,1,548300,,,63/G,110.44,165.66
play,2,1,595832,,,K
play,2,1,571981,,,43/G,144.58,170.68
play,3,0,595033,,,63/G,110.44,170.68
play,3,0,543388,,,S7/F,88.35,119.48
play,3,0,596881,,,K
play,3,0,594895,,,S8/L.1-2,120.48,111.45
play,3,0,542941,,,K
play,3,1,516430,,,8/L,116.47,98.39
play,3,1,572995,,,S7/L,83.33,133.53
play,3,1,572938,,,S9/G.1-2,165.66,133.53
play,3,1,595831,,,S8/L.1-2;2-3,122.49,118.47
play,3,1,542165,,,64(1)3/GDP/G6,113.45,167.67
play,4,0,506999,,,5/P,102.41,173.69
play,4,0,592660,,,D8/L,83.33,84.34
play,4,0,572794,,,63/G,108.43,168.67
play,4,0,555543,,,7/F,80.32,117.47
play,4,1,455390,,,63/G,111.45,168.67
play,4,1,548300,,,53/G,110.44,180.72
play,4,1,595832,,,53/G,107.43,176.71
play,5,0,595033,,,NP
sub,518514,Garrett Bullock,1,0,1
play,5,0,595033,,,63/G,114.46,165.66
play,5,0,543388,,,63/G,108.43,166.67
play,5,0,596881,,,S7/L,74.30,122.49
play,5,0,594895,,,SB2
play,5,0,594895,,,K
play,5,1,571981,,,HR/F,44.18,68.27
play,5,1,516430,,,S9/G,162.65,126.51
play,5,1,572995,,,POCS2(236)
play,5,1,572995,,,63/G,104.42,167.67
play,5,1,572938,,,K23
play,6,0,542941,,,S7/G,75.30,138.55
play,6,0,506999,,,S4/BG.1-2,136.55,169.68
play,6,0,592660,,,13/SH.1-2;2-3,120.48,193.78
play,6,0,572794,,,NP
sub,572173,Brian Streilein,1,0,1
play,6,0,572794,,,K
play,6,0,555543,,,53/G,106.43,173.69
play,6,1,595831,,,HR/F,46.18,64.26
play,6,1,542165,,,K
play,6,1,455390,,,63/G,115.46,163.65
play,6,1,548300,,,5/L,103.41,175.70
play,7,0,595033,,,S7/G,80.32,121.49
play,7,0,543388,,,S9/G.1-2,151.61,133.53
play,7,0,596881,,,SH.1-2;2-3;B-1,128.51,198.80
play,7,0,594895,,,D9/L.1-H;2-H;3-H,152.61,81.33
play,7,0,542941,,,43/G.2-3,140.56,173.69
play,7,0,506999,,,IW
play,7,0,592660,,,NP
sub,574988,Philip Rorabaugh,1,0,1
play,7,0,592660,,,S8/G.1-2;3-H,124.50,114.46
play,7,0,572794,,,46(1)3/GDP/G4,141.57,172.69
play,7,1,595832,,,NP
sub,570558,Darwin Matos,0,0,1
play,7,1,595832,,,E5/TH,111.45,179.72
play,7,1,571981,,,BK.1-2
play,7,1,571981,,,K
play,7,1,516430,,,HP
play,7,1,572995,,,FC1/G.1-2;2X3(15);B-1,121.49,195.78
play,7,1,572938,,,T9/F.1-H;2-H,153.61,82.33
play,7,1,595831,,,E6.3-H,113.45,165.66
play,7,1,542165,,,BK.1-2
play,7,1,542165,,,3/G,146.59,178.71
play,8,0,555543,,,8/F,124.50,94.38
play,8,0,595033,,,53/G,103.41,177.71
play,8,0,543388,,,S7/L,87.35,129.52
play,8,0,596881,,,8/F,111.45,91.37
play,8,1,455390,,,NP
sub,598718,Terance Marin,0,0,1
play,8,1,455390,,,S8/L,123.49,108.43
play,8,1,548300,,,16(1)3/GDP/G1,124.50,187.75
play,8,1,595832,,,S8/L.B-2(E8),149.60,109.44
play,8,1,571981,,,K
play,9,0,594895,,,NP
sub,595291,Bryce Lane,1,6,7
play,9,0,542941,,,NP
sub,592225,Ryan Cole,1,0,1
play,9,0,594895,,,8/F,124.50,108.43
play,9,0,542941,,,9/F,174.70,119.48
play,9,0,506999,,,7/F,83.33,118.47
id,GreAPP201007310
info,visteam,BriAPP
info,hometeam,GreAPP
info,date,2010/07/31
start,543388,Jordan Keegan,0,1,7
start,596881,Qualon Millender,0,2,8
start,594895,Drew Lee,0,3,4
start,542941,Daniel Black,0,4,2
start,506999,John Spatola,0,5,3
start,596882,Marcus Spencer,0,6,9
start,500875,Jeffer Patino,0,7,5
start,595033,Ethan Wilson,0,8,6
start,594948,Sean O'Connell,0,9,10
start,595473,Robert Young,0,0,1
start,595831,Jonathan Merritt,1,1,6
start,500767,Ricardo Garcia,1,2,4
start,455390,Jhonny Medrano,1,3,10
start,548300,Chris Wallace,1,4,2
start,595832,Marcus Nidiffer,1,5,3
start,571981,Telvin Nash,1,6,7
start,516430,Emilio King,1,7,9
start,572995,Chris Lovett,1,8,5
start,572938,Ryan Humphrey,1,9,8
start,542300,Euris Quezada,1,0,1
play,1,0,543388,,,W
play,1,0,596881,,,S7/L.1-2,84.34,128.51
play,1,0,594895,,,5/P,101.41,176.71
play,1,0,542941,,,D8/L.1-3;2-H,117.47,55.22
play,1,0,506999,,,K
play,1,0,596882,,,2/PF,125.50,224.90
play,1,1,595831,,,4/P,133.53,166.67
play,1,1,500767,,,S1/G,126.51,198.80
play,1,1,placeholder,,,PO1(1?)
play,1,1,455390,,,8/F,115.46,81.33
play,2,0,500875,,,63/G,108.43,171.69
play,2,0,595033,,,K
play,2,0,594948,,,7/F,76.31,121.49
play,2,1,548300,,,6/P,103.41,158.63
play,2,1,595832,,,D7/G,44.18,122.49
play,2,1,571981,,,SB3
play,2,1,571981,,,K+WP.3-H;B-1
play,2,1,516430,,,D7/L.1-3,41.16,99.40
play,2,1,572995,,,E4.2-H;3-H,130.52,156.63
play,2,1,572938,,,S9/L.1-3,157.63,124.50
play,2,1,595831,,,FC4/G.1X2(46);3-H;B-1,135.54,164.66
play,2,1,500767,,,FC4/G.1X2(46),141.57,168.67
play,3,0,543388,,,8/F,112.45,106.43
play,3,0,596881,,,31/G,134.54,180.72
play,3,0,594895,,,HR/F,209.84,68.27
play,3,0,542941,,,8/F,117.47,72.29
play,3,1,455390,,,3/PF,143.57,203.82
play,3,1,548300,,,63/G,105.42,175.70
play,3,1,595832,,,5/L,104.42,180.72
play,4,0,506999,,,HR/F,221.89,81.33
play,4,0,596882,,,6/P,111.45,159.64
play,4,0,500875,,,D9/F,187.75,85.34
play,4,0,595033,,,9/F,165.66,113.45
play,4,0,594948,,,43/G,137.55,168.67
play,4,1,571981,,,W
play,4,1,516430,,,64(1)3/GDP/G6,107.43,168.67
play,4,1,572995,,,K
play,5,0,543388,,,S7/L,86.35,128.51
play,5,0,596881,,,1/BP,125.50,196.79
play,5,0,594895,,,36(1)3/GDP/G3,142.57,186.75
play,5,1,572938,,,53/G,106.43,179.72
play,5,1,595831,,,163/G1,123.49,194.78
play,5,1,500767,,,S7/L,91.37,130.52
play,5,1,455390,,,S9/L.1-3,163.65,132.53
play,5,1,548300,,,S7/L.1-2;3-H,78.31,131.53
play,5,1,595832,,,K
play,6,0,542941,,,9/F,170.68,116.47
play,6,0,506999,,,S9/L,157.63,140.56
play,6,0,596882,,,K
play,6,0,500875,,,D8/L.1-H;B-3,129.52,56.22
play,6,0,595033,,,E6.3-H,118.47,160.64
play,6,0,594948,,,NP
sub,572142,Travis Smink,1,0,1
play,6,0,594948,,,K
play,6,1,571981,,,NP
sub,572944,Ethan Icard,0,0,1
play,6,1,571981,,,S7/L,87.35,133.53
play,6,1,516430,,,SB2
play,6,1,516430,,,HP
play,6,1,572995,,,SH.1-3;2-H;B-2,127.51,200.80
play,6,1,572938,,,E6.2-3(E6/TH);3-H,108.43,169.68
play,6,1,595831,,,9/SF.3-H,193.78,92.37
play,6,1,500767,,,SB2
play,6,1,500767,,,K
play,6,1,455390,,,6/P,119.48,153.61
play,7,0,543388,,,S9/G,157.63,128.51
play,7,0,596881,,,FC6/G.1X2(64);B-1,109.44,167.67
play,7,0,594895,,,8/F,119.48,78.31
play,7,0,542941,,,SB2
play,7,0,542941,,,W
play,7,0,506999,,,S7/L.1-3;2-H;B-2,86.35,116.47
play,7,0,596882,,,4/P,143.57,163.65
play,7,1,548300,,,NP
sub,572837,Austin Evans,0,0,1
play,7,1,548300,,,13/G,126.51,195.78
play,7,1,595832,,,63/G,112.45,167.67
play,7,1,571981,,,53/G,106.43,179.72
play,8,0,500875,,,NP
sub,595291,Bryce Lane,1,6,7
play,8,0,500875,,,31/G,135.54,182.73
play,8,0,595033,,,K
play,8,0,594948,,,K
play,8,1,516430,,,K
play,8,1,572995,,,S8/L,119.48,122.49
play,8,1,572938,,,SB2
play,8,1,572938,,,S5/G.2-3,100.40,177.71
play,8,1,595831,,,SB2
play,8,1,595831,,,8/SF.2-3;3-H,133.53,52.21
play,8,1,500767,,,W
play,8,1,455390,,,K
play,9,0,543388,,,NP
sub,502316,Rafael Valenzuela,1,5,3
play,9,0,596881,,,NP
sub,500764,Jeiler Castillo,1,0,1
play,9,0,543388,,,S8/G,123.49,117.47
play,9,0,596881,,,63/G.1-2,113.45,165.66
play,9,0,594895,,,2/PF,134.54,215.86
play,9,0,542941,,,9/F,168.67,119.48
id,GreAPP201008010
info,visteam,JohAPP
info,hometeam,GreAPP
info,date,2010/08/01
start,594824,Greg Garcia,0,1,6
start,570805,Oscar Taveras,0,2,7
start,592774,Cody Stanley,0,3,2
start,571641,Christopher Edmondson,0,4,10
start,521091,Romulo Ruiz,0,5,5
start,500675,Kleininger Teran,0,6,3
start,542465,Roberto Reyes,0,7,9
start,592286,Patrick Elkins,0,8,4
start,572265,Reggie Williams,0,9,8
start,595031,Boone Whiting,0,0,1
start,595831,Jonathan Merritt,1,1,6
start,500767,Ricardo Garcia,1,2,4
start,455390,Jhonny Medrano,1,3,10
start,548300,Chris Wallace,1,4,2
start,595832,Marcus Nidiffer,1,5,3
start,571981,Telvin Nash,1,6,7
start,516430,Emilio King,1,7,9
start,572995,Chris Lovett,1,8,5
start,572938,Ryan Humphrey,1,9,8
start,595798,Ruben Alaniz,1,0,1
play,1,0,594824,,,S7/L,70.28,128.51
play,1,0,570805,,,FC4/G.1X2(46);B-1,204.82,249.00
play,1,0,592774,,,E3.1-3;B-2,144.58,178.71
play,1,0,571641,,,6/P,99.40,166.67
play,1,0,521091,,,9/F,163.65,127.51
play,1,1,595831,,,7/F,62.25,125.50
play,1,1,500767,,,9/F,173.69,107.43
play,1,1,455390,,,8/F,135.54,112.45
play,2,0,500675,,,3/P,146.59,182.73
play,2,0,542465,,,6/P,103.41,162.65
play,2,0,592286,,,2/PF,118.47,224.90
play,2,1,548300,,,S7/L,85.34,135.54
play,2,1,595832,,,S8/L.1-2,128.51,110.44
play,2,1,571981,,,K
play,2,1,516430,,,3/G.1-2;2-3,146.59,180.72
play,2,1,572995,,,43/G,132.53,176.71
play,3,0,572265,,,T9/G,183.73,126.51
play,3,0,594824,,,S8/L.3-H,113.45,124.50
play,3,0,570805,,,9/F.1-2,186.75,122.49
play,3,0,592774,,,9/F,161.65,132.53
play,3,0,571641,,,IW
play,3,0,521091,,,7/F,71.29,136.55
play,3,1,572938,,,K
play,3,1,595831,,,S7/L,77.31,131.53
play,3,1,500767,,,9/F,155.62,134.54
play,3,1,455390,,,K
play,4,0,500675,,,K
play,4,0,542465,,,31/G,149.60,178.71
play,4,0,592286,,,9/F,160.64,124.50
play,4,1,548300,,,E5,117.47,183.73
play,4,1,595832,,,K
play,4,1,571981,,,HR/F.1-H,120.48,28.11
play,4,1,516430,,,K
play,4,1,572995,,,3/PF,158.63,194.78
play,5,0,572265,,,T8/F,135.54,103.41
play,5,0,594824,,,S8/L.3-H,115.46,110.44
play,5,0,570805,,,S8/G.1-2,131.53,110.44
play,5,0,592774,,,8/F.2-3,115.46,126.51
play,5,0,571641,,,D9/L.1-3;3-H,183.73,110.44
play,5,0,521091,,,K
play,5,0,500675,,,PB.2-3;3-H
play,5,0,500675,,,S7/G.3-H,74.30,121.49
play,5,0,542465,,,NP
sub,518514,Garrett Bullock,1,0,1
play,5,0,542465,,,43/G,142.57,165.66
play,5,1,572938,,,3/G,147.59,181.73
play,5,1,595831,,,8/F,127.51,114.46
play,5,1,500767,,,53/G,99.40,176.71
play,6,0,592286,,,W
play,6,0,572265,,,K
play,6,0,594824,,,8/F,132.53,105.42
play,6,0,570805,,,S8/G.1-2,121.49,94.38
play,6,0,592774,,,7/F,80.32,120.48
play,6,1,455390,,,NP
sub,595342,Jeff Nadeau,0,0,1
play,6,1,455390,,,6/P,111.45,174.70
play,6,1,548300,,,8/F,138.55,112.45
play,6,1,595832,,,63/G,107.43,172.69
play,7,0,571641,,,43/G,143.57,164.66
play,7,0,521091,,,4/P,143.57,170.68
play,7,0,500675,,,63/G,101.41,171.69
play,7,1,571981,,,9/FF,191.77,152.61
play,7,1,516430,,,K
play,7,1,572995,,,D7/L,76.31,123.49
play,7,1,572938,,,53/G,101.41,178.71
play,8,0,542465,,,S4/G,154.62,163.65
play,8,0,592286,,,2/BG(BATINT),127.51,209.84
play,8,0,572265,,,PO1(E?).1-2
play,8,0,572265,,,W
play,8,0,594824,,,E6.1-2;2-3,107.43,170.68
play,8,0,570805,,,K
play,8,0,592774,,,K
play,8,1,595831,,,K
play,8,1,500767,,,K
play,8,1,455390,,,K
play,9,0,571641,,,NP
sub,571585,Jamaine Cotton,1,0,1
play,9,0,571641,,,K
play,9,0,521091,,,K
play,9,0,500675,,,43/G,139.56,171.69
play,9,1,548300,,,NP
sub,523489,Hector Corpas,0,0,1
play,9,1,548300,,,43/G,141.57,171.69
play,9,1,595832,,,53/G,99.40,179.72
play,9,1,571981,,,K
id,GreAPP201008020
info,visteam,JohAPP
info,hometeam,GreAPP
info,date,2010/08/02
start,594824,Greg Garcia,0,1,4
start,570805,Oscar Taveras,0,2,7
start,592774,Cody Stanley,0,3,10
start,595158,Philip Cerreto,0,4,3
start,521091,Romulo Ruiz,0,5,5
start,502023,Travis Tartamella,0,6,2
start,518802,Virgil Hill,0,7,9
start,572265,Reggie Williams,0,8,8
start,551750,Cesar Valera,0,9,6
start,595166,Ryan Copeland,0,0,1
start,595831,Jonathan Merritt,1,1,6
start,572995,Chris Lovett,1,2,5
start,455390,Jhonny Medrano,1,3,10
start,595832,Marcus Nidiffer,1,4,3
start,571981,Telvin Nash,1,5,7
start,573245,Bubby Williams,1,6,10
start,516429,Ricardo Heredia,1,7,9
start,542165,Pedro Feliz,1,8,4
start,595291,Bryce Lane,1,9,8
start,542170,Ricardo Batista,1,0,1
play,1,0,594824,,,13/G,129.52,190.76
play,1,0,570805,,,63/G,69.28,175.70
play,1,0,592774,,,S8/L,127.51,121.49
play,1,0,595158,,,3/P,121.49,181.73
play,1,1,595831,,,K
play,1,1,572995,,,W
play,1,1,455390,,,K
play,1,1,595832,,,FC5/G.1X2(54),102.41,182.73
play,2,0,521091,,,1/P,114.46,190.76
play,2,0,502023,,,W
play,2,0,518802,,,9/F,163.65,144.58
play,2,0,572265,,,K
play,2,1,571981,,,63/G,113.45,179.72
play,2,1,573245,,,E5/TH,95.38,180.72
play,2,1,516429,,,46(1)3/GDP/G4,136.55,174.70
play,3,0,551750,,,43/G,137.55,178.71
play,3,0,594824,,,13/G,122.49,196.79
play,3,0,570805,,,E2.B-1,110.73,126.06
play,3,0,592774,,,6/P,128.51,172.69
play,3,1,542165,,,53/G,116.47,178.71
play,3,1,595291,,,K
play,3,1,595831,,,S7/L,70.28,128.51
play,3,1,572995,,,S7/L.1-2,75.30,141.57
play,3,1,455390,,,3/PF,137.55,181.73
play,4,0,595158,,,E6,108.43,176.71
play,4,0,521091,,,W.1-2
play,4,0,502023,,,8/F,118.47,128.51
play,4,0,518802,,,SB3;SB2
play,4,0,518802,,,K
play,4,0,572265,,,S9/F.2-H;3-H,169.68,143.57
play,4,0,551750,,,S1/L.1-2,118.47,188.76
play,4,0,594824,,,4/P,138.55,182.73
play,4,1,595832,,,K
play,4,1,571981,,,9/F,112.45,166.67
play,4,1,573245,,,53/G,108.43,171.69
play,5,0,570805,,,7/F,79.32,129.52
play,5,0,592774,,,S8/G,109.44,115.46
play,5,0,595158,,,D9/F.1-3,183.73,136.55
play,5,0,521091,,,IW
play,5,0,502023,,,4/P,143.57,177.71
play,5,0,518802,,,S9/G.1-3;2-H;3-H,177.71,127.51
play,5,0,572265,,,WP.1-3;3-H
play,5,0,572265,,,W
play,5,0,551750,,,NP
sub,595224,Paul Gerrish,1,0,1
play,5,0,551750,,,9/F,168.67,131.53
play,5,1,516429,,,NP
sub,542465,Roberto Reyes,0,2,9
play,5,1,542165,,,NP
sub,518802,Virgil Hill,0,7,7
play,5,1,516429,,,K
play,5,1,542165,,,S8/G,120.48,133.53
play,5,1,595291,,,64(1)3/GDP/G6,107.43,177.71
play,6,0,594824,,,4/P,147.59,175.70
play,6,0,542465,,,T8/F,117.47,109.44
play,6,0,592774,,,T9/L.3-H,179.72,144.58
play,6,0,595158,,,D8/F.3-H,136.55,111.45
play,6,0,521091,,,S8/L.2-3,108.43,131.53
play,6,0,502023,,,WP.1-2;3-H
play,6,0,502023,,,K
play,6,0,518802,,,S7/G.2-H;BX2(754),73.29,133.53
play,6,1,595831,,,NP
sub,571772,Hector Hernandez,0,0,1
play,6,1,595831,,,9/F,180.72,128.51
play,6,1,572995,,,53/G,104.42,175.70
play,6,1,455390,,,63/G,108.43,171.69
play,7,0,572265,,,NP
sub,542605,Hector Rodriguez,1,1,6
play,7,0,551750,,,NP
sub,502316,Rafael Valenzuela,1,4,3
play,7,0,594824,,,NP
sub,518767,Justin Harper,1,0,1
play,7,0,572265,,,S4/G,139.56,173.69
play,7,0,551750,,,46(1)3/GDP/G4,145.58,170.68
play,7,0,594824,,,3/L,143.57,177.71
play,7,1,502316,,,D9/L,133.53,136.55
play,7,1,571981,,,T8/L.2-H,124.50,111.45
play,7,1,573245,,,53/G.3-H,107.43,177.71
play,7,1,516429,,,3/L,136.55,178.71
play,7,1,542165,,,K
play,8,0,542465,,,8/F,128.51,109.44
play,8,0,592774,,,13/G,112.45,190.76
play,8,0,595158,,,HP
play,8,0,521091,,,63/G,90.36,175.70
play,8,1,595291,,,K
play,8,1,542605,,,K
play,8,1,572995,,,6/P,110.44,165.66
play,9,0,502023,,,S6/G,104.42,179.72
play,9,0,518802,,,K
play,9,0,572265,,,S8/G.1-2,92.37,154.62
play,9,0,551750,,,S5/G.1-2;2-3,106.43,181.73
play,9,0,594824,,,S8/G.1-2;2-3;3-H,141.57,109.44
play,9,0,542465,,,K
play,9,0,592774,,,E4.1-3;2-H;3-H,118.47,106.43
play,9,0,595158,,,WP.1-2
play,9,0,595158,,,S8/L.2-H;3-H,121.49,100.40
play,9,0,521091,,,NP
sub,574988,Philip Rorabaugh,1,0,1
play,9,0,521091,,,8/F,130.52,112.45
play,9,1,455390,,,NP
sub,518447,Andrew Benes,0,0,1
play,9,1,455390,,,D7/L,79.32,139.56
play,9,1,502316,,,FC1.2X3(165),100.40,175.70
play,9,1,571981,,,64(1)3/GDP/G6,96.39,168.67
id,GreAPP201008030
info,visteam,JohAPP
info,hometeam,GreAPP
info,date,2010/08/03
start,594824,Greg Garcia,0,1,4
start,518802,Virgil Hill,0,2,7
start,592774,Cody Stanley,0,3,10
start,595158,Philip Cerreto,0,4,3
start,521091,Romulo Ruiz,0,5,5
start,502023,Travis Tartamella,0,6,2
start,542465,Roberto Reyes,0,7,9
start,572265,Reggie Williams,0,8,8
start,551750,Cesar Valera,0,9,6
start,542203,Angel De Jesus,0,0,1
start,500767,Ricardo Garcia,1,1,4
start,595831,Jonathan Merritt,1,2,6
start,548300,Chris Wallace,1,3,2
start,502316,Rafael Valenzuela,1,4,5
start,595832,Marcus Nidiffer,1,5,3
start,571981,Telvin Nash,1,6,7
start,573245,Bubby Williams,1,7,10
start,516430,Emilio King,1,8,9
start,572938,Ryan Humphrey,1,9,8
start,572142,Travis Smink,1,0,1
play,1,0,594824,,,53/G,102.41,184.74
play,1,0,518802,,,K
play,1,0,592774,,,S9/G,171.69,129.52
play,1,0,595158,,,43/G,146.59,168.67
play,1,1,500767,,,W
play,1,1,595831,,,FC6/G.1X2(64);B-1,125.50,167.67
play,1,1,548300,,,K
play,1,1,502316,,,SB2
play,1,1,502316,,,K
play,2,0,521091,,,43/G,152.61,161.65
play,2,0,502023,,,W
play,2,0,542465,,,K
play,2,0,572265,,,K
play,2,1,595832,,,53/G,112.45,177.71
play,2,1,571981,,,W
play,2,1,573245,,,K
play,2,1,516430,,,3/G,146.59,184.74
play,3,0,551750,,,S9/F,191.77,128.51
play,3,0,594824,,,53/SH.1-2,115.46,182.73
play,3,0,518802,,,8/F,114.46,82.33
play,3,0,592774,,,S7/F.2-H,79.32,129.52
play,3,0,595158,,,D8/F.1-H,157.63,93.37
play,3,0,521091,,,S7/G.2-H,83.33,140.56
play,3,0,502023,,,NP
sub,594824,Greg Garcia,1,0,1
play,3,0,502023,,,K
play,3,1,572938,,,7/F,68.27,105.42
play,3,1,500767,,,E6,118.47,172.69
play,3,1,595831,,,CS2
play,3,1,595831,,,63/G,115.46,170.68
play,4,0,542465,,,31/G,149.60,178.71
play,4,0,572265,,,K
play,4,0,551750,,,S8/L,113.45,98.39
play,4,0,594824,,,3/G,151.61,184.74
play,4,1,548300,,,W
play,4,1,502316,,,CS2
play,4,1,502316,,,HR/F,200.80,69.28
play,4,1,595832,,,9/F,179.72,117.47
play,4,1,571981,,,S9/L,181.73,126.51
play,4,1,573245,,,FC6/G.1X2(64),117.47,168.67
play,5,0,518802,,,K
play,5,0,592774,,,S4/G,147.59,172.69
play,5,0,595158,,,S8/G.1-2,119.48,110.44
play,5,0,521091,,,4/P,133.53,173.69
play,5,0,502023,,,NP
sub,500764,Jeiler Castillo,1,0,1
play,5,0,502023,,,SB3;SB2
play,5,0,502023,,,9/F,140.56,115.46
play,5,1,516430,,,S8/L,142.57,117.47
play,5,1,572938,,,54(1)3/GDP/G5,114.46,178.71
play,5,1,500767,,,9/F,186.75,120.48
play,6,0,542465,,,K
play,6,0,572265,,,63/G,108.43,171.69
play,6,0,551750,,,43/G,123.49,165.66
play,6,1,595831,,,NP
sub,572797,Patrick Daugherty,0,0,1
play,6,1,595831,,,4/P,150.60,168.67
play,6,1,548300,,,S6/G,149.60,168.67
play,6,1,502316,,,K
play,6,1,595832,,,HP.1-2
play,6,1,571981,,,43/G,144.58,168.67
play,7,0,594824,,,7/F,74.30,107.43
play,7,0,518802,,,S8/L,101.41,95.38
play,7,0,592774,,,S9/G.1-3,175.70,123.49
play,7,0,595158,,,S8/L.1-2;3-H,91.37,111.45
play,7,0,521091,,,64(1)3/GDP/G6,104.42,165.66
play,7,1,573245,,,NP
sub,592286,Patrick Elkins,0,5,5
play,7,1,573245,,,K23
play,7,1,516430,,,K
play,7,1,572938,,,S9/L,150.60,133.53
play,7,1,500767,,,S8/L.1-2,99.40,95.38
play,7,1,595831,,,NP
sub,592515,Aidan Lucas,0,0,1
play,7,1,595831,,,HP.1-2;2-3
play,7,1,548300,,,HP.1-2;2-3;3-H
play,7,1,502316,,,WP.1-2;2-3;3-H
play,7,1,502316,,,K
play,8,0,502023,,,NP
sub,572173,Brian Streilein,1,0,1
play,8,0,502023,,,K
play,8,0,542465,,,63/G,109.44,167.67
play,8,0,572265,,,K
play,8,1,595832,,,K
play,8,1,571981,,,K
play,8,1,573245,,,7/F,58.23,122.49
play,9,0,551750,,,S7/L,77.31,126.51
play,9,0,594824,,,SB2
play,9,0,594824,,,14/SH.2-3,131.53,193.78
play,9,0,518802,,,NP
sub,570805,Oscar Taveras,0,2,11
play,9,0,592774,,,NP
sub,592225,Ryan Cole,1,0,1
play,9,0,570805,,,D7/F.3-H,90.36,116.47
play,9,0,592774,,,IW
play,9,0,595158,,,13/G.1-2;2-3,129.52,187.75
play,9,0,592286,,,8/F,98.39,87.35
play,9,1,516430,,,NP
sub,570805,Oscar Taveras,0,2,7
play,9,1,572938,,,NP
sub,523489,Hector Corpas,0,0,1
play,9,1,516430,,,NP
sub,572995,Chris Lovett,1,8,11
play,9,1,572995,,,K
play,9,1,572938,,,4/P,146.59,174.70
play,9,1,500767,,,4/P,145.58,172.69
id,GreAPP201008090
info,visteam,EliAPP
info,hometeam,GreAPP
info,date,2010/08/09
start,594849,Jamaal Hawkins,0,1,6
start,573121,Nate Roberts,0,2,7
start,542455,Oswaldo Arcia,0,3,9
start,592184,Brian Burke,0,4,3
start,594896,Andy Leer,0,5,5
start,475774,Gunner Glad,0,6,10
start,571972,Buddy Munroe,0,7,2
start,572993,Nick Lockwood,0,8,4
start,594854,Brandon Henderson,0,9,8
start,534737,Pat Dean,0,0,1
start,595831,Jonathan Merritt,1,1,6
start,500767,Ricardo Garcia,1,2,4
start,455390,Jhonny Medrano,1,3,10
start,548300,Chris Wallace,1,4,2
start,595832,Marcus Nidiffer,1,5,3
start,571981,Telvin Nash,1,6,7
start,502316,Rafael Valenzuela,1,7,5
start,516429,Ricardo Heredia,1,8,9
start,572938,Ryan Humphrey,1,9,8
start,542170,Ricardo Batista,1,0,1
play,1,0,594849,,,6/P,105.42,161.65
play,1,0,573121,,,S8/G,122.49,114.46
play,1,0,542455,,,D8/F.1-H,124.50,83.33
play,1,0,592184,,,D7/F.2-H,61.24,113.45
play,1,0,594896,,,W
play,1,0,475774,,,S6/G.1-3(E6/TH);2-H,102.41,161.65
play,1,0,571972,,,K
play,1,0,572993,,,S8/G.1-2;3-H,121.49,117.47
play,1,0,594854,,,W.1-2;2-3
play,1,0,594849,,,D8/F.1-3;2-H;3-H,129.52,84.34
play,1,0,573121,,,NP
sub,517328,Angel Gonzalez,1,0,1
play,1,0,573121,,,E6/TH.2-H;3-H,107.43,163.65
play,1,0,542455,,,S7/L.1-2,77.31,125.50
play,1,0,592184,,,K
play,1,1,595831,,,K
play,1,1,500767,,,9/F,173.69,120.48
play,1,1,455390,,,8/F,124.50,92.37
play,2,0,594896,,,63/G,108.43,166.67
play,2,0,475774,,,8/F,109.44,95.38
play,2,0,571972,,,K
play,2,1,548300,,,K
play,2,1,595832,,,53/G,110.44,184.74
play,2,1,571981,,,S8/L,123.49,95.38
play,2,1,502316,,,K
play,3,0,572993,,,K
play,3,0,594854,,,S5/G,107.43,183.73
play,3,0,594849,,,64(1)3/GDP/G6,109.44,173.69
play,3,1,516429,,,K
play,3,1,572938,,,9/F,194.78,115.46
play,3,1,595831,,,K
play,4,0,573121,,,43/G,144.58,170.68
play,4,0,542455,,,S8/L,115.46,103.41
play,4,0,592184,,,S7/L.1-2,66.27,129.52
play,4,0,594896,,,S8/L.1-2;2-3,113.45,104.42
play,4,0,475774,,,9/SF.3-H,173.69,113.45
play,4,0,571972,,,FC6/G.1X2(64),114.46,169.68
play,4,1,500767,,,2/PF,142.57,218.88
play,4,1,455390,,,53/G,110.44,183.73
play,4,1,548300,,,S8/G,131.53,114.46
play,4,1,595832,,,HR/L.1-H,43.17,75.30
play,4,1,571981,,,63/G,108.43,163.65
play,5,0,572993,,,NP
sub,574988,Philip Rorabaugh,1,0,1
play,5,0,572993,,,63/G,105.42,169.68
play,5,0,594854,,,53/G,109.44,183.73
play,5,0,594849,,,W
play,5,0,573121,,,D8/F.1-H,110.44,79.32
play,5,0,542455,,,HP
play,5,0,592184,,,NP
sub,543611,Daniel Ortiz,0,3,12
play,5,0,592184,,,FC5/G.2X3(5),109.44,184.74
play,5,1,502316,,,NP
sub,543611,Daniel Ortiz,0,3,9
play,5,1,502316,,,63/G,112.45,167.67
play,5,1,516429,,,K
play,5,1,572938,,,53/G,104.42,176.71
play,6,0,594896,,,K
play,6,0,475774,,,D8/L,94.38,86.35
play,6,0,571972,,,HP
play,6,0,572993,,,FC5/G.1X2(54);2-3;B-1,105.42,182.73
play,6,0,594854,,,D8/L.1-H;3-H,114.46,91.37
play,6,0,594849,,,8/F,123.49,81.33
play,6,1,595831,,,NP
sub,543859,Michael Tonkin,0,0,1
play,6,1,595831,,,8/F,117.47,89.36
play,6,1,500767,,,S3/P,167.67,159.64
play,6,1,455390,,,FC5/G.1X2(54);B-1,105.42,180.72
play,6,1,548300,,,K
play,7,0,573121,,,K
play,7,0,543611,,,9/F,185.74,117.47
play,7,0,592184,,,53/G,109.44,175.70
play,7,1,595832,,,5/PF,114.46,187.75
play,7,1,571981,,,43/G,148.59,171.69
play,7,1,502316,,,D8/F,114.46,88.35
play,7,1,516429,,,3/PF,155.62,205.82
play,8,0,594896,,,NP
sub,572995,Chris Lovett,1,5,5
play,8,0,475774,,,NP
sub,502316,Rafael Valenzuela,1,7,3
play,8,0,571972,,,NP
sub,518767,Justin Harper,1,0,1
play,8,0,594896,,,63/G,107.43,165.66
play,8,0,475774,,,S8/L,122.49,99.40
play,8,0,571972,,,63/G.1-2,108.43,166.67
play,8,0,572993,,,43/G,138.55,168.67
play,8,1,572938,,,4/P,136.55,166.67
play,8,1,595831,,,3/PF,158.63,199.80
play,8,1,500767,,,3/PF,160.64,204.82
play,9,0,594854,,,NP
sub,504333,Carlos Mojica,1,4,2
play,9,0,594849,,,NP
sub,516430,Emilio King,1,9,8
play,9,0,594854,,,D8/F,96.39,90.36
play,9,0,594849,,,43/G.2-3,139.56,170.68
play,9,0,573121,,,W
play,9,0,543611,,,S6/G.1-2;3-H,109.44,161.65
play,9,0,592184,,,K
play,9,0,594896,,,PB.1-2;2-3
play,9,0,594896,,,W
play,9,0,475774,,,8/F,115.46,85.34
play,9,1,455390,,,53/G,112.45,173.69
play,9,1,504333,,,2/PF,137.55,220.88
play,9,1,572995,,,W
play,9,1,571981,,,K
id,GreAPP201008100
info,visteam,EliAPP
info,hometeam,GreAPP
info,date,2010/08/10
start,594849,Jamaal Hawkins,0,1,4
start,573121,Nate Roberts,0,2,7
start,542455,Oswaldo Arcia,0,3,8
start,592184,Brian Burke,0,4,3
start,594896,Andy Leer,0,5,6
start,543611,Daniel Ortiz,0,6,9
start,571861,Kyle Knudson,0,7,2
start,543650,Derrick Phillips,0,8,10
start,475774,Gunner Glad,0,9,5
start,592244,Logan Darnell,0,0,1
start,500767,Ricardo Garcia,1,1,4
start,572995,Chris Lovett,1,2,5
start,548300,Chris Wallace,1,3,2
start,455390,Jhonny Medrano,1,4,10
start,595832,Marcus Nidiffer,1,5,3
start,571981,Telvin Nash,1,6,7
start,516430,Emilio King,1,7,8
start,516429,Ricardo Heredia,1,8,9
start,542605,Hector Rodriguez,1,9,6
start,592826,Vincent Velasquez,1,0,1
play,1,0,594849,,,K
play,1,0,573121,,,43/G,135.54,167.67
play,1,0,542455,,,K
play,1,1,500767,,,8/F,150.60,113.45
play,1,1,572995,,,63/G,99.40,165.66
play,1,1,548300,,,K
play,2,0,592184,,,K
play,2,0,594896,,,7/F,72.29,106.43
play,2,0,543611,,,S9/L,154.62,137.55
play,2,0,571861,,,43/G,154.62,166.67
play,2,1,455390,,,S9/G,174.70,142.57
play,2,1,595832,,,K
play,2,1,571981,,,SB2
play,2,1,571981,,,W
play,2,1,516430,,,S6/G.1-2;2-3,118.47,165.66
play,2,1,516429,,,46(1)3/GDP/G4,143.57,168.67
play,3,0,543650,,,D9/L,184.74,133.53
play,3,0,475774,,,9/F.2-3,173.69,120.48
play,3,0,594849,,,8/SF.3-H,142.57,102.41
play,3,0,573121,,,63/G,103.41,170.68
play,3,1,542605,,,S6/G,119.48,168.67
play,3,1,500767,,,13/SH.1-2,122.49,190.76
play,3,1,572995,,,13/G,127.51,184.74
play,3,1,548300,,,63/G,105.42,171.69
play,4,0,542455,,,K23
play,4,0,592184,,,S9/G,179.72,128.51
play,4,0,594896,,,6/P,100.40,162.65
play,4,0,543611,,,K
play,4,1,455390,,,53/G,101.41,178.71
play,4,1,595832,,,E5/TH.B-2,101.41,180.72
play,4,1,571981,,,FC6.2X3(65),105.42,168.67
play,4,1,516430,,,9/F,171.69,128.51
play,5,0,571861,,,3/PF,148.59,193.78
play,5,0,543650,,,W
play,5,0,475774,,,HP.1-2
play,5,0,594849,,,8/F,134.54,117.47
play,5,0,573121,,,D9/F.1-3;2-H,194.78,124.50
play,5,0,542455,,,NP
sub,518514,Garrett Bullock,1,0,1
play,5,0,542455,,,K
play,5,1,516429,,,53/G,103.41,180.72
play,5,1,542605,,,23/G,126.51,197.79
play,5,1,500767,,,E5/TH,106.43,180.72
play,5,1,572995,,,PO1(E?).1-3
play,5,1,572995,,,43/G,129.52,161.65
play,6,0,592184,,,D9/F,173.69,130.52
play,6,0,594896,,,53/G.2-3,97.39,178.71
play,6,0,543611,,,3/G,142.57,184.74
play,6,0,571861,,,7/F,71.29,102.41
play,6,1,548300,,,NP
sub,542565,Adrian Salcedo,0,0,1
play,6,1,548300,,,K
play,6,1,455390,,,53/G,97.39,181.73
play,6,1,595832,,,4/L,144.58,167.67
play,7,0,543650,,,6/P,107.43,169.68
play,7,0,475774,,,S7/F,94.38,104.42
play,7,0,594849,,,SB2
play,7,0,594849,,,6/L,113.45,175.70
play,7,0,573121,,,8/F,118.47,128.51
play,7,1,571981,,,K23
play,7,1,516430,,,63/G,103.41,163.65
play,7,1,516429,,,53/G,100.40,176.71
play,8,0,542455,,,7/F,75.30,120.48
play,8,0,592184,,,NP
sub,595224,Paul Gerrish,1,0,1
play,8,0,592184,,,9/F,207.83,97.39
play,8,0,594896,,,43/G,154.62,174.70
play,8,1,542605,,,2/G,121.49,202.81
play,8,1,500767,,,13/G,136.55,196.79
play,8,1,572995,,,1/BP,130.52,188.76
play,9,0,543611,,,W
play,9,0,571861,,,S8/G.1-2,114.46,128.51
play,9,0,543650,,,K
play,9,0,475774,,,4/P,154.62,162.65
play,9,0,594849,,,9/F,178.71,108.43
play,9,1,548300,,,E6/TH,110.44,165.66
play,9,1,455390,,,13/G.1-2,121.49,194.78
play,9,1,595832,,,3/PF,153.61,206.83
play,9,1,571981,,,9/F,144.58,103.41
id,GreAPP201008110
info,visteam,EliAPP
info,hometeam,GreAPP
info,date,2010/08/11
start,594849,Jamaal Hawkins,0,1,6
start,573121,Nate Roberts,0,2,10
start,542455,Oswaldo Arcia,0,3,9
start,592184,Brian Burke,0,4,3
start,594896,Andy Leer,0,5,5
start,543611,Daniel Ortiz,0,6,7
start,571861,Kyle Knudson,0,7,2
start,572993,Nick Lockwood,0,8,4
start,594854,Brandon Henderson,0,9,8
start,543908,Blayne Weller,0,0,1
start,595831,Jonathan Merritt,1,1,6
start,542165,Pedro Feliz,1,2,4
start,455390,Jhonny Medrano,1,3,10
start,548300,Chris Wallace,1,4,2
start,595832,Marcus Nidiffer,1,5,3
start,571981,Telvin Nash,1,6,7
start,502316,Rafael Valenzuela,1,7,5
start,516430,Emilio King,1,8,9
start,572938,Ryan Humphrey,1,9,8
start,592314,Michael Foltynewicz,1,0,1
play,1,0,594849,,,63/G,118.47,153.61
play,1,0,573121,,,5/L,110.44,179.72
play,1,0,542455,,,K
play,1,1,595831,,,43/G,136.55,153.61
play,1,1,542165,,,S6/G,105.42,154.62
play,1,1,455390,,,SB2;1-3(E2)(E2/TH)
play,1,1,455390,,,K
play,1,1,548300,,,K23
play,2,0,592184,,,43/G,136.55,152.61
play,2,0,594896,,,13/G,121.49,184.74
play,2,0,543611,,,HP
play,2,0,571861,,,3/G,154.62,170.68
play,2,1,595832,,,8/F,90.36,77.31
play,2,1,571981,,,S8/G,119.48,75.30
play,2,1,502316,,,D7/L.1-H,43.17,105.42
play,2,1,516430,,,WP.2-3
play,2,1,516430,,,S9/L.3-H,169.68,126.51
play,2,1,572938,,,S8/L.1-2,140.56,75.30
play,2,1,595831,,,T7/L.1-H;2-H,43.17,92.37
play,2,1,542165,,,W
play,2,1,455390,,,K
play,2,1,548300,,,K
play,3,0,572993,,,63/G,122.49,156.63
play,3,0,594854,,,S7/L,76.31,102.41
play,3,0,594849,,,FC6/G.1X2(64);B-1,110.44,158.63
play,3,0,573121,,,W.1-2
play,3,0,542455,,,K
play,3,1,595832,,,53/G,102.41,170.68
play,3,1,571981,,,D9/F,166.67,119.48
play,3,1,502316,,,43/G.2-3,133.53,155.62
play,3,1,516430,,,63/G,116.47,155.62
play,4,0,592184,,,K
play,4,0,594896,,,9/F,166.67,84.34
play,4,0,543611,,,9/F,158.63,95.38
play,4,1,572938,,,53/G,99.40,171.69
play,4,1,595831,,,W
play,4,1,542165,,,K
play,4,1,455390,,,5/P,111.45,176.71
play,5,0,571861,,,K
play,5,0,572993,,,6/P,115.46,146.59
play,5,0,594854,,,4/P,153.61,156.63
play,5,1,548300,,,9/F,167.67,96.39
play,5,1,595832,,,NP
sub,493556,David Gutierrez,0,0,1
play,5,1,595832,,,8/F,113.45,74.30
play,5,1,571981,,,K
play,6,0,594849,,,NP
sub,500764,Jeiler Castillo,1,0,1
play,6,0,594849,,,W
play,6,0,573121,,,S9/L.1-2,173.69,105.42
play,6,0,542455,,,S8/L.1-2;2-3,106.43,101.41
play,6,0,592184,,,FC5/G.1-2;2X3(5);3-H;B-1,99.40,170.68
play,6,0,594896,,,5(2)3/G5/GDP,105.42,175.70
play,6,1,502316,,,D8/F,105.42,71.29
play,6,1,516430,,,S9/L.2-3,154.62,93.37
play,6,1,572938,,,53/G.1-2;3-H,99.40,168.67
play,6,1,595831,,,13/G,126.51,188.76
play,6,1,542165,,,W
play,6,1,455390,,,5/PF,84.34,188.76
play,7,0,543611,,,D8/L,122.49,73.29
play,7,0,571861,,,D8/F.2-H,125.50,60.24
play,7,0,572993,,,S9/L.2-3,159.64,100.40
play,7,0,594854,,,NP
sub,572173,Brian Streilein,1,0,1
play,7,0,594854,,,FC4/G.1X2(46);3-H;B-1,143.57,153.61
play,7,0,594849,,,K
play,7,0,573121,,,43/G,142.57,157.63
play,7,1,548300,,,63/G,113.45,148.59
play,7,1,595832,,,T8/F,114.46,52.21
play,7,1,571981,,,K
play,7,1,502316,,,9/F,175.70,82.33
play,8,0,542455,,,K
play,8,0,592184,,,63/G,109.44,145.58
play,8,0,594896,,,S5/G,101.41,170.68
play,8,0,543611,,,HR/F.1-H,201.81,57.23
play,8,0,571861,,,S6/G,110.44,147.59
play,8,0,572993,,,53/G,104.42,168.67
play,8,1,516430,,,NP
sub,542561,Jose Gonzalez,0,0,1
play,8,1,516430,,,53/G,115.46,174.70
play,8,1,572938,,,K
play,8,1,595831,,,S7/G,53.21,103.41
play,8,1,542165,,,9/F,155.62,81.33
play,9,0,594854,,,NP
sub,592225,Ryan Cole,1,0,1
play,9,0,594854,,,13/G,124.50,190.76
play,9,0,594849,,,D8/L,103.41,66.27
play,9,0,573121,,,43/G.2-3,137.55,155.62
play,9,0,542455,,,IW
play,9,0,592184,,,K
play,9,1,455390,,,K
play,9,1,548300,,,K
play,9,1,595832,,,HP
play,9,1,571981,,,3/PF,174.70,172.69
play,10,0,594896,,,S7/G,106.43,98.39
play,10,0,543611,,,S8/G.1-2,130.52,71.29
play,10,0,571861,,,3/LF,161.65,184.74
play,10,0,572993,,,FC5/G.1X2(54);2-3;B-1,105.42,165.66
play,10,0,594854,,,FC6/G.1X2(64),108.43,144.58
play,10,1,502316,,,3/G,143.57,163.65
play,10,1,516430,,,HR/F,118.47,33.13
id,GreAPP201008220
info,visteam,PriAPP
info,hometeam,GreAPP
info,date,2010/08/22
start,517028,Cesar Guillen,0,1,7
start,571711,Todd Glaesmann,0,2,8
start,581660,Scott Lawson,0,3,5
start,572853,Bryan Fogle,0,4,10
start,501675,Ruben Contreras,0,5,9
start,553889,Hector Guevara,0,6,4
start,545349,Jeff Malm,0,7,3
start,517021,Gerardo Olivares,0,8,2
start,541653,Felix Gonzalez,0,9,6
start,517014,Victor Mateo,0,0,1
start,592261,Delino DeShieldsJr.,1,1,8
start,595831,Jonathan Merritt,1,2,6
start,455390,Jhonny Medrano,1,3,10
start,571981,Telvin Nash,1,4,7
start,502316,Rafael Valenzuela,1,5,3
start,592629,Roberto Pena,1,6,2
start,516430,Emilio King,1,7,9
start,572995,Chris Lovett,1,8,4
start,542605,Hector Rodriguez,1,9,5
start,595798,Ruben Alaniz,1,0,1
play,1,0,517028,,,53/G,104.42,176.71
play,1,0,571711,,,K
play,1,0,581660,,,13/G,122.49,197.79
play,1,1,592261,,,K
play,1,1,595831,,,6/P,110.44,166.67
play,1,1,455390,,,W
play,1,1,571981,,,7/F,79.32,123.49
play,2,0,572853,,,D9/L,173.69,136.55
play,2,0,501675,,,E4.2-3,138.55,167.67
play,2,0,553889,,,3/G.1-2;3-H,143.57,177.71
play,2,0,545349,,,S6/G,106.43,171.69
play,2,0,517021,,,S8/G.1-2;2-3,129.52,125.50
play,2,0,541653,,,K
play,2,0,517028,,,9/F,162.65,129.52
play,2,1,502316,,,S8/L,123.49,119.48
play,2,1,592629,,,SB2
play,2,1,592629,,,S8/G.2-H,112.45,124.50
play,2,1,516430,,,S8/L.1-2,121.49,116.47
play,2,1,572995,,,8/F,109.44,104.42
play,2,1,542605,,,6(1)3/G6/GDP,111.45,165.66
play,3,0,571711,,,K
play,3,0,581660,,,63/G,99.40,166.67
play,3,0,572853,,,K
play,3,1,592261,,,D9/F,170.68,107.43
play,3,1,595831,,,HP
play,3,1,455390,,,SB3
play,3,1,455390,,,SB2
play,3,1,455390,,,W
play,3,1,571981,,,D9/L.1-3;2-H;3-H,160.64,98.39
play,3,1,502316,,,NP
sub,572015,Jacob Partridge,0,0,1
play,3,1,502316,,,WP.2-3;3-H
play,3,1,502316,,,K
play,3,1,592629,,,K
play,3,1,516430,,,WP.3-H
play,3,1,516430,,,W
play,3,1,572995,,,3/PF,148.59,203.82
play,4,0,501675,,,4/L,151.61,171.69
play,4,0,553889,,,43/G,144.58,165.66
play,4,0,545349,,,S4/G,136.55,164.66
play,4,0,517021,,,8/F,131.53,92.37
play,4,1,542605,,,S9/L,159.64,141.57
play,4,1,592261,,,K
play,4,1,595831,,,9/F,161.65,120.48
play,4,1,455390,,,K26
play,5,0,541653,,,K
play,5,0,517028,,,9/F,166.67,119.48
play,5,0,571711,,,63/G,103.41,167.67
play,5,1,571981,,,K
play,5,1,502316,,,4/P,145.58,163.65
play,5,1,592629,,,53/G,106.43,177.71
play,6,0,581660,,,NP
sub,595224,Paul Gerrish,1,0,1
play,6,0,581660,,,E6,108.43,168.67
play,6,0,572853,,,S7/G.1-2,85.34,131.53
play,6,0,501675,,,FC4/G.1X2(46);2-H;B-1(E6/TH),145.58,171.69
play,6,0,553889,,,S5/G.1-2,103.41,176.71
play,6,0,545349,,,S7/L.1-2;2-3,74.30,125.50
play,6,0,517021,,,NP
sub,592225,Ryan Cole,1,0,1
play,6,0,517021,,,K
play,6,0,541653,,,43/G,143.57,172.69
play,6,1,516430,,,D8/L,115.46,86.35
play,6,1,572995,,,K
play,6,1,542605,,,K
play,6,1,592261,,,K
play,7,0,517028,,,53/G,107.43,173.69
play,7,0,571711,,,K
play,7,0,581660,,,31/G,142.57,177.71
play,7,1,595831,,,43/G,147.59,170.68
play,7,1,455390,,,63/G,110.44,167.67
play,7,1,571981,,,K
play,8,0,572853,,,K
play,8,0,501675,,,K
play,8,0,553889,,,K
play,8,1,502316,,,NP
sub,548381,Shane Minks,0,0,1
play,8,1,502316,,,63/G,104.42,167.67
play,8,1,592629,,,K
play,8,1,516430,,,43/G,137.55,165.66
play,9,0,545349,,,NP
sub,516429,Ricardo Heredia,1,4,7
play,9,0,517021,,,NP
sub,572173,Brian Streilein,1,0,1
play,9,0,545349,,,53/G,101.41,173.69
play,9,0,517021,,,S8/G,121.49,103.41
play,9,0,541653,,,16(1)3/GDP/G1,129.52,194.78
id,GreAPP201008230
info,visteam,PriAPP
info,hometeam,GreAPP
info,date,2010/08/23
start,517028,Cesar Guillen,0,1,7
start,571711,Todd Glaesmann,0,2,8
start,581660,Scott Lawson,0,3,5
start,572853,Bryan Fogle,0,4,10
start,596313,Kyle Holloway,0,5,2
start,553889,Hector Guevara,0,6,4
start,545349,Jeff Malm,0,7,3
start,501675,Ruben Contreras,0,8,9
start,596335,Brian Harris,0,9,6
start,544836,Enny Romero,0,0,1
start,592261,Delino DeShieldsJr.,1,1,8
start,595831,Jonathan Merritt,1,2,6
start,455390,Jhonny Medrano,1,3,10
start,571981,Telvin Nash,1,4,7
start,502316,Rafael Valenzuela,1,5,3
start,504333,Carlos Mojica,1,6,2
start,516430,Emilio King,1,7,9
start,500767,Ricardo Garcia,1,8,4
start,542605,Hector Rodriguez,1,9,5
start,542170,Ricardo Batista,1,0,1
play,1,0,517028,,,4/P,144.58,166.67
play,1,0,571711,,,53/G,113.45,181.73
play,1,0,581660,,,S9/L,177.71,140.56
play,1,0,572853,,,8/F,127.51,105.42
play,1,1,592261,,,9/F,196.79,112.45
play,1,1,595831,,,63/G,106.43,159.64
play,1,1,455390,,,D7/L,53.21,115.46
play,1,1,571981,,,SB3.2-H(E2/TH)
play,1,1,571981,,,S9/G,38.63,157.15
play,1,1,502316,,,43/G,134.54,167.67
play,2,0,596313,,,K
play,2,0,553889,,,4/P,142.57,161.65
play,2,0,545349,,,W
play,2,0,501675,,,7/F,68.27,125.50
play,2,1,504333,,,63/G,116.47,157.63
play,2,1,516430,,,K
play,2,1,500767,,,63/G,111.45,165.66
play,3,0,596335,,,4/P,140.56,166.67
play,3,0,517028,,,63/G,110.44,157.63
play,3,0,571711,,,63/G,112.45,159.64
play,3,1,542605,,,53/G,103.41,180.72
play,3,1,592261,,,63/G,107.43,163.65
play,3,1,595831,,,T8/L,80.32,74.30
play,3,1,455390,,,W
play,3,1,571981,,,13/G,129.52,192.77
play,4,0,581660,,,HP
play,4,0,572853,,,64(1)3/GDP/G6,107.43,163.65
play,4,0,596313,,,W
play,4,0,553889,,,D8/F.1-H,130.52,66.27
play,4,0,545349,,,WP.2-3
play,4,0,545349,,,K
play,4,1,502316,,,13/G,129.52,190.76
play,4,1,504333,,,63/G,113.45,164.66
play,4,1,516430,,,K
play,5,0,501675,,,HR/F,31.12,61.24
play,5,0,596335,,,2/PF,120.48,222.89
play,5,0,517028,,,63/G,105.42,163.65
play,5,0,571711,,,W
play,5,0,581660,,,S2/BG.1-3(E2)(E2/TH),129.52,197.79
play,5,0,572853,,,SB2(E2/TH);3-H(E2/TH)
play,5,0,572853,,,43/G,32.62,164.06
play,5,1,500767,,,S7/G,76.31,132.53
play,5,1,542605,,,14(1)3/GDP/G1,128.51,188.76
play,5,1,592261,,,S8/G,143.57,106.43
play,5,1,595831,,,43/G,135.54,164.66
play,6,0,596313,,,8/F,124.50,80.32
play,6,0,553889,,,9/F,197.79,117.47
play,6,0,545349,,,S9/G,173.69,143.57
play,6,0,501675,,,K
play,6,1,455390,,,K
play,6,1,571981,,,S9/L,167.67,132.53
play,6,1,502316,,,FC4/G.1X2(46);B-1,141.57,165.66
play,6,1,504333,,,NP
sub,592677,C. J. Riefenhauser,0,0,1
play,6,1,504333,,,63/G,117.47,165.66
play,7,0,596335,,,NP
sub,517328,Angel Gonzalez,1,0,1
play,7,0,596335,,,W
play,7,0,517028,,,W.1-2
play,7,0,571711,,,9/F.?X?(93),176.71,136.55
play,7,0,581660,,,3/G,140.56,178.71
play,7,1,516430,,,K
play,7,1,500767,,,43/G,138.55,163.65
play,7,1,542605,,,K
play,8,0,572853,,,NP
sub,574988,Philip Rorabaugh,1,0,1
play,8,0,572853,,,HP
play,8,0,596313,,,K
play,8,0,553889,,,6/P,107.43,163.65
play,8,0,545349,,,SB2
play,8,0,545349,,,7/F,70.28,113.45
play,8,1,592261,,,K
play,8,1,595831,,,2/PF,115.46,218.88
play,8,1,455390,,,D9/F,196.79,120.48
play,8,1,571981,,,HR/F.2-H,126.51,21.08
play,8,1,502316,,,W
play,8,1,504333,,,13/G,127.51,188.76
play,9,0,501675,,,D8/F,122.49,69.28
play,9,0,596335,,,NP
sub,518514,Garrett Bullock,1,0,1
play,9,0,596335,,,53/G,106.43,176.71
play,9,0,517028,,,K
play,9,0,571711,,,PB.2-3
play,9,0,571711,,,K
play,9,1,516430,,,7/F,68.27,103.41
play,9,1,500767,,,43/G,134.54,159.64
play,9,1,542605,,,S9/L,173.69,144.58
play,9,1,592261,,,SB2;1-3(E2)(E2/TH)
play,9,1,592261,,,W
play,9,1,595831,,,NP
sub,596333,Matthew Gilson,0,0,1
play,9,1,595831,,,DI.1-2
play,9,1,595831,,,43/G,138.55,162.65
play,10,0,581660,,,S7/F,64.26,121.49
play,10,0,572853,,,K
play,10,0,596313,,,S9/G.1X3(96),166.67,138.55
play,10,0,553889,,,NP
sub,595281,Kevin Kiermaier,0,5,12
play,10,0,553889,,,S8/L.1-3,103.41,91.37
play,10,0,545349,,,K
play,10,1,455390,,,NP
sub,517021,Gerardo Olivares,0,5,2
play,10,1,455390,,,K
play,10,1,571981,,,63/G,115.46,167.67
play,10,1,502316,,,63/G,105.42,167.67
play,11,0,501675,,,8/F,131.53,71.29
play,11,0,596335,,,53/G,109.44,175.70
play,11,0,517028,,,W
play,11,0,571711,,,S4/G.1-2,132.53,159.64
play,11,0,581660,,,8/F,124.50,78.31
play,11,1,504333,,,9/F,172.69,129.52
play,11,1,516430,,,K
play,11,1,500767,,,4/P,139.56,161.65
play,12,0,572853,,,NP
sub,500764,Jeiler Castillo,1,0,1
play,12,0,572853,,,HR/L,32.13,71.29
play,12,0,517021,,,9/F,200.80,118.47
play,12,0,553889,,,63/G,104.42,160.64
play,12,0,545349,,,7/F,88.35,110.44
play,12,1,542605,,,63/G,111.45,157.63
play,12,1,592261,,,S7/L,65.26,126.51
play,12,1,595831,,,9/F,176.71,127.51
play,12,1,455390,,,WP.1-3(E2)(E2/TH)
play,12,1,455390,,,K
id,GreAPP201008240
info,visteam,PriAPP
info,hometeam,GreAPP
info,date,2010/08/24
start,553889,Hector Guevara,0,1,4
start,571711,Todd Glaesmann,0,2,8
start,581660,Scott Lawson,0,3,5
start,572853,Bryan Fogle,0,4,10
start,517028,Cesar Guillen,0,5,7
start,541660,Alejandro Segovia,0,6,2
start,545349,Jeff Malm,0,7,3
start,501675,Ruben Contreras,0,8,9
start,541653,Felix Gonzalez,0,9,6
start,542316,Braulio Lara,0,0,1
start,592261,Delino DeShieldsJr.,1,1,8
start,595831,Jonathan Merritt,1,2,6
start,455390,Jhonny Medrano,1,3,10
start,571981,Telvin Nash,1,4,7
start,502316,Rafael Valenzuela,1,5,3
start,592629,Roberto Pena,1,6,2
start,500767,Ricardo Garcia,1,7,4
start,516429,Ricardo Heredia,1,8,9
start,542605,Hector Rodriguez,1,9,5
start,592826,Vincent Velasquez,1,0,1
play,1,0,553889,,,D8/F,110.44,55.22
play,1,0,571711,,,63/G,115.46,167.67
play,1,0,581660,,,7/F,61.24,128.51
play,1,0,572853,,,8/F,118.47,93.37
play,1,1,592261,,,S8/L,124.50,132.53
play,1,1,595831,,,PB.1-2
play,1,1,595831,,,W
play,1,1,455390,,,4/P,137.55,159.64
play,1,1,571981,,,W.1-2;2-3
play,1,1,502316,,,5/L,108.43,184.74
play,1,1,592629,,,E6.1-3;2-H;3-H,115.46,157.63
play,1,1,500767,,,FC6/G.1X2(64),111.45,172.69
play,2,0,517028,,,HR/F,41.16,82.33
play,2,0,541660,,,S7/G,79.32,147.59
play,2,0,545349,,,64(1)3/GDP/G6,113.45,169.68
play,2,0,501675,,,S9/G,159.64,139.56
play,2,0,541653,,,43/G,138.55,167.67
play,2,1,516429,,,S7/G,90.36,153.61
play,2,1,542605,,,2/G(BATINT),125.50,207.83
play,2,1,592261,,,8/F,109.44,92.37
play,2,1,595831,,,FC6/G.1X2(6),114.46,164.66
play,3,0,553889,,,6/L,112.45,167.67
play,3,0,571711,,,2/PF,128.51,221.89
play,3,0,581660,,,8/F,116.47,84.34
play,3,1,455390,,,K23
play,3,1,571981,,,13/G,125.50,191.77
play,3,1,502316,,,7/F,69.28,123.49
play,4,0,572853,,,8/F,123.49,95.38
play,4,0,517028,,,53/G,107.43,177.71
play,4,0,541660,,,NP
sub,572142,Travis Smink,1,0,1
play,4,0,541660,,,D9/F,180.72,83.33
play,4,0,545349,,,43/G,140.56,172.69
play,4,1,592629,,,8/F,127.51,98.39
play,4,1,500767,,,13/BG,130.52,192.77
play,4,1,516429,,,K
play,5,0,501675,,,S8/L,126.51,133.53
play,5,0,541653,,,34/SH.1-2,137.55,191.77
play,5,0,553889,,,7/F,79.32,136.55
play,5,0,571711,,,13/G,124.50,194.78
play,5,1,542605,,,7/F,75.30,128.51
play,5,1,592261,,,K23
play,5,1,595831,,,K
play,6,0,581660,,,S7/F,89.36,147.59
play,6,0,572853,,,K+CS2
play,6,0,517028,,,S8/L.B-2(E8),117.47,128.51
play,6,0,541660,,,PB.2XH(25)
play,6,0,541660,,,PB
play,6,1,455390,,,43/G,142.57,171.69
play,6,1,571981,,,W
play,6,1,502316,,,43/G.1-2,139.56,174.70
play,6,1,592629,,,K
play,7,0,541660,,,43/G,140.56,167.67
play,7,0,545349,,,53/G,104.42,181.73
play,7,0,501675,,,K
play,7,1,500767,,,NP
sub,592434,George Jensen,0,0,1
play,7,1,500767,,,8/F,118.47,94.38
play,7,1,516429,,,3/PF,150.60,193.78
play,7,1,542605,,,S8/G,120.48,137.55
play,7,1,592261,,,9/F,181.73,107.43
play,8,0,541653,,,K
play,8,0,553889,,,NP
sub,572173,Brian Streilein,1,0,1
play,8,0,553889,,,S8/L,121.49,144.58
play,8,0,571711,,,S9/G.1-2,167.67,143.57
play,8,0,581660,,,W.1-2;2-3
play,8,0,572853,,,K
play,8,0,517028,,,63/G,119.48,165.66
play,8,1,595831,,,63/G,114.46,169.68
play,8,1,455390,,,3/PF,148.59,200.80
play,8,1,571981,,,K
play,9,0,541660,,,NP
sub,516430,Emilio King,1,4,9
play,9,0,545349,,,NP
sub,516429,Ricardo Heredia,1,8,7
play,9,0,541660,,,63/G,112.45,162.65
play,9,0,545349,,,K
play,9,0,501675,,,43/G,137.55,171.69
id,GreAPP201008250
info,visteam,DanAPP
info,hometeam,GreAPP
info,date,2010/08/25
start,592743,Andrelton Simmons,0,1,6
start,554239,Elmer Reyes,0,2,4
start,594886,Barrett Kleinknecht,0,3,5
start,594828,Evan Gattis,0,4,10
start,571599,Jakob Dalfonso,0,5,3
start,595176,Ryan Delgado,0,6,2
start,594935,Jason Mowry,0,7,8
start,598878,Keenan Wiley,0,8,9
start,594819,Kenny Fleming,0,9,7
start,542201,Ronan Pacheco,0,0,1
start,592261,Delino DeShields,1,1,10
start,595831,Jonathan Merritt,1,2,6
start,502316,Rafael Valenzuela,1,3,3
start,571981,Telvin Nash,1,4,7
start,592629,Roberto Pena,1,5,2
start,500767,Ricardo Garcia,1,6,4
start,516430,Emilio King,1,7,9
start,572938,Ryan Humphrey,1,8,8
start,542605,Hector Rodriguez,1,9,5
start,542300,Euris Quezada,1,0,1
play,1,0,592743,,,S9/F,170.68,137.55
play,1,0,554239,,,SB2
play,1,0,554239,,,53/G.2-3,105.42,186.75
play,1,0,594886,,,WP.3-H
play,1,0,594886,,,9/F,190.76,123.49
play,1,0,594828,,,63/G,114.46,181.73
play,1,1,592261,,,63/G,113.45,176.71
play,1,1,595831,,,9/F,174.70,126.51
play,1,1,502316,,,S9/L,173.69,134.54
play,1,1,571981,,,K
play,2,0,571599,,,43/G,138.55,173.69
play,2,0,595176,,,K
play,2,0,594935,,,K
play,2,1,592629,,,43/G,142.57,173.69
play,2,1,500767,,,W
play,2,1,516430,,,46(1)3/GDP/G4,142.57,177.71
play,3,0,598878,,,D9/L,192.77,124.50
play,3,0,594819,,,2/BPF,121.49,220.88
play,3,0,592743,,,BK.2-3
play,3,0,592743,,,HP
play,3,0,554239,,,CSH;.1-2
play,3,0,554239,,,S8/G.2-H;B-2,121.49,114.46
play,3,0,594886,,,63/G,106.43,174.70
play,3,1,572938,,,9/F,176.71,126.51
play,3,1,542605,,,D8/F,122.49,90.36
play,3,1,592261,,,E5.2X3,104.42,183.73
play,3,1,595831,,,CS2
play,4,0,594828,,,7/F,72.29,129.52
play,4,0,571599,,,S8/G,121.49,118.47
play,4,0,595176,,,HR/F.1-H,32.13,60.24
play,4,0,594935,,,S9/L,177.71,141.57
play,4,0,598878,,,S7/G.1-3,77.31,142.57
play,4,0,594819,,,63/G.1-2;3-H,109.44,179.72
play,4,0,592743,,,7/F,71.29,130.52
play,4,1,595831,,,K23
play,4,1,502316,,,S5/BG,108.43,189.76
play,4,1,571981,,,K
play,4,1,592629,,,FC6/G.1X2(64),107.43,178.71
play,5,0,554239,,,8/F,127.51,107.43
play,5,0,594886,,,S7/G,84.34,137.55
play,5,0,594828,,,S7/G.1-2,90.36,144.58
play,5,0,571599,,,NP
sub,592651,Rodney Quintero,1,0,1
play,5,0,571599,,,S9/G.1-2;2-3,176.71,134.54
play,5,0,595176,,,S7/G.1-2;2-3;3-H,78.31,137.55
play,5,0,594935,,,S9/G.1-2;2XH;3-H,168.67,134.54
play,5,0,598878,,,53/G,107.43,182.73
play,5,1,500767,,,W
play,5,1,516430,,,54(1)3/GDP/G5,105.42,185.74
play,5,1,572938,,,S9/L,166.67,140.56
play,5,1,542605,,,K
play,6,0,594819,,,W
play,6,0,592743,,,S7/G.1-2,81.33,136.55
play,6,0,554239,,,K
play,6,0,594886,,,FC4/G.1X2(46);2-3;B-1,138.55,168.67
play,6,0,594828,,,K
play,6,1,592261,,,S8/L,130.52,111.45
play,6,1,595831,,,SB2
play,6,1,595831,,,43/G.2-3,140.56,176.71
play,6,1,502316,,,3/G.3-H,143.57,184.74
play,6,1,571981,,,S9/L.B-2(E9),191.77,128.51
play,6,1,592629,,,WP.2-3
play,6,1,592629,,,53/G,106.43,182.73
play,7,0,571599,,,NP
sub,517328,Angel Gonzalez,1,0,1
play,7,0,571599,,,S8/L,128.51,104.42
play,7,0,595176,,,K
play,7,0,594935,,,S7/L.1-2,77.31,133.53
play,7,0,598878,,,S7/G.1-2;2-3,85.34,139.56
play,7,0,594819,,,63/G.1-2;2-3;3-H,115.46,177.71
play,7,0,592743,,,S8/F.2-H;3-H,132.53,115.46
play,7,0,554239,,,PB.1-2
play,7,0,554239,,,K
play,7,1,500767,,,W
play,7,1,516430,,,9/F,164.66,137.55
play,7,1,572938,,,WP.1-2
play,7,1,572938,,,K
play,7,1,542605,,,K
play,8,0,594886,,,2/P,124.50,204.82
play,8,0,594828,,,S9/L,177.71,119.48
play,8,0,571599,,,K
play,8,0,595176,,,D8/F.1-3,130.52,59.24
play,8,0,594935,,,43/G,140.56,177.71
play,8,1,592261,,,NP
sub,506692,Danilo Alvarez,0,0,1
play,8,1,592261,,,K
play,8,1,595831,,,NP
sub,572995,Chris Lovett,1,2,11
play,8,1,572995,,,43/G,132.53,174.70
play,8,1,502316,,,7/F,71.29,126.51
play,9,0,598878,,,NP
sub,572995,Chris Lovett,1,2,6
play,9,0,594819,,,NP
sub,518767,Justin Harper,1,0,1
play,9,0,598878,,,S9/G,171.69,141.57
play,9,0,594819,,,64(1)3/GDP/G6,109.44,173.69
play,9,0,592743,,,T7/F,54.22,103.41
play,9,0,554239,,,9/F,167.67,125.50
play,9,1,571981,,,W
play,9,1,592629,,,K
play,9,1,500767,,,S9/L.1-2,183.73,123.49
play,9,1,516430,,,K
play,9,1,572938,,,WP.1-2;2-3
play,9,1,572938,,,K
id,GreAPP201008260
info,visteam,DanAPP
info,hometeam,GreAPP
info,date,2010/08/26
start,592743,Andrelton Simmons,0,1,6
start,554239,Elmer Reyes,0,2,4
start,594886,Barrett Kleinknecht,0,3,5
start,594828,Evan Gattis,0,4,2
start,571599,Jakob Dalfonso,0,5,3
start,595176,Ryan Delgado,0,6,10
start,594935,Jason Mowry,0,7,8
start,598878,Keenan Wiley,0,8,9
start,594819,Kenny Fleming,0,9,7
start,543146,Kyle Farrell,0,0,1
start,592261,Delino DeShields,1,1,8
start,595831,Jonathan Merritt,1,2,6
start,502316,Rafael Valenzuela,1,3,3
start,571981,Telvin Nash,1,4,7
start,592629,Roberto Pena,1,5,2
start,500767,Ricardo Garcia,1,6,4
start,572995,Chris Lovett,1,7,10
start,516430,Emilio King,1,8,9
start,542605,Hector Rodriguez,1,9,5
start,592314,Michael Foltynewicz,1,0,1
play,1,0,592743,,,HP
play,1,0,554239,,,64(1)3/GDP/G6,134.54,171.69
play,1,0,594886,,,53/G,113.45,185.74
play,1,1,592261,,,4/L,137.55,171.69
play,1,1,595831,,,T8/F,120.48,97.39
play,1,1,502316,,,WP.3-H
play,1,1,502316,,,S5/G,104.42,179.72
play,1,1,571981,,,K
play,1,1,592629,,,63/G,109.44,176.71
play,2,0,594828,,,K
play,2,0,571599,,,9/F,214.86,108.43
play,2,0,595176,,,S8/L,109.44,98.39
play,2,0,594935,,,E6.1-3,111.45,175.70
play,2,0,598878,,,S8/G.1-2;3-H,126.51,126.51
play,2,0,594819,,,63/G,115.46,170.68
play,2,1,500767,,,T9/L,173.69,112.45
play,2,1,572995,,,7/SF.3-H,85.34,81.33
play,2,1,516430,,,7/F,74.30,117.47
play,2,1,542605,,,K
play,3,0,592743,,,S8/G,127.51,92.37
play,3,0,554239,,,PO1(?3)
play,3,0,554239,,,E4/TH.B-2,144.58,171.69
play,3,0,594886,,,63/G.2-3,109.44,175.70
play,3,0,594828,,,53/G,112.45,187.75
play,3,1,592261,,,S8/L,142.57,94.38
play,3,1,595831,,,64(1)3/GDP/G6,106.43,175.70
play,3,1,502316,,,D9/G,98.71,124.34
play,3,1,571981,,,7/F,105.42,101.41
play,4,0,571599,,,W
play,4,0,595176,,,S8/G.1-2,123.49,93.37
play,4,0,594935,,,4(1)3/G4/GDP.2-3,128.51,175.70
play,4,0,598878,,,63/G,105.42,171.69
play,4,1,592629,,,K
play,4,1,500767,,,13/G,129.52,198.80
play,4,1,572995,,,K
play,5,0,594819,,,31/G,143.57,182.73
play,5,0,592743,,,63/G,111.45,168.67
play,5,0,554239,,,63/G,111.45,172.69
play,5,1,516430,,,63/G,122.49,171.69
play,5,1,542605,,,43/G,141.57,173.69
play,5,1,592261,,,K
play,6,0,594886,,,NP
sub,518514,Garrett Bullock,1,0,1
play,6,0,594886,,,S4/P,139.56,168.67
play,6,0,594828,,,K
play,6,0,571599,,,43/G.1-2,133.53,173.69
play,6,0,595176,,,S7/G.2-H,60.24,113.45
play,6,0,594935,,,W.1-2
play,6,0,598878,,,K
play,6,1,595831,,,S8/L,121.49,99.40
play,6,1,502316,,,7/F,92.37,111.45
play,6,1,571981,,,9/F,190.76,115.46
play,6,1,592629,,,S8/L.1-3,159.64,89.36
play,6,1,500767,,,K
play,7,0,594819,,,S5/G.B-2(E5/TH),110.44,184.74
play,7,0,592743,,,NP
sub,592225,Ryan Cole,1,0,1
play,7,0,592743,,,CS3
play,7,0,592743,,,E6,105.42,171.69
play,7,0,554239,,,6(1)3/G6/GDP,111.45,173.69
play,7,1,572995,,,NP
sub,592741,Chasen Shreve,0,0,1
play,7,1,572995,,,63/G,108.43,173.69
play,7,1,516430,,,K
play,7,1,542605,,,S9/L,148.59,120.48
play,7,1,592261,,,S9/L.1-2,163.65,116.47
play,7,1,595831,,,K
play,8,0,594886,,,S7/G,70.28,119.48
play,8,0,594828,,,7/F,82.33,114.46
play,8,0,571599,,,S9/G.1-3,175.70,125.50
play,8,0,595176,,,E1/TH.1-H;3-H;B-2,119.48,197.79
play,8,0,594935,,,8/F,144.58,93.37
play,8,0,598878,,,S8/G.2-H,129.52,90.36
play,8,0,594819,,,SB2
play,8,0,594819,,,E7.2-H,104.42,124.50
play,8,0,592743,,,SB2
play,8,0,592743,,,1/P,123.49,182.73
play,8,1,502316,,,63/G,112.45,169.68
play,8,1,571981,,,K23
play,8,1,592629,,,S7/L,100.40,110.44
play,8,1,500767,,,K
play,9,0,554239,,,NP
sub,571585,Jamaine Cotton,1,0,1
play,9,0,554239,,,9/F,143.57,106.43
play,9,0,594886,,,S7/F,105.42,103.41
play,9,0,594828,,,PB.1-2
play,9,0,594828,,,K
play,9,0,571599,,,S8/G.2-H,164.66,98.39
play,9,0,595176,,,43/G,139.56,170.68
play,9,1,572995,,,NP
sub,597491,Nate Russ,0,0,1
play,9,1,572995,,,63/G,108.43,181.73
play,9,1,516430,,,13/G,128.51,195.78
play,9,1,542605,,,23/G,129.52,199.80
id,GreAPP201008270
info,visteam,DanAPP
info,hometeam,GreAPP
info,date,2010/08/27
start,592743,Andrelton Simmons,0,1,6
start,554239,Elmer Reyes,0,2,4
start,594886,Barrett Kleinknecht,0,3,5
start,594828,Evan Gattis,0,4,10
start,571599,Jakob Dalfonso,0,5,3
start,595176,Ryan Delgado,0,6,2
start,594935,Jason Mowry,0,7,8
start,598878,Keenan Wiley,0,8,9
start,594819,Kenny Fleming,0,9,7
start,598866,Blaine Sims,0,0,1
start,592261,Delino DeShieldsJr.,1,1,8
start,595831,Jonathan Merritt,1,2,6
start,502316,Rafael Valenzuela,1,3,3
start,571981,Telvin Nash,1,4,7
start,592629,Roberto Pena,1,5,2
start,500767,Ricardo Garcia,1,6,4
start,572995,Chris Lovett,1,7,10
start,516430,Emilio King,1,8,9
start,542605,Hector Rodriguez,1,9,5
start,595798,Ruben Alaniz,1,0,1
play,1,0,592743,,,6/P,112.45,164.66
play,1,0,554239,,,4/P,132.53,159.64
play,1,0,594886,,,8/L,127.51,94.38
play,1,1,592261,,,K
play,1,1,595831,,,53/G,106.43,177.71
play,1,1,502316,,,7/F,62.25,127.51
play,2,0,594828,,,K
play,2,0,571599,,,43/G,135.54,172.69
play,2,0,595176,,,S5/G,108.43,191.77
play,2,0,594935,,,9/L,166.67,116.47
play,2,1,571981,,,9/F,180.72,119.48
play,2,1,592629,,,8/F,123.49,100.40
play,2,1,500767,,,4/P,140.56,163.65
play,3,0,598878,,,43/G,134.54,170.68
play,3,0,594819,,,9/F,164.66,121.49
play,3,0,592743,,,S7/F.B-2(E7/TH),94.38,148.59
play,3,0,554239,,,9/F,170.68,125.50
play,3,1,572995,,,9/F,180.72,116.47
play,3,1,516430,,,W
play,3,1,542605,,,9/F,171.69,129.52
play,3,1,592261,,,T7/F.1-H,64.26,75.30
play,4,0,594886,,,8/F,123.49,97.39
play,4,0,594828,,,K
play,4,0,571599,,,T9/L,202.81,120.48
play,4,0,595176,,,K
play,4,1,595831,,,HR/F,64.26,61.24
play,4,1,502316,,,3/G,148.59,183.73
play,4,1,571981,,,53/G,103.41,181.73
play,4,1,592629,,,63/G,115.46,164.66
play,5,0,594935,,,K
play,5,0,598878,,,W
play,5,0,594819,,,54(1)3/GDP/G5,98.39,175.70
play,5,1,500767,,,S8/G,122.49,136.55
play,5,1,572995,,,W.1-2
play,5,1,516430,,,13/SH.1-2;2-3,125.50,204.82
play,5,1,542605,,,FC4.2-3;3XH(42),136.55,179.72
play,5,1,592261,,,WP.1-2;3-H
play,5,1,592261,,,WP.2-3
play,5,1,592261,,,43/G,135.54,169.68
play,6,0,592743,,,63/G,116.47,166.67
play,6,0,554239,,,4/PF,157.63,192.77
play,6,0,594886,,,9/F,172.69,120.48
play,6,1,595831,,,W
play,6,1,502316,,,S4/G.1-2,133.53,175.70
play,6,1,571981,,,S9/F.1-2;2-3,152.61,144.58
play,6,1,592629,,,6(1)3/G6/GDP.2-3;3-H,111.45,167.67
play,6,1,500767,,,8/F,130.52,83.33
play,7,0,594828,,,HR/F,57.23,67.27
play,7,0,571599,,,9/F,166.67,116.47
play,7,0,595176,,,K
play,7,0,594935,,,S9/F,156.63,143.57
play,7,0,598878,,,NP
sub,572142,Travis Smink,1,0,1
play,7,0,598878,,,43/G,140.56,165.66
play,7,1,572995,,,NP
sub,592786,Matthew Suschak,0,0,1
play,7,1,572995,,,D7/L,44.18,115.46
play,7,1,516430,,,63/G.2-3,109.44,172.69
play,7,1,542605,,,K23
play,7,1,592261,,,K23
play,8,0,594819,,,NP
sub,595212,Jarred Frierson,0,9,11
play,8,0,595212,,,HR/F,26.10,100.40
play,8,0,592743,,,NP
sub,572173,Brian Streilein,1,0,1
play,8,0,592743,,,8/F,123.49,104.42
play,8,0,554239,,,K
play,8,0,594886,,,S8/G,119.48,125.50
play,8,0,594828,,,K23
play,8,1,595831,,,NP
sub,595212,Jarred Frierson,0,9,7
play,8,1,595831,,,W
play,8,1,502316,,,WP.1-2
play,8,1,502316,,,FC6.2X3(65),108.43,166.67
play,8,1,571981,,,WP.1-2
play,8,1,571981,,,43/G.2-3,137.55,169.68
play,8,1,592629,,,WP.3-H
play,8,1,592629,,,W
play,8,1,500767,,,43/G,140.56,168.67
play,9,0,571599,,,NP
sub,516429,Ricardo Heredia,1,4,7
play,9,0,571599,,,S8/G,122.49,119.48
play,9,0,595176,,,S8/F.1-3,128.51,140.56
play,9,0,594935,,,7/F,77.31,130.52
play,9,0,598878,,,NP
sub,517424,Alberto Odreman,0,8,11
play,9,0,517424,,,K
play,9,0,595212,,,K
id,GreAPP201008280
info,visteam,KinAPP
info,hometeam,GreAPP
info,date,2010/08/28
start,571724,Chase Greene,0,1,8
start,514914,Ray Van Gurp,0,2,4
start,573669,Aderlin Rodriguez,0,3,5
start,502095,Lucas Stewart,0,4,3
start,544938,Albert Cordero,0,5,2
start,572897,ZeErika McQueen,0,6,7
start,572284,Nelfi Zapata,0,7,2
start,573153,John Semel,0,8,9
start,541603,Ismael Tijerina,0,9,6
start,500783,Orlando Tovar,0,0,1
start,592261,Delino DeShields,1,1,8
start,595831,Jonathan Merritt,1,2,6
start,502316,Rafael Valenzuela,1,3,3
start,571981,Telvin Nash,1,4,7
start,592629,Roberto Pena,1,5,2
start,500767,Ricardo Garcia,1,6,4
start,572995,Chris Lovett,1,7,10
start,516430,Emilio King,1,8,9
start,542605,Hector Rodriguez,1,9,5
start,542170,Ricardo Batista,1,0,1
play,1,0,571724,,,9/F,176.71,135.54
play,1,0,514914,,,5/L,107.43,184.74
play,1,0,573669,,,S8/G,125.50,97.39
play,1,0,502095,,,CS2
play,1,1,592261,,,7/F,69.28,121.49
play,1,1,595831,,,S6/G,114.46,162.65
play,1,1,502316,,,9/F,155.62,117.47
play,1,1,571981,,,SB2
play,1,1,571981,,,HP
play,1,1,592629,,,43/G,0.00,0.00
play,2,0,502095,,,K
play,2,0,544938,,,S8/G,0.00,0.00
play,2,0,572897,,,K
play,2,0,572284,,,3/PF,153.61,199.80
play,2,1,500767,,,63/G,114.46,174.70
play,2,1,572995,,,43/G,136.55,178.71
play,2,1,516430,,,K
play,3,0,573153,,,W
play,3,0,541603,,,HP.1-2
play,3,0,571724,,,S4/P.1-2;2-3,137.55,174.70
play,3,0,514914,,,S9/F.1-2;2-3;3-H,162.65,128.51
play,3,0,573669,,,K
play,3,0,502095,,,6/P,118.47,174.70
play,3,0,544938,,,9/F,151.61,155.62
play,3,1,542605,,,8/F,115.46,73.29
play,3,1,592261,,,D8/F,99.40,85.34
play,3,1,595831,,,K
play,3,1,502316,,,W
play,3,1,571981,,,D9/F.1-H;2-H;BX3(945),114.46,108.43
play,4,0,572897,,,S7/L,70.28,127.51
play,4,0,572284,,,S9/G.1-3,153.61,127.51
play,4,0,573153,,,K
play,4,0,541603,,,E3.1-3(E3)(E3/TH);3-H;B-2,143.57,181.73
play,4,0,571724,,,NP
sub,500764,Jeiler Castillo,1,0,1
play,4,0,571724,,,63/G.2-3;3-H,109.44,172.69
play,4,0,514914,,,9/F,153.61,122.49
play,4,1,592629,,,S5/G,104.42,184.74
play,4,1,500767,,,13/SH.1-2,127.51,186.75
play,4,1,572995,,,HR/F.2-H,36.14,78.31
play,4,1,516430,,,53/G,104.42,184.74
play,4,1,542605,,,53/G,86.35,178.71
play,5,0,573669,,,NP
sub,516429,Ricardo Heredia,1,4,7
play,5,0,573669,,,6/P,119.48,174.70
play,5,0,502095,,,K
play,5,0,544938,,,8/F,142.57,98.39
play,5,1,592261,,,43/G,136.55,175.70
play,5,1,595831,,,S7/L,92.37,107.43
play,5,1,502316,,,K
play,5,1,516429,,,POCS2(134)
play,6,0,572897,,,9/F,169.68,107.43
play,6,0,572284,,,W
play,6,0,573153,,,FC4/G.1X2(46);B-1,135.54,172.69
play,6,0,541603,,,S9/L.1-3,156.63,84.34
play,6,0,571724,,,9/F,171.69,107.43
play,6,1,516429,,,8/F,125.50,83.33
play,6,1,592629,,,63/G,98.39,157.63
play,6,1,500767,,,9/F,152.61,134.54
play,7,0,514914,,,NP
sub,595224,Paul Gerrish,1,0,1
play,7,0,514914,,,S9/G,166.67,116.47
play,7,0,573669,,,S7/L.1-2,59.24,111.45
play,7,0,502095,,,8/F,109.44,83.33
play,7,0,544938,,,K
play,7,0,572897,,,FC5/G.2X3(5),107.43,182.73
play,7,1,572995,,,9/F,136.55,127.51
play,7,1,516430,,,4/P,132.53,177.71
play,7,1,542605,,,K
play,8,0,572284,,,S9/F,173.69,115.46
play,8,0,573153,,,NP
sub,502402,Brandon Brown,0,7,12
play,8,0,573153,,,T9/L.1-H,167.67,114.46
play,8,0,541603,,,NP
sub,592225,Ryan Cole,1,0,1
play,8,0,541603,,,E6,110.44,166.67
play,8,0,571724,,,FC6/G.1X2(64);3-H;B-1,112.45,178.71
play,8,0,514914,,,6/P,116.47,171.69
play,8,0,573669,,,D7/L.1-H,38.15,108.43
play,8,0,502095,,,IW
play,8,0,544938,,,HP.1-2;2-3
play,8,0,572897,,,FC5/G.1X2(54),103.41,179.72
play,8,1,592261,,,NP
sub,502402,Brandon Brown,0,7,10
play,8,1,595831,,,NP
sub,451699,Richard Pena,0,0,1
play,8,1,592261,,,K
play,8,1,595831,,,HP
play,8,1,502316,,,7/F,94.38,120.48
play,8,1,516429,,,9/L,177.71,134.54
play,9,0,502402,,,NP
sub,574988,Philip Rorabaugh,1,0,1
play,9,0,502402,,,43/G,142.57,168.67
play,9,0,573153,,,S7/G,64.26,96.39
play,9,0,541603,,,46(1)3/GDP/G4,135.54,171.69
play,9,1,592629,,,NP
sub,572831,Josh Edgin,0,0,1
play,9,1,592629,,,4/P,132.53,165.66
play,9,1,500767,,,43/G,134.54,181.73
play,9,1,572995,,,W
play,9,1,516430,,,NP
sub,504333,Carlos Mojica,1,8,11
play,9,1,504333,,,4/P,135.54,171.69
id,JohAPP201006220
info,visteam,KinAPP
info,hometeam,JohAPP
info,date,2010/06/22
start,572897,ZeErika McQueen,0,1,7
start,571724,Chase Greene,0,2,8
start,573669,Aderlin Rodriguez,0,3,5
start,543317,Charles Hinojosa,0,4,10
start,543710,Javier Rodriguez,0,5,9
start,572284,Nelfi Zapata,0,6,2
start,493536,Travis Ozga,0,7,3
start,514914,Ray Van Gurp,0,8,4
start,541603,Ismael Tijerina,0,9,6
start,542674,Gonzalez Germen,0,0,1
start,594824,Greg Garcia,1,1,4
start,551750,Cesar Valera,1,2,6
start,542465,Roberto Reyes,1,3,9
start,501223,David Medina,1,4,3
start,500675,Kleininger Teran,1,5,10
start,521091,Romulo Ruiz,1,6,5
start,571641,Christopher Edmondson,1,7,7
start,516650,Juan Castillo,1,8,2
start,518802,Virgil Hill,1,9,8
start,571772,Hector Hernandez,1,0,1
play,1,0,572897,,,43/G,139.56,175.70
play,1,0,571724,,,13/G,124.50,185.74
play,1,0,573669,,,HR/F,209.84,106.43
play,1,0,543317,,,53/G,107.43,178.71
play,1,1,594824,,,3/G,119.48,188.76
play,1,1,551750,,,4/P,174.70,130.52
play,1,1,542465,,,63/G,112.45,180.72
play,2,0,543710,,,K
play,2,0,572284,,,S6/G.B-2(E6/TH),91.37,142.57
play,2,0,493536,,,9/FF.2-3,169.68,123.49
play,2,0,514914,,,K
play,2,1,501223,,,53/G,114.46,171.69
play,2,1,500675,,,9/FF,149.60,130.52
play,2,1,521091,,,7/F,91.37,117.47
play,3,0,541603,,,53/G,118.47,173.69
play,3,0,572897,,,K
play,3,0,571724,,,63/G,114.46,167.67
play,3,1,571641,,,W
play,3,1,516650,,,53/G.1-2,110.44,170.68
play,3,1,518802,,,K
play,3,1,594824,,,43/G,141.57,168.67
play,4,0,573669,,,HR/F,40.16,90.36
play,4,0,543317,,,E6/TH,115.46,184.74
play,4,0,543710,,,S7/G.1-2,79.32,129.52
play,4,0,572284,,,W.1-2;2-3
play,4,0,493536,,,E6.1-3;2-H;3-H;B-2,98.39,165.66
play,4,0,514914,,,9/SF.2-3;3-H,172.69,117.47
play,4,0,541603,,,WP.3-H
play,4,0,541603,,,13/G,124.50,174.70
play,4,0,572897,,,63/G,117.47,166.67
play,4,1,551750,,,63/G,113.45,171.69
play,4,1,542465,,,W
play,4,1,501223,,,9/L,165.66,134.54
play,4,1,500675,,,S9/G.1X3,148.59,160.64
play,5,0,571724,,,NP
sub,595166,Ryan Copeland,1,0,1
play,5,0,571724,,,63/G,104.42,169.68
play,5,0,573669,,,8/F,129.52,111.45
play,5,0,543317,,,63/G,120.48,172.69
play,5,1,521091,,,K
play,5,1,571641,,,HR/F,189.76,86.35
play,5,1,516650,,,S9/G,165.66,126.51
play,5,1,518802,,,K
play,5,1,594824,,,K
play,6,0,543710,,,9/F,167.67,141.57
play,6,0,572284,,,63/G,114.46,184.74
play,6,0,493536,,,D7/L,70.28,124.50
play,6,0,514914,,,13/G,100.40,177.71
play,6,1,551750,,,W
play,6,1,542465,,,PO1(E?).1-3
play,6,1,542465,,,43/G.3-H,131.53,176.71
play,6,1,501223,,,NP
sub,500783,Orlando Tovar,0,0,1
play,6,1,501223,,,K
play,6,1,500675,,,7/F,112.45,172.69
play,7,0,541603,,,63/G,108.43,167.67
play,7,0,572897,,,S8/G,119.48,134.54
play,7,0,571724,,,CS2
play,7,0,571724,,,5/L,91.37,171.69
play,7,1,521091,,,7/F,91.37,150.60
play,7,1,571641,,,S9/F,161.65,121.49
play,7,1,516650,,,E4/TH.1-2,131.53,171.69
play,7,1,518802,,,W.1-2;2-3
play,7,1,594824,,,43/G.1-2;2-3;3-H,135.54,182.73
play,7,1,551750,,,PB.2-3;3-H
play,7,1,551750,,,W
play,7,1,542465,,,NP
sub,571560,Thomas Chism,0,0,1
play,7,1,542465,,,53/G,103.41,169.68
play,8,0,573669,,,NP
sub,519185,Robert Revesz,1,0,1
play,8,0,573669,,,S8/L,123.49,113.45
play,8,0,543317,,,FC5/G.1X2(54);BX2(234),96.39,163.65
play,8,0,543710,,,K
play,8,1,501223,,,D7/G,86.35,91.37
play,8,1,500675,,,3/G.2-3,128.51,167.67
play,8,1,521091,,,S9/F.3-H,153.61,123.49
play,8,1,571641,,,NP
sub,592286,Patrick Elkins,1,6,12
play,8,1,571641,,,K
play,8,1,516650,,,3/L,136.55,164.66
play,9,0,572284,,,NP
sub,592286,Patrick Elkins,1,6,5
play,9,0,572284,,,K
play,9,0,493536,,,HR/F,52.21,78.31
play,9,0,514914,,,S7/G,73.29,134.54
play,9,0,541603,,,CS2
play,9,0,541603,,,D9/F,143.57,138.55
play,9,0,572897,,,D9/F.2-H;BX3(945),172.69,126.51
play,9,1,518802,,,NP
sub,595027,Michael Weldon,0,0,1
play,9,1,518802,,,W
play,9,1,594824,,,53/G.1-2,104.42,173.69
play,9,1,551750,,,WP.2-3
play,9,1,551750,,,K
play,9,1,542465,,,K
id,JohAPP201006230
info,visteam,KinAPP
info,hometeam,JohAPP
info,date,2010/06/23
start,572897,ZeErika McQueen,0,1,8
start,571724,Chase Greene,0,2,10
start,573669,Aderlin Rodriguez,0,3,5
start,502095,Lucas Stewart,0,4,3
start,544938,Albert Cordero,0,5,2
start,543710,Javier Rodriguez,0,6,9
start,572284,Nelfi Zapata,0,7,10
start,502402,Brandon Brown,0,8,6
start,592725,Justin Schafer,0,9,4
start,543290,Michael Hebert,0,0,1
start,594824,Greg Garcia,1,1,4
start,551750,Cesar Valera,1,2,6
start,542465,Roberto Reyes,1,3,9
start,501223,David Medina,1,4,3
start,521091,Romulo Ruiz,1,5,5
start,595023,Colin Walsh,1,6,10
start,571641,Christopher Edmondson,1,7,7
start,502023,Travis Tartamella,1,8,2
start,594971,Steven Ramos,1,9,8
start,542203,Angel De Jesus,1,0,1
play,1,0,572897,,,K
play,1,0,571724,,,D9/L,164.66,127.51
play,1,0,573669,,,K
play,1,0,502095,,,7/F,79.32,135.54
play,1,1,594824,,,S9/G,134.54,152.61
play,1,1,551750,,,53/G.1-2,97.39,175.70
play,1,1,542465,,,K
play,1,1,501223,,,S9/G.2-H;B-3(E9),165.66,143.57
play,1,1,521091,,,7/F,93.37,151.61
play,2,0,544938,,,53/G,108.43,180.72
play,2,0,543710,,,S7/G,64.26,136.55
play,2,0,572284,,,53/G.1-2,117.47,179.72
play,2,0,502402,,,9/L,163.65,126.51
play,2,1,595023,,,63/G,106.43,170.68
play,2,1,571641,,,53/G,106.43,180.72
play,2,1,502023,,,63/G,116.47,172.69
play,3,0,592725,,,S8/L,115.46,105.42
play,3,0,572897,,,S8/G.1-2,125.50,116.47
play,3,0,571724,,,S9/G.1-2;2-3,165.66,122.49
play,3,0,573669,,,64(1)3/GDP/G6.2-3;3-H,106.43,191.77
play,3,0,502095,,,63/G,111.45,168.67
play,3,1,placeholder,,,NP
sub,572897,ZeErika McQueen,0,1,8
play,3,1,placeholder,,,NP
sub,543317,Charles Hinojosa,0,2,7
play,3,1,594971,,,43/G,140.56,161.65
play,3,1,594824,,,43/G,155.62,169.68
play,3,1,551750,,,S9/L,170.68,125.50
play,3,1,542465,,,SB2;1-3(E6)(E6)
play,3,1,542465,,,7/L,101.29,126.93
play,4,0,544938,,,T7/L,99.40,141.57
play,4,0,543710,,,K
play,4,0,572284,,,S7/G.3-H,77.31,139.56
play,4,0,502402,,,8/F,112.45,118.47
play,4,0,592725,,,7/L,88.35,138.55
play,4,1,501223,,,W
play,4,1,521091,,,54(1)3/GDP/G5,110.44,164.66
play,4,1,595023,,,43/G,129.52,171.69
play,5,0,572897,,,K23
play,5,0,543317,,,W
play,5,0,573669,,,D7/L.1-3,78.31,124.50
play,5,0,502095,,,K
play,5,0,544938,,,53/G,109.44,175.70
play,5,1,571641,,,3/G,129.52,168.67
play,5,1,502023,,,8/F,133.53,110.44
play,5,1,594971,,,K
play,6,0,543710,,,NP
sub,572797,Patrick Daugherty,1,0,1
play,6,0,543710,,,T9/F,146.59,129.52
play,6,0,572284,,,53/G,79.32,177.71
play,6,0,502402,,,S7/G.3-H,81.33,138.55
play,6,0,592725,,,SB2;1-3(E2)(E2/TH)
play,6,0,592725,,,D7/F.3-H,82.40,130.38
play,6,0,572897,,,53/G,91.37,175.70
play,6,0,543317,,,63/G,102.41,163.65
play,6,1,594824,,,E6.B-2(E),115.46,168.67
play,6,1,551750,,,W
play,6,1,542465,,,NP
sub,541596,Jhonathan Torres,0,0,1
play,6,1,542465,,,K
play,6,1,501223,,,K
play,6,1,521091,,,W.1-2;2-3
play,6,1,595023,,,S9/G.1-2;2-H;3-H,172.69,140.56
play,6,1,571641,,,W.1-2;2-3
play,6,1,502023,,,NP
sub,516790,Samuel Taveras,0,0,1
play,6,1,502023,,,1/P,114.46,189.76
play,7,0,573669,,,4/L,159.64,166.67
play,7,0,502095,,,K
play,7,0,544938,,,53/G,110.44,174.70
play,7,1,594971,,,13/BG,128.51,187.75
play,7,1,594824,,,W
play,7,1,551750,,,K
play,7,1,542465,,,K
play,8,0,543710,,,63/G,115.46,174.70
play,8,0,572284,,,K
play,8,0,502402,,,K
play,8,1,501223,,,K+PB.B-1
play,8,1,521091,,,K
play,8,1,595023,,,FC3/G.1X2(36);B-1,139.56,172.69
play,8,1,571641,,,NP
sub,518802,Virgil Hill,1,6,12
play,8,1,571641,,,SB2;1-3(E6)(E6)
play,8,1,571641,,,D9/F.3-H,96.14,119.16
play,8,1,502023,,,T8/F.2-H,97.39,105.42
play,8,1,594971,,,K
play,9,0,592725,,,NP
sub,572265,Reggie Williams,1,7,7
play,9,0,572897,,,NP
sub,517228,Francisco Guzman,1,0,1
play,9,0,543317,,,NP
sub,518802,Virgil Hill,1,6,10
play,9,0,592725,,,K
play,9,0,572897,,,K
play,9,0,543317,,,31/G,131.53,177.71
id,JohAPP201006280
info,visteam,BriAPP
info,hometeam,JohAPP
info,date,2010/06/28
start,543388,Jordan Keegan,0,1,8
start,595033,Ethan Wilson,0,2,6
start,594895,Drew Lee,0,3,4
start,506999,John Spatola,0,4,9
start,542941,Daniel Black,0,5,3
start,594990,Michael Schwartz,0,6,10
start,592660,Rangel Ravelo,0,7,5
start,555543,Chase Blackwood,0,8,2
start,596881,Qualon Millender,0,9,7
start,571765,Matthew Heidenreich,0,0,1
start,594824,Greg Garcia,1,1,6
start,595023,Colin Walsh,1,2,4
start,592774,Cody Stanley,1,3,2
start,501223,David Medina,1,4,10
start,521091,Romulo Ruiz,1,5,3
start,571641,Christopher Edmondson,1,6,7
start,542465,Roberto Reyes,1,7,9
start,592286,Patrick Elkins,1,8,5
start,572265,Reggie Williams,1,9,8
start,572797,Patrick Daugherty,1,0,1
play,1,0,543388,,,K
play,1,0,595033,,,3/G,149.60,178.71
play,1,0,594895,,,K
play,1,1,594824,,,S8/G,129.52,104.42
play,1,1,595023,,,64(1)3/GDP/G6,110.44,167.67
play,1,1,592774,,,S9/G,214.86,117.47
play,1,1,501223,,,FC4/G.1X2(46),144.58,171.69
play,2,0,506999,,,S3/G,147.59,180.72
play,2,0,542941,,,3/G.1-2,146.59,179.72
play,2,0,594990,,,43/G.2-3,147.59,163.65
play,2,0,592660,,,7/L,60.24,121.49
play,2,1,521091,,,2/PF,131.53,218.88
play,2,1,571641,,,8/F,148.59,88.35
play,2,1,542465,,,43/G,143.57,168.67
play,3,0,555543,,,S8/L,121.49,90.36
play,3,0,596881,,,5/PF,104.42,179.72
play,3,0,543388,,,64(1)3/GDP/G6,102.41,165.66
play,3,1,592286,,,K
play,3,1,572265,,,63/G,106.43,171.69
play,3,1,594824,,,S8/G,117.47,98.39
play,3,1,595023,,,S7/L.1-2,77.31,121.49
play,3,1,592774,,,K
play,4,0,595033,,,63/G,108.43,168.67
play,4,0,594895,,,E4,150.60,165.66
play,4,0,506999,,,6/P,111.45,164.66
play,4,0,542941,,,SB2
play,4,0,542941,,,WP.2-3
play,4,0,542941,,,S7/G.3-H,62.25,95.38
play,4,0,594990,,,7/FF,36.14,145.58
play,4,1,501223,,,63/G,111.45,166.67
play,4,1,521091,,,4/P,133.53,170.68
play,4,1,571641,,,63/G,106.43,172.69
play,5,0,592660,,,NP
sub,502023,Travis Tartamella,1,3,2
play,5,0,555543,,,NP
sub,542203,Angel De Jesus,1,0,1
play,5,0,592660,,,S8/G,117.47,85.34
play,5,0,555543,,,9/F,180.72,114.46
play,5,0,596881,,,CS2
play,5,0,596881,,,D7/G,87.35,108.43
play,5,0,543388,,,HR/F.2-H,146.59,83.33
play,5,0,595033,,,6/P,106.43,166.67
play,5,1,542465,,,S9/G,178.71,115.46
play,5,1,592286,,,S7/G.1-2,55.22,110.44
play,5,1,572265,,,K
play,5,1,594824,,,S9/G.1-3;2-H,110.44,167.67
play,5,1,595023,,,W.1-2
play,5,1,502023,,,S8/G.1-3;2-H;3-H,94.38,103.41
play,5,1,501223,,,HR/F.1-H;3-H,189.76,48.19
play,5,1,521091,,,NP
sub,572837,Austin Evans,0,0,1
play,5,1,521091,,,9/F,192.77,128.51
play,5,1,571641,,,HP
play,5,1,542465,,,13/G,121.49,190.76
play,6,0,594895,,,K
play,6,0,506999,,,K
play,6,0,542941,,,7/F,63.25,112.45
play,6,1,592286,,,43/G,145.58,167.67
play,6,1,572265,,,K
play,6,1,594824,,,HP
play,6,1,595023,,,BK.1-2
play,6,1,502023,,,OA.2X3(25)
play,7,0,594990,,,W
play,7,0,592660,,,46(1)3/GDP/G4,139.56,177.71
play,7,0,555543,,,K.B-1(E2/TH)
play,7,0,596881,,,S7/G.1-2,68.27,110.44
play,7,0,543388,,,NP
sub,519185,Robert Revesz,1,0,1
play,7,0,543388,,,6/P,96.39,163.65
play,7,1,501223,,,NP
sub,572944,Ethan Icard,0,0,1
play,7,1,595023,,,W
play,7,1,502023,,,S9/G.1-2,186.75,118.47
play,7,1,501223,,,K
play,7,1,521091,,,36(1)1/GDP/G3,146.59,178.71
play,8,0,595033,,,NP
sub,594971,Steven Ramos,1,6,7
play,8,0,595033,,,9/L,180.72,133.53
play,8,0,594895,,,E1/TH,125.50,191.77
play,8,0,506999,,,S9/G.1-2,190.76,122.49
play,8,0,542941,,,S7/L.1-2;2-H,64.26,119.48
play,8,0,594990,,,K
play,8,0,592660,,,NP
sub,517228,Francisco Guzman,1,0,1
play,8,0,592660,,,K
play,8,1,594971,,,NP
sub,534743,Kevin Moran,0,0,1
play,8,1,594971,,,K
play,8,1,542465,,,43/G,142.57,163.65
play,8,1,592286,,,K
play,9,0,555543,,,9/F,201.81,99.40
play,9,0,596881,,,S6/G,114.46,168.67
play,9,0,543388,,,W.1-2
play,9,0,595033,,,NP
sub,523489,Hector Corpas,1,0,1
play,9,0,595033,,,4/P,138.55,172.69
play,9,0,594895,,,FC6/G.1X2(64),102.41,171.69
id,JohAPP201006290
info,visteam,BriAPP
info,hometeam,JohAPP
info,date,2010/06/29
start,543388,Jordan Keegan,0,1,8
start,573135,Tyler Saladino,0,2,6
start,594895,Drew Lee,0,3,4
start,506999,John Spatola,0,4,9
start,542941,Daniel Black,0,5,3
start,594990,Michael Schwartz,0,6,10
start,500875,Jeffer Patino,0,7,5
start,594948,Sean O'Connell,0,8,2
start,596881,Qualon Millender,0,9,7
start,542890,Spencer Arroyo,0,0,1
start,594824,Greg Garcia,1,1,4
start,551750,Cesar Valera,1,2,6
start,595158,Philip Cerreto,1,3,3
start,501223,David Medina,1,4,10
start,595023,Colin Walsh,1,5,5
start,571641,Christopher Edmondson,1,6,7
start,542465,Roberto Reyes,1,7,9
start,502023,Travis Tartamella,1,8,2
start,518802,Virgil Hill,1,9,8
start,572953,Cale Johnson,1,0,1
play,1,0,543388,,,S8/L,116.47,124.50
play,1,0,placeholder,,,PO1(??)
play,1,0,573135,,,S7/G,82.33,152.61
play,1,0,594895,,,7/F,74.30,121.49
play,1,0,506999,,,3/G,147.59,182.73
play,1,1,594824,,,S6/G,117.47,171.69
play,1,1,551750,,,S7/L.1-2,88.35,125.50
play,1,1,595158,,,S8/L.1-3;2-H,121.49,114.46
play,1,1,501223,,,D8/F.1-H;3-H;B-3,131.53,85.34
play,1,1,595023,,,7/F,69.28,113.45
play,1,1,571641,,,5/PF,93.37,185.74
play,1,1,542465,,,13/G,116.47,191.77
play,2,0,542941,,,S8/L,107.43,120.48
play,2,0,594990,,,64(1)3/GDP/G6,102.41,173.69
play,2,0,500875,,,S7/L,91.37,119.48
play,2,0,594948,,,S7/L.1-2,71.29,113.45
play,2,0,596881,,,FC4/G.1X2(46),140.56,170.68
play,2,1,502023,,,9/F,178.71,123.49
play,2,1,518802,,,W
play,2,1,594824,,,SB2
play,2,1,594824,,,S8/L.2-H,121.49,109.44
play,2,1,551750,,,SB2
play,2,1,551750,,,13/G.2-3,166.67,130.52
play,2,1,595158,,,D7/F.3-H,69.28,108.43
play,2,1,501223,,,K
play,3,0,543388,,,E6/TH.B-3(E9/TH),113.45,173.69
play,3,0,573135,,,9/F,167.67,115.46
play,3,0,594895,,,K
play,3,0,506999,,,K
play,3,1,595023,,,9/F,199.80,122.49
play,3,1,571641,,,43/G,139.56,173.69
play,3,1,542465,,,W
play,3,1,502023,,,WP.1-2
play,3,1,502023,,,D8/F.2-H,119.48,98.39
play,3,1,518802,,,WP.2-3
play,3,1,518802,,,K
play,4,0,542941,,,9/L,184.74,123.49
play,4,0,594990,,,S9/G,175.70,125.50
play,4,0,500875,,,7/F,76.31,110.44
play,4,0,594948,,,W.1-2
play,4,0,596881,,,7/F,58.23,118.47
play,4,1,594824,,,NP
sub,595398,Pat Schatz,0,0,1
play,4,1,594824,,,3/G,148.59,182.73
play,4,1,551750,,,43/G,149.60,171.69
play,4,1,595158,,,8/L,121.49,96.39
play,5,0,543388,,,43/G,137.55,174.70
play,5,0,573135,,,3/G,144.58,177.71
play,5,0,594895,,,8/F,122.49,83.33
play,5,1,501223,,,43/G,143.57,171.69
play,5,1,595023,,,K
play,5,1,571641,,,9/F,161.65,116.47
play,6,0,506999,,,K
play,6,0,542941,,,13/G,129.52,189.76
play,6,0,594990,,,K23
play,6,1,542465,,,NP
sub,572783,Chase Cooney,0,0,1
play,6,1,542465,,,S8/G,129.52,109.44
play,6,1,502023,,,9/F,186.75,119.48
play,6,1,518802,,,FC5/G.1X2(54);B-1,108.43,175.70
play,6,1,594824,,,WP.1-2
play,6,1,594824,,,6/P,116.47,163.65
play,7,0,500875,,,NP
sub,518447,Andrew Benes,1,0,1
play,7,0,500875,,,K23
play,7,0,594948,,,W
play,7,0,596881,,,HP.1-2
play,7,0,543388,,,9/F,161.65,121.49
play,7,0,573135,,,53/G,105.42,177.71
play,7,1,551750,,,W
play,7,1,595158,,,9/F,181.73,120.48
play,7,1,501223,,,NP
sub,500675,Kleininger Teran,1,4,11
play,7,1,500675,,,63/G.1-2,114.46,171.69
play,7,1,595023,,,WP.2-3
play,7,1,595023,,,43/G,139.56,163.65
play,8,0,594895,,,NP
sub,500675,Kleininger Teran,1,4,10
play,8,0,594895,,,43/G,140.56,171.69
play,8,0,506999,,,S8/L.B-2(E8),116.47,112.45
play,8,0,542941,,,8/L,125.50,94.38
play,8,0,594990,,,K
play,8,1,571641,,,NP
sub,519170,Kevin Rath,0,0,1
play,8,1,571641,,,7/F,53.21,130.52
play,8,1,542465,,,6/P,111.45,168.67
play,8,1,502023,,,63/G,104.42,175.70
play,9,0,500875,,,NP
sub,519072,Iden Nazario,1,0,1
play,9,0,500875,,,K
play,9,0,594948,,,W
play,9,0,596881,,,WP.1-2
play,9,0,596881,,,5/L,108.43,171.69
play,9,0,543388,,,HP
play,9,0,573135,,,NP
sub,592515,Aidan Lucas,1,0,1
play,9,0,573135,,,S8/L.1-2;2-H,130.52,97.39
play,9,0,594895,,,WP.1-2;2-3
play,9,0,594895,,,63/G,114.46,167.67
id,JohAPP201006300
info,visteam,BriAPP
info,hometeam,JohAPP
info,date,2010/06/30
start,543388,Jordan Keegan,0,1,8
start,594895,Drew Lee,0,2,10
start,506999,John Spatola,0,3,9
start,542941,Daniel Black,0,4,2
start,594990,Michael Schwartz,0,5,3
start,595033,Ethan Wilson,0,6,6
start,592660,Rangel Ravelo,0,7,5
start,542391,Daurys Mercedes,0,8,4
start,596880,J. D. Ashbrook,0,9,7
start,595473,Robert Young,0,0,1
start,594824,Greg Garcia,1,1,4
start,551750,Cesar Valera,1,2,6
start,592774,Cody Stanley,1,3,10
start,595158,Philip Cerreto,1,4,7
start,500675,Kleininger Teran,1,5,3
start,521091,Romulo Ruiz,1,6,5
start,542465,Roberto Reyes,1,7,9
start,516650,Juan Castillo,1,8,10
start,518802,Virgil Hill,1,9,8
start,542213,Charllan Jimenez,1,0,1
play,1,0,543388,,,E2.B-1,86.70,119.16
play,1,0,594895,,,7/F,65.26,103.41
play,1,0,506999,,,WP.1-2
play,1,0,506999,,,43/G.2-3,137.55,154.62
play,1,0,542941,,,S8/L.3-H,93.37,80.32
play,1,0,594990,,,43/G,130.52,154.62
play,1,1,594824,,,D9/F,148.59,83.33
play,1,1,551750,,,S8/F.2-3;B-2,100.40,91.37
play,1,1,592774,,,E6/TH.2-H;3-H;B-2,110.44,153.61
play,1,1,595158,,,63/G.2-3,113.45,152.61
play,1,1,500675,,,S9/G.3-H,176.71,97.39
play,1,1,521091,,,S7/G.1-2,62.25,109.44
play,1,1,542465,,,K
play,1,1,516650,,,FC6/G.1X2(64),109.44,152.61
play,2,0,595033,,,E5,102.41,167.67
play,2,0,592660,,,E4/TH.1-2,140.56,157.63
play,2,0,542391,,,W.1-2;2-3
play,2,0,596880,,,W.1-2;2-3;3-H
play,2,0,543388,,,63/G.1-2;2-3;3-H,115.46,154.62
play,2,0,594895,,,HR/F.2-H;3-H,202.81,68.27
play,2,0,506999,,,43/G,147.59,146.59
play,2,0,542941,,,NP
sub,517228,Francisco Guzman,1,0,1
play,2,0,542941,,,K
play,2,1,518802,,,D9/F,168.67,89.36
play,2,1,594824,,,7/F,56.22,109.44
play,2,1,551750,,,13/G.2-3,138.55,184.74
play,2,1,592774,,,43/G,141.57,152.61
play,3,0,594990,,,K
play,3,0,595033,,,K
play,3,0,592660,,,63/G,113.45,155.62
play,3,1,595158,,,S7/G,70.28,103.41
play,3,1,500675,,,9(B)93(1)/LDP,150.60,83.33
play,3,1,521091,,,K
play,4,0,542391,,,S8/L,100.40,81.33
play,4,0,596880,,,SB2
play,4,0,596880,,,K
play,4,0,543388,,,S9/F.2-3,158.63,93.37
play,4,0,594895,,,S9/F.1-3;3-H,151.61,91.37
play,4,0,506999,,,63/G.1-2;3-H,120.48,147.59
play,4,0,542941,,,K
play,4,1,542465,,,NP
sub,518457,Josh Billeaud,0,0,1
play,4,1,542465,,,8/F,118.47,70.28
play,4,1,516650,,,K
play,4,1,518802,,,W
play,4,1,594824,,,W.1-2
play,4,1,551750,,,CS3
play,5,0,594990,,,NP
sub,572096,Trevor Rosenthal,1,0,1
play,5,0,594990,,,K
play,5,0,595033,,,63/G,107.43,159.64
play,5,0,592660,,,43/G,137.55,151.61
play,5,1,592774,,,NP
sub,502280,Jamaal Hollis,0,0,1
play,5,1,551750,,,63/G,119.48,148.59
play,5,1,592774,,,S7/F,78.31,105.42
play,5,1,595158,,,WP.1-2
play,5,1,595158,,,43/G.2-3,134.54,147.59
play,5,1,500675,,,43/G,139.56,150.60
play,6,0,542391,,,K
play,6,0,596880,,,S5/G,100.40,166.67
play,6,0,543388,,,S7/F.1-2,77.31,100.40
play,6,0,594895,,,3/G.1-2;2-3,143.57,164.66
play,6,0,506999,,,8/F,109.44,70.28
play,6,1,521091,,,W
play,6,1,542465,,,E5.1-2,111.45,167.67
play,6,1,516650,,,7/F,65.26,93.37
play,6,1,518802,,,K
play,6,1,594824,,,8/F,129.52,75.30
play,7,0,542941,,,K
play,7,0,594990,,,K
play,7,0,595033,,,4/L,142.57,145.58
play,7,1,551750,,,NP
sub,571547,Jarrett Casey,0,0,1
play,7,1,551750,,,K
play,7,1,592774,,,W
play,7,1,595158,,,46(1)3/GDP/G4,144.58,151.61
play,8,0,592660,,,S9/G,171.69,85.34
play,8,0,542391,,,FC5/G.1X2(54);B-1,98.39,168.67
play,8,0,596880,,,K
play,8,0,543388,,,E2.1-2;B-1,84.12,120.02
play,8,0,594895,,,K
play,8,1,500675,,,8/F,111.45,81.33
play,8,1,521091,,,13/G,124.50,182.73
play,8,1,542465,,,K23
play,9,0,506999,,,NP
sub,594955,Christopher Patterson,1,0,1
play,9,0,506999,,,D9/G,168.67,92.37
play,9,0,542941,,,WP.2-3
play,9,0,542941,,,W
play,9,0,594990,,,S8/G.1-2;3-H,124.50,94.38
play,9,0,595033,,,K
play,9,0,592660,,,K
play,9,0,542391,,,K
play,9,1,516650,,,8/F,109.44,73.29
play,9,1,518802,,,53/G,104.42,162.65
play,9,1,594824,,,8/F,110.44,74.30
id,JohAPP201007030
info,visteam,EliAPP
info,hometeam,JohAPP
info,date,2010/07/03
start,527033,Hyeong-rok Choi,0,1,4
start,594973,Lance Ray,0,2,9
start,542455,Oswaldo Arcia,0,3,8
start,571861,Kyle Knudson,0,4,10
start,543611,Daniel Ortiz,0,5,7
start,594896,Andy Leer,0,6,6
start,592184,Brian Burke,0,7,3
start,571972,Buddy Munroe,0,8,2
start,475774,Gunner Glad,0,9,5
start,543908,Blayne Weller,0,0,1
start,594824,Greg Garcia,1,1,6
start,570805,Oscar Taveras,1,2,8
start,500675,Kleininger Teran,1,3,5
start,501223,David Medina,1,4,3
start,521091,Romulo Ruiz,1,5,10
start,571641,Christopher Edmondson,1,6,7
start,542465,Roberto Reyes,1,7,9
start,502023,Travis Tartamella,1,8,2
start,592286,Patrick Elkins,1,9,4
start,542203,Angel De Jesus,1,0,1
play,1,0,527033,,,43/G,140.56,171.69
play,1,0,594973,,,8/F,127.51,89.36
play,1,0,542455,,,31/G,139.56,184.74
play,1,1,594824,,,43/G,145.58,175.70
play,1,1,570805,,,7/L,73.29,107.43
play,1,1,500675,,,63/G,113.45,170.68
play,2,0,571861,,,53/G,106.43,179.72
play,2,0,543611,,,5/PF,92.37,190.76
play,2,0,594896,,,53/G,106.43,181.73
play,2,1,501223,,,S9/G,164.66,117.47
play,2,1,521091,,,S8/G.1-2,121.49,101.41
play,2,1,571641,,,FC4/G.1X2(4);2-3;B-1,131.53,165.66
play,2,1,542465,,,K
play,2,1,502023,,,9/F,202.81,106.43
play,3,0,592184,,,K23
play,3,0,571972,,,K
play,3,0,475774,,,K
play,3,1,592286,,,D9/L,192.77,136.55
play,3,1,594824,,,D9/L.2-H,195.78,136.55
play,3,1,570805,,,W
play,3,1,500675,,,9/L,171.69,113.45
play,3,1,501223,,,6(B)6(2)/LDP,113.45,172.69
play,4,0,527033,,,53/G,108.43,175.70
play,4,0,594973,,,S8/G,131.53,93.37
play,4,0,542455,,,D7/G.1-H,85.34,110.44
play,4,0,571861,,,FC6.2X3(65),108.43,171.69
play,4,0,543611,,,K
play,4,1,521091,,,W
play,4,1,571641,,,64(1)3/GDP/G6,108.43,172.69
play,4,1,542465,,,S7/F,70.28,153.61
play,4,1,502023,,,K
play,5,0,594896,,,D8/F,127.51,85.34
play,5,0,592184,,,13/G.2-3,124.50,190.76
play,5,0,571972,,,3/G,140.56,186.75
play,5,0,475774,,,K
play,5,1,592286,,,43/G,148.59,177.71
play,5,1,594824,,,53/BG,107.43,176.71
play,5,1,570805,,,9/F,173.69,117.47
play,6,0,527033,,,NP
sub,572797,Patrick Daugherty,1,0,1
play,6,0,527033,,,S9/G,170.68,127.51
play,6,0,594973,,,3/G.1-2,145.58,180.72
play,6,0,542455,,,K+WP.2-3;B-1
play,6,0,571861,,,FC3/G.1X2(36);3-H;B-1,141.57,180.72
play,6,0,543611,,,D9/L.1-3,186.75,139.56
play,6,0,594896,,,S8/G.2-3;3-H,122.49,114.46
play,6,0,592184,,,S9/G.1-3;3-H,164.66,132.53
play,6,0,571972,,,K
play,6,1,500675,,,43/G,139.56,175.70
play,6,1,501223,,,3/G,144.58,181.73
play,6,1,521091,,,43/G,137.55,172.69
play,7,0,475774,,,S7/G.BX2(74),65.26,120.48
play,7,0,527033,,,S3/G,140.56,181.73
play,7,0,594973,,,8/F,138.55,69.28
play,7,0,542455,,,6/P,112.45,167.67
play,7,1,571641,,,NP
sub,572809,Clinton Dempster,0,0,1
play,7,1,571641,,,5/L,103.41,173.69
play,7,1,542465,,,3/G,143.57,182.73
play,7,1,502023,,,S8/L,120.48,116.47
play,7,1,592286,,,9/F,162.65,106.43
play,8,0,571861,,,K
play,8,0,543611,,,W
play,8,0,594896,,,W.1-2
play,8,0,592184,,,NP
sub,518447,Andrew Benes,1,0,1
play,8,0,592184,,,46(1)3/GDP/G4,148.59,173.69
play,8,1,594824,,,63/G,112.45,171.69
play,8,1,570805,,,HR/F,64.26,41.16
play,8,1,500675,,,7/F,69.28,114.46
play,8,1,501223,,,3/G,142.57,182.73
play,9,0,571972,,,6/P,112.45,167.67
play,9,0,475774,,,S7/G,76.31,106.43
play,9,0,527033,,,SB2
play,9,0,527033,,,K
play,9,0,594973,,,8/F,129.52,84.34
play,9,1,521091,,,NP
sub,592382,Matthew Hauser,0,0,1
play,9,1,521091,,,5/PF,89.36,187.75
play,9,1,571641,,,K
play,9,1,542465,,,K
id,JohAPP201007040
info,visteam,DanAPP
info,hometeam,JohAPP
info,date,2010/07/04
start,594935,Jason Mowry,0,1,8
start,595212,Jarred Frierson,0,2,4
start,592495,Joe Leonard,0,3,5
start,595176,Ryan Delgado,0,4,10
start,519345,Joseph Terdoslavich,0,5,3
start,572258,Jace Whitmer,0,6,2
start,501592,Daniel Falcon,0,7,9
start,592743,Andrelton Simmons,0,8,6
start,594819,Kenny Fleming,0,9,7
start,543146,Kyle Farrell,0,0,1
start,594824,Greg Garcia,1,1,4
start,570805,Oscar Taveras,1,2,8
start,592774,Cody Stanley,1,3,10
start,501223,David Medina,1,4,3
start,521091,Romulo Ruiz,1,5,5
start,542465,Roberto Reyes,1,6,9
start,551750,Cesar Valera,1,7,6
start,516650,Juan Castillo,1,8,2
start,572265,Reggie Williams,1,9,7
start,572953,Cale Johnson,1,0,1
play,1,0,594935,,,43/G,134.54,171.69
play,1,0,595212,,,W
play,1,0,592495,,,S8/L.1-3(E8)(E8),121.49,138.55
play,1,0,595176,,,53/G.1-2;3-H,106.43,183.73
play,1,0,519345,,,5/P,101.41,170.68
play,1,1,594824,,,8/F,120.48,79.32
play,1,1,570805,,,43/G,136.55,169.68
play,1,1,592774,,,D9/F,206.83,107.43
play,1,1,501223,,,W
play,1,1,521091,,,S7/F.1X3;2-H,78.31,146.59
play,2,0,572258,,,S6/G,105.42,171.69
play,2,0,501592,,,9/FF,176.71,168.67
play,2,0,592743,,,FC5/G.1X2(54);B-1,106.43,181.73
play,2,0,594819,,,W.1-2
play,2,0,594935,,,S8/F.1X3;2-H,129.52,136.55
play,2,1,542465,,,S8/G.BX2(86),123.49,138.55
play,2,1,551750,,,D7/F,38.15,111.45
play,2,1,516650,,,S6/G.2-3,103.41,173.69
play,2,1,572265,,,K
play,2,1,594824,,,7/L,69.28,128.51
play,3,0,595212,,,8/F,132.53,69.28
play,3,0,592495,,,D9/F,207.83,116.47
play,3,0,595176,,,D7/F.2-H,40.16,113.45
play,3,0,519345,,,PB.2-3
play,3,0,519345,,,K
play,3,0,572258,,,HP
play,3,0,501592,,,43/G,143.57,174.70
play,3,1,570805,,,W
play,3,1,592774,,,S9/G.1-2,158.63,147.59
play,3,1,501223,,,BK.1-2;2-3
play,3,1,501223,,,S9/G.2-3;3-H,158.63,149.60
play,3,1,521091,,,64(1)3/GDP/G6.3-H,111.45,168.67
play,3,1,542465,,,63/G,118.47,164.66
play,4,0,592743,,,6/L,119.48,168.67
play,4,0,594819,,,43/G,139.56,172.69
play,4,0,594935,,,K
play,4,1,551750,,,D7/F,120.48,138.55
play,4,1,516650,,,HR/F.2-H,42.17,69.28
play,4,1,572265,,,43/G,135.54,166.67
play,4,1,594824,,,53/BG,118.47,199.80
play,4,1,570805,,,T9/F,215.86,113.45
play,4,1,592774,,,WP.3-H
play,4,1,592774,,,W
play,4,1,501223,,,K
play,5,0,595212,,,T7/F,41.16,112.45
play,5,0,592495,,,S6/G.3-H;B-2(E6/TH),119.48,162.65
play,5,0,595176,,,D7/L.2-H,43.17,118.47
play,5,0,519345,,,NP
sub,594955,Christopher Patterson,1,0,1
play,5,0,519345,,,63/G.2-3,110.44,164.66
play,5,0,572258,,,HP
play,5,0,501592,,,OA.3XH(32)
play,5,0,501592,,,K23
play,5,1,521091,,,NP
sub,592501,Matthew Lewis,0,0,1
play,5,1,521091,,,6/P,101.41,161.65
play,5,1,542465,,,K
play,5,1,551750,,,63/G,107.43,164.66
play,6,0,592743,,,K
play,6,0,594819,,,S7/F,82.33,153.61
play,6,0,594935,,,BK.1-2
play,6,0,594935,,,7/L,61.24,120.48
play,6,0,595212,,,W
play,6,0,592495,,,NP
sub,517228,Francisco Guzman,1,0,1
play,6,0,592495,,,FC5/G.1X2(54),105.42,178.71
play,6,1,516650,,,S7/G,73.29,130.52
play,6,1,572265,,,E1/TH.1-2,123.49,200.80
play,6,1,594824,,,W.1-2;2-3
play,6,1,570805,,,HR/F.1-H;2-H;3-H,214.86,80.32
play,6,1,592774,,,63/G,112.45,166.67
play,6,1,501223,,,T7/L,46.18,116.47
play,6,1,521091,,,53/G,108.43,191.77
play,6,1,542465,,,K
play,7,0,595176,,,K
play,7,0,519345,,,S7/F,91.37,153.61
play,7,0,572258,,,HP.1-2
play,7,0,501592,,,8/L,129.52,87.35
play,7,0,592743,,,FC5/G.2X3(5),103.41,181.73
play,7,1,551750,,,NP
sub,576168,Dalton Acord,0,0,1
play,7,1,551750,,,13/G,120.48,200.80
play,7,1,516650,,,S7/F,76.31,134.54
play,7,1,572265,,,W.1-2
play,7,1,594824,,,9/F.2-3,176.71,114.46
play,7,1,570805,,,K
play,8,0,594819,,,8/F,112.45,77.31
play,8,0,594935,,,43/G,142.57,172.69
play,8,0,595212,,,K
play,8,1,592774,,,K
play,8,1,501223,,,D9/F,193.78,119.48
play,8,1,521091,,,WP.2-3
play,8,1,521091,,,S7/L.3-H,91.37,152.61
play,8,1,542465,,,6(1)3/G6/GDP,113.45,170.68
play,9,0,592495,,,NP
sub,592515,Aidan Lucas,1,0,1
play,9,0,592495,,,9/F,177.71,122.49
play,9,0,595176,,,S8/G,120.48,130.52
play,9,0,519345,,,43/G.1-2,137.55,172.69
play,9,0,572258,,,8/F,127.51,83.33
id,JohAPP201007050
info,visteam,DanAPP
info,hometeam,JohAPP
info,date,2010/07/05
start,594935,Jason Mowry,0,1,8
start,519345,Joseph Terdoslavich,0,2,3
start,592495,Joe Leonard,0,3,5
start,595176,Ryan Delgado,0,4,10
start,594828,Evan Gattis,0,5,2
start,501592,Daniel Falcon,0,6,9
start,592743,Andrelton Simmons,0,7,6
start,594819,Kenny Fleming,0,8,7
start,554239,Elmer Reyes,0,9,4
start,571873,Lucas La Point,0,0,1
start,594824,Greg Garcia,1,1,4
start,570805,Oscar Taveras,1,2,8
start,592774,Cody Stanley,1,3,2
start,501223,David Medina,1,4,3
start,521091,Romulo Ruiz,1,5,5
start,571641,Christopher Edmondson,1,6,10
start,551750,Cesar Valera,1,7,6
start,542465,Roberto Reyes,1,8,9
start,518802,Virgil Hill,1,9,7
start,572096,Trevor Rosenthal,1,0,1
play,1,0,594935,,,W
play,1,0,519345,,,K
play,1,0,placeholder,,,PO1(??)
play,1,0,592495,,,13/G,127.51,195.78
play,1,1,594824,,,D7/F,64.26,96.39
play,1,1,570805,,,K
play,1,1,592774,,,3/G.2-3,146.59,187.75
play,1,1,501223,,,S7/L.3-H,91.37,114.46
play,1,1,521091,,,8/F,102.41,94.38
play,2,0,595176,,,D7/F,73.29,81.33
play,2,0,594828,,,S5/G,86.35,158.63
play,2,0,501592,,,54(1)3/GDP/G5.2-3,117.47,178.71
play,2,0,592743,,,HP
play,2,0,594819,,,K
play,2,1,571641,,,63/G,114.46,172.69
play,2,1,551750,,,7/F,66.27,121.49
play,2,1,542465,,,K
play,3,0,554239,,,5/L,99.40,182.73
play,3,0,594935,,,53/G,98.39,178.71
play,3,0,519345,,,63/G,103.41,180.72
play,3,1,518802,,,63/G,110.44,172.69
play,3,1,594824,,,HP
play,3,1,570805,,,7/F,76.31,111.45
play,3,1,592774,,,CS2
play,4,0,592495,,,9/F,177.71,121.49
play,4,0,595176,,,K
play,4,0,594828,,,S9/G,170.68,127.51
play,4,0,501592,,,FC6/G.1X2(6),105.42,170.68
play,4,1,592774,,,HR/F,231.93,56.22
play,4,1,501223,,,K
play,4,1,521091,,,HR/F,46.18,51.20
play,4,1,571641,,,9/F,193.78,103.41
play,4,1,551750,,,S9/L,160.64,113.45
play,4,1,542465,,,8/F,120.48,101.41
play,5,0,592743,,,43/G,149.60,174.70
play,5,0,594819,,,63/G,129.52,184.74
play,5,0,554239,,,S8/L,108.43,74.30
play,5,0,594935,,,FC5/G.1X2(54),111.45,193.78
play,5,1,518802,,,S8/G,121.49,95.38
play,5,1,594824,,,5/PF,88.35,191.77
play,5,1,570805,,,HP.1-2
play,5,1,592774,,,7/F.2-3,71.29,94.38
play,5,1,501223,,,HR/F.1-H;3-H,38.15,59.24
play,5,1,521091,,,K
play,6,0,519345,,,NP
sub,542213,Charllan Jimenez,1,0,1
play,6,0,519345,,,9/FF,176.71,167.67
play,6,0,592495,,,E6,100.40,171.69
play,6,0,595176,,,HR/F.1-H,207.83,61.24
play,6,0,594828,,,53/G,109.44,177.71
play,6,0,501592,,,63/G,110.44,175.70
play,6,1,571641,,,NP
sub,573062,Aaron Northcraft,0,0,1
play,6,1,551750,,,NP
sub,571599,Jakob Dalfonso,0,2,3
play,6,1,571641,,,9/F,162.65,102.41
play,6,1,551750,,,43/G,158.63,172.69
play,6,1,542465,,,63/G,107.43,173.69
play,7,0,592743,,,K
play,7,0,594819,,,T7/F,65.26,107.43
play,7,0,554239,,,D7/F.3-H,39.16,84.34
play,7,0,594935,,,PB.2-3
play,7,0,594935,,,8/F,129.52,96.39
play,7,0,571599,,,D9/F.3-H,184.74,110.44
play,7,0,592495,,,NP
sub,518447,Andrew Benes,1,0,1
play,7,0,592495,,,S8/L.2-H,110.44,98.39
play,7,0,595176,,,W.1-2
play,7,0,594828,,,FC6/G.1X2(64),102.41,175.70
play,7,1,518802,,,D9/L,152.61,106.43
play,7,1,594824,,,2/G(BATINT),124.50,204.82
play,7,1,570805,,,WP.2-3
play,7,1,570805,,,K
play,7,1,592774,,,S8/L.3-H,118.47,109.44
play,7,1,501223,,,8/F,151.61,103.41
play,8,0,501592,,,NP
sub,592515,Aidan Lucas,1,0,1
play,8,0,501592,,,4/P,123.49,149.60
play,8,0,592743,,,53/G,105.42,182.73
play,8,0,594819,,,NP
sub,500675,Kleininger Teran,1,4,3
play,8,0,594819,,,W
play,8,0,554239,,,NP
sub,523489,Hector Corpas,1,0,1
play,8,0,554239,,,K23
play,8,1,521091,,,NP
sub,548323,Willie Kempf,0,0,1
play,8,1,521091,,,43/G,135.54,172.69
play,8,1,571641,,,W
play,8,1,551750,,,K
play,8,1,542465,,,NP
sub,572265,Reggie Williams,1,6,12
play,8,1,542465,,,K
play,9,0,594935,,,NP
sub,572265,Reggie Williams,1,6,10
play,9,0,594935,,,8/F,132.53,88.35
play,9,0,571599,,,D8/F,138.55,60.24
play,9,0,592495,,,S8/L.2-3,124.50,80.32
play,9,0,595176,,,6/P,102.41,169.68
play,9,0,594828,,,WP.1-2
play,9,0,594828,,,K23
id,JohAPP201007060
info,visteam,DanAPP
info,hometeam,JohAPP
info,date,2010/07/06
start,594935,Jason Mowry,0,1,8
start,592743,Andrelton Simmons,0,2,6
start,592495,Joe Leonard,0,3,5
start,595176,Ryan Delgado,0,4,2
start,572258,Jace Whitmer,0,5,10
start,517424,Alberto Odreman,0,6,3
start,501592,Daniel Falcon,0,7,9
start,506916,Bobby Rauh,0,8,7
start,554239,Elmer Reyes,0,9,4
start,592303,David Filak,0,0,1
start,594824,Greg Garcia,1,1,4
start,570805,Oscar Taveras,1,2,8
start,500675,Kleininger Teran,1,3,3
start,595158,Philip Cerreto,1,4,9
start,521091,Romulo Ruiz,1,5,10
start,502023,Travis Tartamella,1,6,2
start,551750,Cesar Valera,1,7,6
start,592286,Patrick Elkins,1,8,5
start,572265,Reggie Williams,1,9,7
start,595342,Jeff Nadeau,1,0,1
play,1,0,594935,,,43/G,132.53,173.69
play,1,0,592743,,,3/P,140.56,178.71
play,1,0,592495,,,8/F,120.48,102.41
play,1,1,594824,,,K
play,1,1,570805,,,HR/F,52.21,42.17
play,1,1,500675,,,K
play,1,1,595158,,,W
play,1,1,521091,,,S7/G.1-2,67.27,110.44
play,1,1,502023,,,9/F,170.68,111.45
play,2,0,595176,,,63/G,116.47,174.70
play,2,0,572258,,,D7/G,66.27,119.48
play,2,0,517424,,,4/P,145.58,173.69
play,2,0,501592,,,53/G,106.43,178.71
play,2,1,placeholder,,,NP
sub,592786,Matthew Suschak,0,0,1
play,2,1,551750,,,S7/G,86.35,116.47
play,2,1,592286,,,WP.1-2
play,2,1,592286,,,FC6.2X3(65),108.43,168.67
play,2,1,placeholder,,,OA.1X2(26)
play,2,1,572265,,,S8/G,139.56,107.43
play,2,1,594824,,,7/F,74.30,109.44
play,3,0,506916,,,S7/G,65.26,94.38
play,3,0,554239,,,9/L,172.69,100.40
play,3,0,594935,,,D7/L.1-3,75.30,129.52
play,3,0,592743,,,FC6.2X3(65);3-H,115.46,174.70
play,3,0,592495,,,POCS2(136)
play,3,1,570805,,,W
play,3,1,500675,,,S8/G.1-2,122.49,115.46
play,3,1,595158,,,WP.1-2;2-3
play,3,1,595158,,,53/G,100.40,176.71
play,3,1,521091,,,7/F,87.35,118.47
play,3,1,502023,,,WP.2-3;3-H
play,3,1,502023,,,S8/G.3-H,123.49,122.49
play,3,1,551750,,,HP.1-2
play,3,1,592286,,,43/G,135.54,167.67
play,4,0,592495,,,HR/F,35.14,64.26
play,4,0,595176,,,9/L,170.68,112.45
play,4,0,572258,,,S8/L,118.47,112.45
play,4,0,517424,,,D7/F.1-3,59.24,124.50
play,4,0,501592,,,S8/L.2-H;3-H,130.52,81.33
play,4,0,506916,,,FC5/G.1X2(54);B-1,104.42,181.73
play,4,0,554239,,,53/G,100.40,178.71
play,4,1,572265,,,NP
sub,594819,Kenny Fleming,0,1,8
play,4,1,572265,,,6/P,112.45,169.68
play,4,1,594824,,,D7/L,75.30,122.49
play,4,1,570805,,,NP
sub,542562,Edigson Mora,0,0,1
play,4,1,570805,,,63/G.2-3,106.43,170.68
play,4,1,500675,,,PB.3-H
play,4,1,500675,,,W
play,4,1,595158,,,D7/L.1-3,58.23,119.48
play,4,1,521091,,,W
play,4,1,502023,,,FC5/G.2X3(5),108.43,184.74
play,5,0,594819,,,NP
sub,595031,Boone Whiting,1,0,1
play,5,0,594819,,,HP
play,5,0,592743,,,53/G.1-2,99.40,176.71
play,5,0,592495,,,S8/G.2-H,116.47,119.48
play,5,0,595176,,,K
play,5,0,572258,,,S8/L.1-2,124.50,110.44
play,5,0,517424,,,K
play,5,1,551750,,,143/G1,127.51,183.73
play,5,1,592286,,,K
play,5,1,572265,,,53/G,100.40,179.72
play,6,0,501592,,,43/G,137.55,171.69
play,6,0,506916,,,K
play,6,0,554239,,,43/G,128.51,166.67
play,6,1,594824,,,K
play,6,1,570805,,,43/G,137.55,173.69
play,6,1,500675,,,S9/L,178.71,111.45
play,6,1,595158,,,D9/L.1XH,161.65,129.52
play,7,0,594819,,,K23
play,7,0,592743,,,5/L,102.41,177.71
play,7,0,592495,,,K
play,7,1,521091,,,E5,98.39,180.72
play,7,1,502023,,,FC4/G.1X2(4);B-1,135.54,172.69
play,7,1,551750,,,W.1-2
play,7,1,592286,,,9/F,161.65,121.49
play,7,1,572265,,,NP
sub,592774,Cody Stanley,1,9,11
play,7,1,592774,,,T8/F.1-H;2-H,119.48,71.29
play,7,1,594824,,,NP
sub,572911,Jamie Hayes,0,0,1
play,7,1,594824,,,9/F,156.63,112.45
play,8,0,595176,,,NP
sub,518802,Virgil Hill,1,9,7
play,8,0,595176,,,63/G,105.42,172.69
play,8,0,572258,,,HP
play,8,0,517424,,,NP
sub,594886,Barrett Kleinknecht,0,5,12
play,8,0,517424,,,W.1-2
play,8,0,501592,,,NP
sub,594955,Christopher Patterson,1,0,1
play,8,0,501592,,,NP
sub,519345,Joseph Terdoslavich,0,7,11
play,8,0,519345,,,S9/G.1-2;2-3,165.66,107.43
play,8,0,506916,,,NP
sub,571599,Jakob Dalfonso,0,8,11
play,8,0,571599,,,K
play,8,0,554239,,,K23
play,8,1,570805,,,NP
sub,594886,Barrett Kleinknecht,0,5,10
play,8,1,500675,,,NP
sub,519345,Joseph Terdoslavich,0,7,9
play,8,1,595158,,,NP
sub,571599,Jakob Dalfonso,0,8,7
play,8,1,570805,,,3/G,145.58,181.73
play,8,1,500675,,,13/G,112.45,189.76
play,8,1,595158,,,7/F,63.25,120.48
play,9,0,594819,,,NP
sub,542465,Roberto Reyes,1,4,9
play,9,0,592743,,,NP
sub,523489,Hector Corpas,1,0,1
play,9,0,594819,,,K
play,9,0,592743,,,K
play,9,0,592495,,,K
id,JohAPP201007120
info,visteam,KinAPP
info,hometeam,JohAPP
info,date,2010/07/12
start,572897,ZeErika McQueen,0,1,8
start,592725,Justin Schafer,0,2,4
start,502095,Lucas Stewart,0,3,3
start,573669,Aderlin Rodriguez,0,4,5
start,543710,Javier Rodriguez,0,5,9
start,544938,Albert Cordero,0,6,10
start,572284,Nelfi Zapata,0,7,2
start,502402,Brandon Brown,0,8,6
start,573153,John Semel,0,9,7
start,592560,Brett Mitchell,0,0,1
start,518802,Virgil Hill,1,1,7
start,542465,Roberto Reyes,1,2,9
start,500675,Kleininger Teran,1,3,3
start,571641,Christopher Edmondson,1,4,10
start,521091,Romulo Ruiz,1,5,5
start,502023,Travis Tartamella,1,6,2
start,551750,Cesar Valera,1,7,6
start,592286,Patrick Elkins,1,8,4
start,572265,Reggie Williams,1,9,8
start,595166,Ryan Copeland,1,0,1
play,1,0,572897,,,13/G,126.51,198.80
play,1,0,592725,,,4/P,145.58,167.67
play,1,0,502095,,,K
play,1,1,518802,,,K
play,1,1,542465,,,7/F,81.33,125.50
play,1,1,500675,,,8/L,123.49,104.42
play,2,0,573669,,,7/F,76.31,119.48
play,2,0,543710,,,53/G,104.42,178.71
play,2,0,544938,,,D8/F,95.38,83.33
play,2,0,572284,,,S8/F.2-H,123.49,117.47
play,2,0,502402,,,WP.1-2
play,2,0,502402,,,K
play,2,1,571641,,,S8/G,118.47,114.46
play,2,1,placeholder,,,PO1(E?).1-2
play,2,1,521091,,,8/F,128.51,100.40
play,2,1,502023,,,53/G,107.43,182.73
play,2,1,551750,,,K
play,3,0,573153,,,6/P,105.42,167.67
play,3,0,572897,,,D8/F,81.33,83.33
play,3,0,592725,,,PB.2-3
play,3,0,592725,,,D7/G.3-H,78.31,146.59
play,3,0,502095,,,K
play,3,0,573669,,,WP.2-3
play,3,0,573669,,,3/P,142.57,175.70
play,3,1,592286,,,HR/F,200.80,62.25
play,3,1,572265,,,W
play,3,1,518802,,,FC1/G.1X2(14);B-1,125.50,195.78
play,3,1,542465,,,PO1(E?).1-3
play,3,1,542465,,,K
play,3,1,500675,,,PB.3-H
play,3,1,500675,,,D9/F,153.61,97.39
play,3,1,571641,,,S8/L.2-H,118.47,115.46
play,3,1,521091,,,K
play,4,0,543710,,,K
play,4,0,544938,,,6/P,110.44,168.67
play,4,0,572284,,,S7/L.BX2(74),79.32,131.53
play,4,1,502023,,,K23
play,4,1,551750,,,S7/L,68.27,130.52
play,4,1,592286,,,D9/G.1-3,189.76,121.49
play,4,1,572265,,,8/SF.3-H,127.51,103.41
play,4,1,518802,,,63/G,113.45,170.68
play,5,0,502402,,,9/L,164.66,130.52
play,5,0,573153,,,8/F,129.52,107.43
play,5,0,572897,,,W
play,5,0,592725,,,POCS2(136)
play,5,1,542465,,,NP
sub,500783,Orlando Tovar,0,0,1
play,5,1,542465,,,3/G,142.57,184.74
play,5,1,500675,,,3/G,139.56,180.72
play,5,1,571641,,,S7/G,78.31,133.53
play,5,1,521091,,,HR/F.1-H,48.19,67.27
play,5,1,502023,,,K
play,6,0,502095,,,NP
sub,571772,Hector Hernandez,1,0,1
play,6,0,592725,,,63/G,103.41,167.67
play,6,0,502095,,,S9/G,162.65,128.51
play,6,0,573669,,,S7/G.1-2,79.32,136.55
play,6,0,543710,,,HR/F.1-H;2-H,112.45,33.13
play,6,0,544938,,,S9/L,164.66,138.55
play,6,0,572284,,,NP
sub,594955,Christopher Patterson,1,0,1
play,6,0,572284,,,E5/TH.1-3,113.45,173.69
play,6,0,502402,,,K
play,6,0,573153,,,SB2
play,6,0,573153,,,S8/G.2XH;3-H,129.52,115.46
play,6,1,551750,,,3/G,143.57,179.72
play,6,1,592286,,,S7/G,76.31,129.52
play,6,1,572265,,,46(1)3/GDP/G4,142.57,168.67
play,7,0,572897,,,D7/F,41.16,114.46
play,7,0,592725,,,W+PB.2-3
play,7,0,502095,,,HP.1-2
play,7,0,573669,,,NP
sub,518447,Andrew Benes,1,0,1
play,7,0,573669,,,S9/L.1-2;2-3;3-H,160.64,132.53
play,7,0,543710,,,FC5/G.1-2;2-3;3XH(52);B-1,98.39,176.71
play,7,0,544938,,,D8/F.1-3;2-H;3-H,84.34,84.34
play,7,0,572284,,,D8/L.2-H;3-H,144.58,99.40
play,7,0,502402,,,FC5.2X3(546);B-2,106.43,174.70
play,7,0,573153,,,K
play,7,1,518802,,,D7/L,53.21,121.49
play,7,1,542465,,,4/P,139.56,169.68
play,7,1,500675,,,K23
play,7,1,571641,,,3/G,138.55,179.72
play,8,0,572897,,,NP
sub,519185,Robert Revesz,1,0,1
play,8,0,572897,,,63/G,109.44,168.67
play,8,0,592725,,,D7/L,63.25,98.39
play,8,0,502095,,,K
play,8,0,573669,,,3/G,139.56,178.71
play,8,1,521091,,,NP
sub,571560,T. J. Chism,0,0,1
play,8,1,521091,,,53/G,106.43,179.72
play,8,1,502023,,,W
play,8,1,551750,,,FC5/G.1X2(54);B-1,102.41,178.71
play,8,1,592286,,,13/G,126.51,199.80
play,9,0,543710,,,NP
sub,517228,Francisco Guzman,1,0,1
play,9,0,543710,,,K
play,9,0,544938,,,S1/G,119.48,189.76
play,9,0,572284,,,HR/F.1-H,52.21,63.25
play,9,0,502402,,,53/G,105.42,173.69
play,9,0,573153,,,D9/L,195.78,117.47
play,9,0,572897,,,W
play,9,0,592725,,,NP
sub,519072,Iden Nazario,1,0,1
play,9,0,502095,,,OA.1X2(23)
play,9,1,572265,,,NP
sub,595027,Michael Weldon,0,0,1
play,9,1,572265,,,K
play,9,1,518802,,,63/G,111.45,174.70
play,9,1,542465,,,D7/F,68.27,131.53
play,9,1,500675,,,53/G,103.41,179.72
id,JohAPP201007170
info,visteam,KinAPP
info,hometeam,JohAPP
info,date,2010/07/17
start,514914,Ray Van Gurp,0,1,4
start,592725,Justin Schafer,0,2,6
start,572897,ZeErika McQueen,0,3,8
start,573669,Aderlin Rodriguez,0,4,5
start,543710,Javier Rodriguez,0,5,9
start,572284,Nelfi Zapata,0,6,2
start,595198,Patrick Farrell,0,7,10
start,516941,Eddie Lora,0,8,3
start,573153,John Semel,0,9,7
start,514897,Eduardo Aldama,0,0,1
start,592286,Patrick Elkins,1,1,4
start,500675,Kleininger Teran,1,2,3
start,592774,Cody Stanley,1,3,2
start,571641,Christopher Edmondson,1,4,7
start,521091,Romulo Ruiz,1,5,5
start,595158,Philip Cerreto,1,6,9
start,551750,Cesar Valera,1,7,6
start,516650,Juan Castillo,1,8,10
start,572265,Reggie Williams,1,9,8
start,595031,Boone Whiting,1,0,1
play,1,0,514914,,,53/G,108.43,179.72
play,1,0,592725,,,K
play,1,0,572897,,,5/PF,87.35,185.74
play,1,1,592286,,,D7/L,59.24,128.51
play,1,1,500675,,,PB.2-3
play,1,1,500675,,,8/SF.3-H,120.48,74.30
play,1,1,592774,,,5/P,95.38,179.72
play,1,1,571641,,,5/PF,95.38,188.76
play,2,0,573669,,,53/G,109.44,176.71
play,2,0,543710,,,E5/TH,109.44,181.73
play,2,0,placeholder,,,PO1(E?).1-2
play,2,0,572284,,,WP.2-3
play,2,0,572284,,,K
play,2,0,595198,,,WP.3-H
play,2,0,595198,,,S8/G,109.44,127.51
play,2,0,516941,,,D7/G.1-H,67.27,112.45
play,2,0,573153,,,K
play,2,1,521091,,,53/G,106.43,179.72
play,2,1,595158,,,D8/L,124.50,111.45
play,2,1,551750,,,53/G,109.44,179.72
play,2,1,516650,,,9/F,172.69,121.49
play,3,0,514914,,,K
play,3,0,592725,,,D7/L,64.26,142.57
play,3,0,572897,,,8/F,120.48,99.40
play,3,0,573669,,,9/F,180.72,130.52
play,3,1,572265,,,K
play,3,1,592286,,,31/G,146.59,180.72
play,3,1,500675,,,8/F,115.46,100.40
play,4,0,543710,,,E4,136.55,169.68
play,4,0,572284,,,D9/G.1-3,169.68,128.51
play,4,0,595198,,,HR/F.2-H;3-H,200.80,68.27
play,4,0,516941,,,K
play,4,0,573153,,,T7/F,67.27,108.43
play,4,0,514914,,,NP
sub,518447,Andrew Benes,1,0,1
play,4,0,514914,,,S8/G.3-H,111.45,122.49
play,4,0,592725,,,53/G.1-2,105.42,180.72
play,4,0,572897,,,PB.2-3
play,4,0,572897,,,5/L,109.44,174.70
play,4,1,592774,,,NP
sub,544390,Lachlan Hodge,0,0,1
play,4,1,592774,,,43/G,137.55,171.69
play,4,1,571641,,,FLE2/PF
play,4,1,571641,,,W
play,4,1,521091,,,W.1-2
play,4,1,595158,,,W.1-2;2-3
play,4,1,551750,,,7/SF.2X3(754);3-H,57.23,112.45
play,5,0,573669,,,K
play,5,0,543710,,,D7/L,67.27,148.59
play,5,0,572284,,,53/G,103.41,177.71
play,5,0,595198,,,K
play,5,1,516650,,,6/P,104.42,168.67
play,5,1,572265,,,K
play,5,1,592286,,,HP
play,5,1,500675,,,9/F,169.68,119.48
play,6,0,516941,,,NP
sub,595342,Jeff Nadeau,1,0,1
play,6,0,516941,,,K
play,6,0,573153,,,K
play,6,0,514914,,,D8/F,138.55,99.40
play,6,0,592725,,,7/F,66.27,110.44
play,6,1,592774,,,63/G,111.45,173.69
play,6,1,571641,,,E5,108.43,182.73
play,6,1,521091,,,D7/L.1-3,53.21,116.47
play,6,1,595158,,,S7/G.2-3;3-H,74.30,127.51
play,6,1,551750,,,NP
sub,451699,Richard Pena,0,0,1
play,6,1,551750,,,K
play,6,1,516650,,,SB2
play,6,1,516650,,,W
play,6,1,572265,,,K
play,7,0,572897,,,W
play,7,0,573669,,,SB2;1-3(E4)(E4)
play,7,0,573669,,,K23
play,7,0,543710,,,K
play,7,0,572284,,,63/G,116.47,161.65
play,7,1,592286,,,7/F,61.24,109.44
play,7,1,500675,,,3/G,137.55,180.72
play,7,1,592774,,,13/G,132.53,193.78
play,8,0,595198,,,8/F,112.45,102.41
play,8,0,516941,,,W
play,8,0,573153,,,K
play,8,0,514914,,,WP.1-2
play,8,0,514914,,,63/G,111.45,166.67
play,8,1,571641,,,T8/F,91.37,120.48
play,8,1,521091,,,53/G,109.44,181.73
play,8,1,595158,,,8/F,113.45,122.49
play,8,1,551750,,,E6.3-H,117.47,170.68
play,8,1,516650,,,D7/G.1-H,51.20,121.49
play,8,1,572265,,,NP
sub,572831,Josh Edgin,0,0,1
play,8,1,592286,,,NP
sub,542465,Roberto Reyes,1,8,12
play,8,1,572265,,,NP
sub,570805,Oscar Taveras,1,9,11
play,8,1,570805,,,K
play,9,0,592725,,,NP
sub,542465,Roberto Reyes,1,8,10
play,9,0,572897,,,NP
sub,570805,Oscar Taveras,1,9,8
play,9,0,573669,,,NP
sub,517228,Francisco Guzman,1,0,1
play,9,0,592725,,,43/G,145.58,173.69
play,9,0,572897,,,S9/G,170.68,127.51
play,9,0,573669,,,4(1)3/G4/GDP,140.56,174.70
play,9,1,592286,,,K
play,9,1,500675,,,D7/L,49.20,133.53
play,9,1,592774,,,NP
sub,518802,Virgil Hill,1,2,12
play,9,1,592774,,,K
play,9,1,571641,,,S9/G.2-H,135.54,139.56
play,9,1,521091,,,K
play,10,0,543710,,,NP
sub,518802,Virgil Hill,1,2,9
play,10,0,572284,,,NP
sub,595158,Philip Cerreto,1,6,3
play,10,0,595198,,,NP
sub,523489,Hector Corpas,1,0,1
play,10,0,543710,,,K23
play,10,0,572284,,,2/P,124.50,205.82
play,10,0,595198,,,53/G,100.40,181.73
play,10,1,595158,,,W
play,10,1,551750,,,1/BP,129.52,192.77
play,10,1,542465,,,S8/G.1-2,131.53,118.47
play,10,1,570805,,,FC1/G.1-2;2X3(15);B-1,132.53,188.76
play,10,1,592286,,,K
play,11,0,516941,,,W
play,11,0,573153,,,NP
sub,541603,Ismael Tijerina,0,8,12
play,11,0,573153,,,34/SH.1-2,145.58,186.75
play,11,0,514914,,,NP
sub,502095,Lucas Stewart,0,1,11
play,11,0,502095,,,K
play,11,0,592725,,,7/F,63.25,117.47
play,11,1,518802,,,NP
sub,502095,Lucas Stewart,0,1,3
play,11,1,592774,,,NP
sub,541603,Ismael Tijerina,0,8,4
play,11,1,571641,,,NP
sub,571560,T. J. Chism,0,0,1
play,11,1,518802,,,D8/G,125.50,119.48
play,11,1,592774,,,4/P,141.57,166.67
play,11,1,571641,,,63/G.2-3,105.42,168.67
play,11,1,521091,,,NP
sub,595466,Steve Winnick,0,0,1
play,11,1,521091,,,K
play,12,0,572897,,,NP
sub,594955,Christopher Patterson,1,0,1
play,12,0,572897,,,8/F,113.45,80.32
play,12,0,573669,,,D7/F,67.27,123.49
play,12,0,543710,,,NP
sub,502402,Brandon Brown,0,4,12
play,12,0,543710,,,K23
play,12,0,572284,,,13/G,126.51,190.76
play,12,1,595158,,,NP
sub,592725,Justin Schafer,0,2,4
play,12,1,551750,,,NP
sub,502402,Brandon Brown,0,4,6
play,12,1,542465,,,NP
sub,541603,Ismael Tijerina,0,8,5
play,12,1,595158,,,63/G,108.43,170.68
play,12,1,551750,,,S9/G,172.69,124.50
play,12,1,542465,,,S7/G.1-2,72.29,123.49
play,12,1,570805,,,S8/G.1-2;2-3,118.47,129.52
play,12,1,592286,,,HP.1-2;2-3;3-H
id,JohAPP201007180
info,visteam,KinAPP
info,hometeam,JohAPP
info,date,2010/07/18
start,572897,ZeErika McQueen,0,1,8
start,592725,Justin Schafer,0,2,4
start,502095,Lucas Stewart,0,3,3
start,573669,Aderlin Rodriguez,0,4,5
start,543710,Javier Rodriguez,0,5,9
start,595198,Patrick Farrell,0,6,10
start,544938,Albert Cordero,0,7,2
start,543317,Charles Hinojosa,0,8,7
start,502402,Brandon Brown,0,9,6
start,571867,Jonathan Kountis,0,0,1
start,592286,Patrick Elkins,1,1,4
start,570805,Oscar Taveras,1,2,8
start,595158,Philip Cerreto,1,3,3
start,571641,Christopher Edmondson,1,4,10
start,521091,Romulo Ruiz,1,5,5
start,542465,Roberto Reyes,1,6,9
start,551750,Cesar Valera,1,7,6
start,516650,Juan Castillo,1,8,2
start,518802,Virgil Hill,1,9,7
start,571772,Hector Hernandez,1,0,1
play,1,0,572897,,,W
play,1,0,592725,,,SB2
play,1,0,592725,,,63/G.2-3,114.46,166.67
play,1,0,502095,,,9/F,199.80,103.41
play,1,0,573669,,,WP.3-H
play,1,0,573669,,,7/F,84.34,100.40
play,1,1,592286,,,8/F,117.47,72.29
play,1,1,570805,,,43/G,140.56,167.67
play,1,1,595158,,,HR/F,216.87,62.25
play,1,1,571641,,,S7/G,93.37,140.56
play,1,1,521091,,,S7/G.1-3,84.34,124.50
play,1,1,542465,,,D7/F.1-H;3-H,55.22,113.45
play,1,1,551750,,,8/F,125.50,87.35
play,2,0,543710,,,53/G,107.43,177.71
play,2,0,595198,,,K
play,2,0,544938,,,HR/F,210.84,66.27
play,2,0,543317,,,S9/F,171.69,139.56
play,2,0,502402,,,S6/G.1-2,113.45,160.64
play,2,0,572897,,,K
play,2,1,516650,,,S4/G,128.51,163.65
play,2,1,518802,,,E6.1-2,107.43,165.66
play,2,1,592286,,,13/SH.1-2;2-3,124.50,190.76
play,2,1,570805,,,8/SF.3-H,121.49,67.27
play,2,1,595158,,,HP
play,2,1,571641,,,5/P,106.43,182.73
play,3,0,592725,,,S9/G,165.66,143.57
play,3,0,502095,,,SB2
play,3,0,502095,,,W
play,3,0,573669,,,K
play,3,0,543710,,,5(B)54(2)/LDP,103.41,182.73
play,3,1,521091,,,S7/G,65.26,135.54
play,3,1,542465,,,S8/L.1-2,118.47,107.43
play,3,1,551750,,,K
play,3,1,516650,,,E5/TH.1-3;2-H,105.42,180.72
play,3,1,518802,,,S6/G.1-2;3-H,102.41,162.65
play,3,1,592286,,,NP
sub,500783,Orlando Tovar,0,0,1
play,3,1,592286,,,S7/L.1-2;2-3,77.31,125.50
play,3,1,570805,,,64(1)5/GDP/G6.3-H,107.43,163.65
play,4,0,595198,,,NP
sub,519185,Robert Revesz,1,0,1
play,4,0,595198,,,K
play,4,0,544938,,,5/P,107.43,182.73
play,4,0,543317,,,W
play,4,0,502402,,,7/F,66.27,116.47
play,4,1,595158,,,S7/G,76.31,127.51
play,4,1,571641,,,S9/L.1-2,172.69,142.57
play,4,1,521091,,,S7/L.1-2;2-3,66.27,126.51
play,4,1,542465,,,W.1-2;2-3;3-H
play,4,1,551750,,,E5.1-3;2-H;3-H;B-2,107.43,180.72
play,4,1,516650,,,S8/G.2-3;3-H,123.49,103.41
play,4,1,518802,,,K
play,4,1,592286,,,S9/G.1-2;3-H,168.67,138.55
play,4,1,570805,,,K
play,4,1,595158,,,7/F,64.26,112.45
play,5,0,572897,,,53/G,107.43,179.72
play,5,0,592725,,,S9/G,169.68,149.60
play,5,0,502095,,,PB.1-2
play,5,0,502095,,,S9/G.2-3,175.70,142.57
play,5,0,573669,,,E5.1-3;3-H;B-2,104.42,179.72
play,5,0,543710,,,NP
sub,595166,Ryan Copeland,1,0,1
play,5,0,543710,,,S4/G.2-3;3-H,132.53,165.66
play,5,0,595198,,,K
play,5,0,544938,,,8/F,121.49,83.33
play,5,1,571641,,,3/G,146.59,175.70
play,5,1,521091,,,W
play,5,1,542465,,,E4/TH.1-2,139.56,162.65
play,5,1,551750,,,64(1)3/GDP/G6,102.41,165.66
play,6,0,543317,,,K
play,6,0,502402,,,53/G,102.41,173.69
play,6,0,572897,,,HR/F,33.13,70.28
play,6,0,592725,,,K
play,6,1,516650,,,NP
sub,541596,Jhonathan Torres,0,0,1
play,6,1,516650,,,HR/F,62.25,47.19
play,6,1,518802,,,K
play,6,1,592286,,,63/G,113.45,165.66
play,6,1,570805,,,S8/G,130.52,116.47
play,6,1,595158,,,S6/G.1-3;B-2,108.43,163.65
play,6,1,571641,,,WP.2-3;3-H
play,6,1,571641,,,8/F,139.56,77.31
play,7,0,502095,,,S8/L,127.51,110.44
play,7,0,573669,,,K
play,7,0,543710,,,K
play,7,0,595198,,,K
play,7,1,521091,,,8/F,132.53,88.35
play,7,1,542465,,,K
play,7,1,551750,,,K
play,8,0,544938,,,D8/F,110.44,80.32
play,8,0,543317,,,W
play,8,0,502402,,,4/P,140.56,167.67
play,8,0,572897,,,3/P,142.57,183.73
play,8,0,592725,,,K
play,8,1,516650,,,63/G,107.43,163.65
play,8,1,518802,,,K
play,8,1,592286,,,NP
sub,594824,Greg Garcia,1,1,11
play,8,1,594824,,,HR/F,216.87,67.27
play,8,1,570805,,,S9/F,168.67,141.57
play,8,1,595158,,,K
play,9,0,502095,,,NP
sub,594824,Greg Garcia,1,1,4
play,9,0,573669,,,NP
sub,519072,Iden Nazario,1,0,1
play,9,0,502095,,,HP
play,9,0,573669,,,W.1-2
play,9,0,543710,,,3/PF,148.59,204.82
play,9,0,595198,,,K
play,9,0,544938,,,FC5/G.1X2(54),105.42,180.72
id,JohAPP201007190
info,visteam,KinAPP
info,hometeam,JohAPP
info,date,2010/07/19
start,571724,Chase Greene,0,1,8
start,592725,Justin Schafer,0,2,6
start,502095,Lucas Stewart,0,3,3
start,543710,Javier Rodriguez,0,4,9
start,544938,Albert Cordero,0,5,2
start,572284,Nelfi Zapata,0,6,10
start,514914,Ray Van Gurp,0,7,4
start,573153,John Semel,0,8,7
start,502402,Brandon Brown,0,9,5
start,592560,Brett Mitchell,0,0,1
start,594824,Greg Garcia,1,1,6
start,570805,Oscar Taveras,1,2,8
start,592774,Cody Stanley,1,3,10
start,571641,Christopher Edmondson,1,4,7
start,521091,Romulo Ruiz,1,5,5
start,595158,Philip Cerreto,1,6,3
start,542465,Roberto Reyes,1,7,9
start,502023,Travis Tartamella,1,8,2
start,592286,Patrick Elkins,1,9,4
start,572797,Patrick Daugherty,1,0,1
play,1,0,571724,,,8/F,124.50,83.33
play,1,0,592725,,,W
play,1,0,502095,,,K
play,1,0,543710,,,SB2
play,1,0,543710,,,E5.2-3,101.41,172.69
play,1,0,544938,,,K
play,1,1,594824,,,K
play,1,1,570805,,,S5/G,101.41,185.74
play,1,1,592774,,,8/F,136.55,67.27
play,1,1,571641,,,43/G,133.53,170.68
play,2,0,572284,,,43/G,135.54,167.67
play,2,0,514914,,,K
play,2,0,573153,,,63/G,116.47,164.66
play,2,1,521091,,,D8/L,124.50,73.29
play,2,1,595158,,,63/G.2-3,110.44,163.65
play,2,1,542465,,,W
play,2,1,502023,,,D8/L.1-H;3-H,169.68,71.29
play,2,1,592286,,,4/P,134.54,167.67
play,2,1,594824,,,K
play,3,0,502402,,,K
play,3,0,571724,,,63/G,112.45,171.69
play,3,0,592725,,,5/P,99.40,180.72
play,3,1,570805,,,D8/F,113.45,65.26
play,3,1,592774,,,HR/F.2-H,217.87,75.30
play,3,1,571641,,,8/F,117.47,76.31
play,3,1,521091,,,W
play,3,1,595158,,,3/G.1-2,155.62,186.75
play,3,1,542465,,,K23
play,4,0,502095,,,K
play,4,0,543710,,,K
play,4,0,544938,,,HR/F,229.92,99.40
play,4,0,572284,,,53/G,104.42,180.72
play,4,1,502023,,,W
play,4,1,592286,,,HP.1-2
play,4,1,594824,,,7/F,68.27,122.49
play,4,1,570805,,,NP
sub,595152,Hunter Carnevale,0,0,1
play,4,1,570805,,,S8/G.1-2;2-3,118.47,113.45
play,4,1,592774,,,4(1)3/G4/GDP,132.53,173.69
play,5,0,514914,,,HP
play,5,0,573153,,,D8/L.1-H,118.47,60.24
play,5,0,502402,,,K
play,5,0,571724,,,K
play,5,0,592725,,,HR/F.2-H,46.18,83.33
play,5,0,502095,,,K
play,5,1,571641,,,HR/F,188.76,54.22
play,5,1,521091,,,7/F,58.23,118.47
play,5,1,595158,,,W
play,5,1,542465,,,7/F,67.27,95.38
play,5,1,502023,,,S8/G.1-2,125.50,102.41
play,5,1,592286,,,8/F,133.53,87.35
play,6,0,543710,,,NP
sub,542203,Angel De Jesus,1,0,1
play,6,0,543710,,,K
play,6,0,544938,,,K
play,6,0,572284,,,53/G,104.42,180.72
play,6,1,594824,,,S5/BG,112.45,197.79
play,6,1,570805,,,SB2
play,6,1,570805,,,D7/L.2-H,47.19,115.46
play,6,1,592774,,,K23
play,6,1,571641,,,D9/L.2-H,215.86,115.46
play,6,1,521091,,,K23
play,6,1,595158,,,63/G,109.44,169.68
play,7,0,514914,,,S7/G,77.31,118.47
play,7,0,573153,,,W.1-2
play,7,0,502402,,,FC6/G.1X2(64);2-3;B-1,112.45,166.67
play,7,0,571724,,,CS2;3-H
play,7,0,571724,,,8/F,114.46,77.31
play,7,1,542465,,,NP
sub,542939,Peter Birdwell,0,0,1
play,7,1,542465,,,W
play,7,1,502023,,,CS2
play,7,1,502023,,,S8/G,128.51,98.39
play,7,1,592286,,,8/F,115.46,80.32
play,7,1,594824,,,W.1-2
play,7,1,570805,,,HP.1-2;2-3
play,7,1,592774,,,7/F,78.31,117.47
play,8,0,592725,,,E6,114.46,170.68
play,8,0,502095,,,6/P,119.48,158.63
play,8,0,543710,,,8/F,119.48,85.34
play,8,0,544938,,,NP
sub,592515,Aidan Lucas,1,0,1
play,8,0,544938,,,53/G,111.45,181.73
play,8,1,571641,,,NP
sub,572284,Nelfi Zapata,0,6,2
play,8,1,521091,,,NP
sub,542939,Peter Birdwell,0,5,1
play,8,1,571641,,,K
play,8,1,521091,,,K
play,8,1,595158,,,HR/F,215.86,83.33
play,8,1,542465,,,K
play,9,0,572284,,,NP
sub,518802,Virgil Hill,1,4,7
play,9,0,514914,,,NP
sub,523489,Hector Corpas,1,0,1
play,9,0,572284,,,S9/G,176.71,114.46
play,9,0,514914,,,46(1)3/GDP/G4,139.56,167.67
play,9,0,573153,,,8/F,120.48,86.35
id,JohAPP201007210
info,visteam,EliAPP
info,hometeam,JohAPP
info,date,2010/07/21
start,542454,Daniel Santana,0,1,6
start,573121,Nate Roberts,0,2,7
start,542455,Oswaldo Arcia,0,3,9
start,594896,Andy Leer,0,4,5
start,543611,Daniel Ortiz,0,5,10
start,592184,Brian Burke,0,6,3
start,516612,Jhonatan Arias,0,7,2
start,572993,Nick Lockwood,0,8,4
start,594854,Brandon Henderson,0,9,8
start,572155,Sam Spangler,0,0,1
start,594824,Greg Garcia,1,1,4
start,570805,Oscar Taveras,1,2,7
start,592774,Cody Stanley,1,3,10
start,595158,Philip Cerreto,1,4,3
start,521091,Romulo Ruiz,1,5,5
start,516650,Juan Castillo,1,6,2
start,518802,Virgil Hill,1,7,9
start,551750,Cesar Valera,1,8,6
start,572265,Reggie Williams,1,9,8
start,542213,Charllan Jimenez,1,0,1
play,1,0,542454,,,K
play,1,0,573121,,,S9/F,153.61,91.37
play,1,0,542455,,,S8/G.1-2,116.47,83.33
play,1,0,594896,,,D7/F.1-H;2-H,50.20,98.39
play,1,0,543611,,,T8/F.2-H,110.44,62.25
play,1,0,592184,,,K
play,1,0,516612,,,WP.3-H
play,1,0,516612,,,7/FF,48.19,150.60
play,1,1,594824,,,8/F,114.46,72.29
play,1,1,570805,,,S9/L,148.59,99.40
play,1,1,592774,,,FC4/G.1X2(46);B-1,142.57,156.63
play,1,1,595158,,,S7/F.1-3,60.24,96.39
play,1,1,521091,,,FC6/G.1X2(64),117.47,161.65
play,2,0,572993,,,S9/F,153.61,101.41
play,2,0,594854,,,K
play,2,0,542454,,,K
play,2,0,573121,,,PO1(E?).1-2
play,2,0,573121,,,43/G,146.59,157.63
play,2,1,516650,,,K
play,2,1,518802,,,K
play,2,1,551750,,,7/F,67.27,114.46
play,3,0,542455,,,HR/F,67.27,48.19
play,3,0,594896,,,E5,100.40,172.69
play,3,0,543611,,,9/F,167.67,98.39
play,3,0,592184,,,CS2
play,3,0,592184,,,53/G,105.42,170.68
play,3,1,572265,,,S8/F,121.49,77.31
play,3,1,594824,,,W.1-2
play,3,1,570805,,,S8/F.1-2;2-3,141.57,72.29
play,3,1,592774,,,K
play,3,1,595158,,,WP.1-2;2-3;3-H
play,3,1,595158,,,9/SF.2-3;3-H,163.65,88.35
play,3,1,521091,,,K
play,4,0,516612,,,D7/F,54.22,105.42
play,4,0,572993,,,3(B)36(2)/LDP,153.61,167.67
play,4,0,594854,,,S8/F,115.46,77.31
play,4,0,542454,,,D9/F.1-H;B-3,178.71,83.33
play,4,0,573121,,,S7/F.3-H,84.34,100.40
play,4,0,542455,,,K
play,4,1,516650,,,NP
sub,493556,David Gutierrez,0,0,1
play,4,1,516650,,,T8/F,114.46,66.27
play,4,1,518802,,,E6,108.43,153.61
play,4,1,551750,,,53/G.1-2,97.39,176.71
play,4,1,572265,,,53/G,104.42,172.69
play,4,1,594824,,,D9/F.2-H;3-H,180.72,74.30
play,4,1,570805,,,13/G,127.51,188.76
play,5,0,594896,,,NP
sub,517228,Francisco Guzman,1,0,1
play,5,0,594896,,,K
play,5,0,543611,,,3/G,144.58,158.63
play,5,0,592184,,,K
play,5,1,592774,,,53/G,101.41,167.67
play,5,1,595158,,,K
play,5,1,521091,,,53/G,107.43,175.70
play,6,0,516612,,,W
play,6,0,572993,,,FC5/G.1X2(54);B-1,105.42,173.69
play,6,0,594854,,,64(1)3/GDP/G6,113.45,156.63
play,6,1,516650,,,S7/G,67.27,104.42
play,6,1,518802,,,S9/G.1-2,164.66,89.36
play,6,1,551750,,,9/F.?X?(946),161.65,85.34
play,6,1,572265,,,K
play,7,0,542454,,,8/F,110.44,57.23
play,7,0,573121,,,K
play,7,0,542455,,,43/G,145.58,156.63
play,7,1,594824,,,NP
sub,594951,Ryan O'Rourke,0,0,1
play,7,1,594824,,,K
play,7,1,570805,,,E6,116.47,154.62
play,7,1,592774,,,SB2
play,7,1,592774,,,W
play,7,1,595158,,,D9/F.1-3;2-H,168.67,89.36
play,7,1,521091,,,D9/F.2-H;3-H,169.68,69.28
play,7,1,516650,,,7/F,72.29,95.38
play,7,1,518802,,,K
play,8,0,594896,,,NP
sub,594955,Christopher Patterson,1,0,1
play,8,0,594896,,,K
play,8,0,543611,,,T8/F,109.44,65.26
play,8,0,592184,,,S9/F.3-H,183.73,93.37
play,8,0,516612,,,W.1-2
play,8,0,572993,,,K
play,8,0,594854,,,K
play,8,1,551750,,,S9/F,164.66,82.33
play,8,1,572265,,,9/F,143.57,92.37
play,8,1,594824,,,PB.1-2
play,8,1,594824,,,S7/F.2-3,99.40,115.46
play,8,1,570805,,,NP
sub,592244,Logan Darnell,0,0,1
play,8,1,570805,,,S9/F.1-3;3-H,148.59,97.39
play,8,1,592774,,,8/SF.3-H,110.44,81.33
play,8,1,595158,,,SB2
play,8,1,595158,,,43/G,146.59,161.65
play,9,0,542454,,,NP
sub,523489,Hector Corpas,1,0,1
play,9,0,542454,,,S4/BG,158.63,94.38
play,9,0,573121,,,8/F,105.42,73.29
play,9,0,542455,,,K
play,9,0,594896,,,S8/F.1-2,119.48,82.33
play,9,0,543611,,,K
id,JohAPP201007220
info,visteam,EliAPP
info,hometeam,JohAPP
info,date,2010/07/22
start,542454,Daniel Santana,0,1,6
start,594849,Jamaal Hawkins,0,2,4
start,542455,Oswaldo Arcia,0,3,8
start,594896,Andy Leer,0,4,5
start,543611,Daniel Ortiz,0,5,7
start,571861,Kyle Knudson,0,6,2
start,573121,Nate Roberts,0,7,10
start,592184,Brian Burke,0,8,3
start,475774,Gunner Glad,0,9,9
start,516614,Manuel Soliman,0,0,1
start,594824,Greg Garcia,1,1,4
start,570805,Oscar Taveras,1,2,7
start,595158,Philip Cerreto,1,3,3
start,571641,Christopher Edmondson,1,4,10
start,542465,Roberto Reyes,1,5,9
start,502023,Travis Tartamella,1,6,2
start,518802,Virgil Hill,1,7,8
start,551750,Cesar Valera,1,8,6
start,592286,Patrick Elkins,1,9,5
start,595031,Boone Whiting,1,0,1
play,1,0,542454,,,43/G,138.55,173.69
play,1,0,594849,,,S7/L,77.31,137.55
play,1,0,542455,,,7/F,75.30,125.50
play,1,0,594896,,,CS2
play,1,1,594824,,,S7/G,79.32,131.53
play,1,1,placeholder,,,PO1(??)
play,1,1,570805,,,7/F,66.27,127.51
play,1,1,595158,,,S8/G,118.47,120.48
play,1,1,571641,,,7/F,70.28,119.48
play,2,0,594896,,,HR/F,32.13,64.26
play,2,0,543611,,,S3/G,134.54,194.78
play,2,0,571861,,,54(1)3/GDP/G5,106.43,186.75
play,2,0,573121,,,K
play,2,1,542465,,,S7/F,80.32,142.57
play,2,1,502023,,,46(1)3/GDP/G4,139.56,167.67
play,2,1,518802,,,E6,109.44,168.67
play,2,1,551750,,,HP.1-2
play,2,1,592286,,,W.1-2;2-3
play,2,1,594824,,,K
play,3,0,592184,,,HR/F,34.14,78.31
play,3,0,475774,,,S7/L,68.27,144.58
play,3,0,542454,,,S8/G.1-2,124.50,121.49
play,3,0,594849,,,K
play,3,0,542455,,,D7/G.1-3;2-H,49.20,129.52
play,3,0,594896,,,53/G,107.43,185.74
play,3,0,543611,,,WP.2-3;3-H
play,3,0,543611,,,W
play,3,0,571861,,,53/G,104.42,184.74
play,3,1,570805,,,8/F,120.48,96.39
play,3,1,595158,,,53/G,105.42,186.75
play,3,1,571641,,,K
play,4,0,573121,,,43/G,140.56,173.69
play,4,0,592184,,,S8/F,119.48,117.47
play,4,0,475774,,,K
play,4,0,542454,,,43/G,137.55,169.68
play,4,1,542465,,,D9/G,202.81,124.50
play,4,1,502023,,,PB.2-3
play,4,1,502023,,,1/P,117.47,194.78
play,4,1,518802,,,K
play,4,1,551750,,,K
play,5,0,594849,,,53/G,101.41,182.73
play,5,0,542455,,,HR/F,126.51,23.09
play,5,0,594896,,,K
play,5,0,543611,,,S9/L,173.69,143.57
play,5,0,571861,,,FC6/G.1X2(64),110.44,171.69
play,5,1,592286,,,K
play,5,1,594824,,,7/F,76.31,132.53
play,5,1,570805,,,3/G,145.58,185.74
play,6,0,573121,,,NP
sub,595342,Jeff Nadeau,1,0,1
play,6,0,573121,,,7/F,65.26,122.49
play,6,0,592184,,,D8/F,123.49,53.21
play,6,0,475774,,,K
play,6,0,542454,,,4/P,143.57,160.64
play,6,1,595158,,,HR/F,42.17,75.30
play,6,1,571641,,,HR/F,218.88,75.30
play,6,1,542465,,,W
play,6,1,502023,,,NP
sub,573624,Zach See,0,0,1
play,6,1,502023,,,S7/G.1-2,68.27,138.55
play,6,1,518802,,,FC6/G.1X2(64);2-3;B-1,113.45,173.69
play,6,1,551750,,,FC4/G.1X2(46);3-H;B-1,143.57,154.62
play,6,1,592286,,,SB2
play,6,1,592286,,,K
play,7,0,594849,,,S7/G,79.32,135.54
play,7,0,542455,,,W.1-2
play,7,0,594896,,,7/L,69.28,120.48
play,7,0,543611,,,46(1)3/GDP/G4,141.57,170.68
play,7,1,594824,,,K
play,7,1,570805,,,S7/F,78.31,139.56
play,7,1,595158,,,FC5/G.1X2(54);B-1,105.42,185.74
play,7,1,571641,,,SB2
play,7,1,571641,,,7/F,62.25,124.50
play,8,0,571861,,,43/G,137.55,171.69
play,8,0,573121,,,W
play,8,0,592184,,,8/F,133.53,81.33
play,8,0,475774,,,SB2
play,8,0,475774,,,W
play,8,0,542454,,,K
play,8,1,542465,,,S7/F,77.31,138.55
play,8,1,502023,,,NP
sub,542561,Jose Gonzalez,0,0,1
play,8,1,502023,,,3/PF,161.65,187.75
play,8,1,518802,,,W.1-2
play,8,1,551750,,,K
play,8,1,592286,,,NP
sub,521091,Romulo Ruiz,1,9,11
play,8,1,521091,,,WP.1-2;2-3
play,8,1,521091,,,K
play,9,0,594849,,,NP
sub,521091,Romulo Ruiz,1,9,5
play,9,0,542455,,,NP
sub,519072,Iden Nazario,1,0,1
play,9,0,594849,,,9/F,185.74,119.48
play,9,0,542455,,,S7/L,79.32,130.52
play,9,0,594896,,,8/F,131.53,81.33
play,9,0,543611,,,HR/F.1-H,209.84,65.26
play,9,0,571861,,,W
play,9,0,573121,,,8/F,127.51,84.34
play,9,1,594824,,,K
play,9,1,570805,,,8/L,119.48,96.39
play,9,1,595158,,,6/P,106.43,161.65
id,JohAPP201007290
info,visteam,EliAPP
info,hometeam,JohAPP
info,date,2010/07/29
start,542454,Daniel Santana,0,1,6
start,594849,Jamaal Hawkins,0,2,4
start,542455,Oswaldo Arcia,0,3,8
start,594896,Andy Leer,0,4,5
start,592184,Brian Burke,0,5,3
start,516612,Jhonatan Arias,0,6,10
start,573121,Nate Roberts,0,7,7
start,571972,Buddy Munroe,0,8,2
start,475774,Gunner Glad,0,9,9
start,517372,Martire Garcia,0,0,1
start,518802,Virgil Hill,1,1,9
start,570805,Oscar Taveras,1,2,7
start,592774,Cody Stanley,1,3,10
start,595158,Philip Cerreto,1,4,3
start,521091,Romulo Ruiz,1,5,5
start,502023,Travis Tartamella,1,6,2
start,592286,Patrick Elkins,1,7,4
start,551750,Cesar Valera,1,8,6
start,572265,Reggie Williams,1,9,8
start,572797,Patrick Daugherty,1,0,1
play,1,0,542454,,,HR/F,29.12,89.36
play,1,0,594849,,,K
play,1,0,542455,,,4/L,136.55,170.68
play,1,0,594896,,,7/F,63.25,120.48
play,1,1,518802,,,K
play,1,1,570805,,,5/P,99.40,172.69
play,1,1,592774,,,43/G,139.56,166.67
play,2,0,592184,,,D8/F,93.37,67.27
play,2,0,516612,,,8/F.2-3,122.49,88.35
play,2,0,573121,,,S7/G.3-H,74.30,140.56
play,2,0,placeholder,,,POCS2(136)
play,2,0,571972,,,K
play,2,1,595158,,,K
play,2,1,521091,,,63/G,118.47,165.66
play,2,1,502023,,,K
play,3,0,475774,,,8/F,123.49,106.43
play,3,0,542454,,,63/G,114.46,170.68
play,3,0,594849,,,K
play,3,1,592286,,,W
play,3,1,551750,,,9/F,185.74,121.49
play,3,1,572265,,,S8/G.1-2,120.48,142.57
play,3,1,518802,,,PB.1-2;2-3
play,3,1,518802,,,W
play,3,1,570805,,,K
play,3,1,592774,,,31/G,145.58,180.72
play,4,0,542455,,,S6/G,103.41,171.69
play,4,0,594896,,,W.1-2
play,4,0,592184,,,HR/F.1-H;2-H,32.13,88.35
play,4,0,516612,,,D7/L,46.18,119.48
play,4,0,573121,,,NP
sub,517228,Francisco Guzman,1,0,1
play,4,0,573121,,,S8/G.2-3,122.49,137.55
play,4,0,571972,,,64(1)3/GDP/G6.3-H,121.49,167.67
play,4,0,475774,,,S8/G,126.51,142.57
play,4,0,542454,,,3/G,141.57,187.75
play,4,1,595158,,,S8/G,131.53,134.54
play,4,1,521091,,,K
play,4,1,502023,,,SB2
play,4,1,502023,,,K
play,4,1,592286,,,4/P,142.57,162.65
play,5,0,594849,,,S9/G,156.63,151.61
play,5,0,542455,,,HR/F.1-H,212.85,79.32
play,5,0,594896,,,S3/G,137.55,196.79
play,5,0,592184,,,54(1)3/GDP/G5,107.43,182.73
play,5,0,516612,,,7/F,80.32,127.51
play,5,1,551750,,,K
play,5,1,572265,,,K
play,5,1,518802,,,K
play,6,0,573121,,,NP
sub,542203,Angel De Jesus,1,0,1
play,6,0,573121,,,D9/F,208.84,114.46
play,6,0,571972,,,31/G.2-3,147.59,179.72
play,6,0,475774,,,8/SF.3-H,118.47,82.33
play,6,0,542454,,,D9/L,181.73,139.56
play,6,0,594849,,,S8/G.2-H,126.51,140.56
play,6,0,542455,,,K
play,6,1,570805,,,D8/F,112.45,60.24
play,6,1,592774,,,S8/G.2-H,121.49,138.55
play,6,1,595158,,,S8/F.1-2,124.50,142.57
play,6,1,521091,,,PB.1-2;2-3
play,6,1,521091,,,K
play,6,1,502023,,,NP
sub,543859,Michael Tonkin,0,0,1
play,6,1,502023,,,K
play,6,1,592286,,,K
play,7,0,594896,,,K
play,7,0,592184,,,K
play,7,0,516612,,,K
play,7,1,551750,,,K
play,7,1,572265,,,K
play,7,1,518802,,,43/G,139.56,177.71
play,8,0,573121,,,NP
sub,542465,Roberto Reyes,1,2,7
play,8,0,573121,,,T8/F,105.42,60.24
play,8,0,571972,,,FC5.3XH(52),111.45,179.72
play,8,0,475774,,,S7/F.1-2,88.35,153.61
play,8,0,542454,,,K+WP.1-2;2-3
play,8,0,594849,,,HP
play,8,0,542455,,,NP
sub,519072,Iden Nazario,1,0,1
play,8,0,542455,,,K
play,8,1,542465,,,K
play,8,1,592774,,,HR/F,65.26,58.23
play,8,1,595158,,,T9/F,169.68,150.60
play,8,1,521091,,,53/G,109.44,184.74
play,8,1,502023,,,K
play,9,0,594896,,,S9/F,148.59,156.63
play,9,0,592184,,,T8/F.1-H,131.53,58.23
play,9,0,516612,,,W
play,9,0,573121,,,16(1)3/GDP/G1.3-H,129.52,191.77
play,9,0,571972,,,K
play,9,1,592286,,,NP
sub,592244,Logan Darnell,0,0,1
play,9,1,592286,,,3/G,147.59,181.73
play,9,1,551750,,,K
play,9,1,572265,,,13/G,124.50,192.77
id,JohAPP201007300
info,visteam,EliAPP
info,hometeam,JohAPP
info,date,2010/07/30
start,542454,Daniel Santana,0,1,6
start,573121,Nate Roberts,0,2,10
start,542455,Oswaldo Arcia,0,3,9
start,594896,Andy Leer,0,4,5
start,543611,Daniel Ortiz,0,5,7
start,592184,Brian Burke,0,6,3
start,516612,Jhonatan Arias,0,7,2
start,572993,Nick Lockwood,0,8,4
start,594854,Brandon Henderson,0,9,8
start,542565,Adrian Salcedo,0,0,1
start,594824,Greg Garcia,1,1,4
start,570805,Oscar Taveras,1,2,8
start,592774,Cody Stanley,1,3,10
start,595158,Philip Cerreto,1,4,9
start,571641,Christopher Edmondson,1,5,7
start,521091,Romulo Ruiz,1,6,5
start,516650,Juan Castillo,1,7,2
start,500675,Kleininger Teran,1,8,3
start,551750,Cesar Valera,1,9,6
start,572953,Cale Johnson,1,0,1
play,1,0,542454,,,13/G,129.52,186.75
play,1,0,573121,,,S8/G,137.55,104.42
play,1,0,542455,,,E6.1-3,99.40,165.66
play,1,0,594896,,,E6.1-2;3-H,107.43,166.67
play,1,0,543611,,,6/P,103.41,158.63
play,1,0,592184,,,S9/G.1-3;2-H,175.70,145.58
play,1,0,516612,,,S7/L.1-2;3-H,66.27,123.49
play,1,0,572993,,,S8/G.1-2;2-H,133.53,93.37
play,1,0,594854,,,S8/G.1-3;2-H;B-2,126.51,98.39
play,1,0,542454,,,63/G,99.40,168.67
play,1,1,594824,,,8/F,101.41,84.34
play,1,1,570805,,,HR/F,220.88,53.21
play,1,1,592774,,,D8/F,152.61,86.35
play,1,1,595158,,,S5/G,110.44,183.73
play,1,1,571641,,,13/G.1-2;2-3,123.49,190.76
play,1,1,521091,,,K
play,2,0,573121,,,31/G,147.59,171.69
play,2,0,542455,,,7/F,67.27,115.46
play,2,0,594896,,,S7/G,86.35,133.53
play,2,0,543611,,,8/F,149.60,70.28
play,2,1,516650,,,W
play,2,1,500675,,,CS2
play,2,1,500675,,,K
play,2,1,551750,,,53/G,110.44,184.74
play,3,0,592184,,,D9/L,201.81,124.50
play,3,0,516612,,,63/G.2-3,111.45,165.66
play,3,0,572993,,,E6/TH,112.45,163.65
play,3,0,594854,,,S9/G.1-2;3-H,175.70,138.55
play,3,0,542454,,,FC3/G.1X2(36);2-3;B-1,151.61,172.69
play,3,0,573121,,,D7/F.1-3;3-H,49.20,118.47
play,3,0,542455,,,31/G,150.60,168.67
play,3,1,594824,,,S6/G,105.42,172.69
play,3,1,570805,,,HR/F.1-H,221.89,68.27
play,3,1,592774,,,K
play,3,1,595158,,,D7/F,51.20,121.49
play,3,1,571641,,,7/F,56.22,114.46
play,3,1,521091,,,8/F,137.55,62.25
play,4,0,594896,,,63/G,113.45,155.62
play,4,0,543611,,,53/G,103.41,172.69
play,4,0,592184,,,63/G,109.44,159.64
play,4,1,516650,,,S8/G,113.45,106.43
play,4,1,500675,,,63/G.1-2,107.43,152.61
play,4,1,551750,,,63/G.2-3,109.44,165.66
play,4,1,594824,,,7/F,77.31,121.49
play,5,0,516612,,,D7/L,67.27,108.43
play,5,0,572993,,,S5/G.2-H;B-2,106.43,184.74
play,5,0,594854,,,9/F,189.76,114.46
play,5,0,542454,,,HR/F.2-H,223.90,77.31
play,5,0,573121,,,D9/L,177.71,127.51
play,5,0,542455,,,S9/F.2-3,173.69,138.55
play,5,0,594896,,,NP
sub,518447,Andrew Benes,1,0,1
play,5,0,594896,,,8/SF.3-H,121.49,75.30
play,5,0,543611,,,E3.1-3,144.58,183.73
play,5,0,592184,,,W.1-2
play,5,0,516612,,,K
play,5,1,570805,,,W
play,5,1,592774,,,7/F,64.26,123.49
play,5,1,595158,,,HP.1-2
play,5,1,571641,,,NP
sub,542465,Roberto Reyes,1,4,12
play,5,1,571641,,,S9/L.1-3;2-H;B-2,178.71,139.56
play,5,1,521091,,,D8/F.2-H;3-H,136.55,70.28
play,5,1,516650,,,NP
sub,594951,Ryan O'Rourke,0,0,1
play,5,1,516650,,,9/FF,188.76,162.65
play,5,1,500675,,,K
play,6,0,572993,,,NP
sub,542465,Roberto Reyes,1,4,9
play,6,0,572993,,,S7/G,77.31,119.48
play,6,0,594854,,,K
play,6,0,542454,,,K
play,6,0,573121,,,SB2
play,6,0,573121,,,W
play,6,0,542455,,,7/FF,52.21,148.59
play,6,1,551750,,,13/BG,125.50,200.80
play,6,1,594824,,,K
play,6,1,570805,,,K
play,7,0,594896,,,13/G,119.48,188.76
play,7,0,543611,,,9/F,196.79,128.51
play,7,0,592184,,,9/F,175.70,112.45
play,7,1,592774,,,63/G,110.44,164.66
play,7,1,542465,,,53/G,103.41,177.71
play,7,1,571641,,,K
play,8,0,516612,,,NP
sub,517228,Francisco Guzman,1,0,1
play,8,0,516612,,,K
play,8,0,572993,,,S8/G,127.51,99.40
play,8,0,594854,,,7/F,67.27,106.43
play,8,0,542454,,,9/L,164.66,133.53
play,8,1,521091,,,NP
sub,542561,Jose Gonzalez,0,0,1
play,8,1,521091,,,7/L,65.26,126.51
play,8,1,516650,,,3/P,144.58,181.73
play,8,1,500675,,,43/G,131.53,166.67
play,9,0,573121,,,NP
sub,519072,Iden Nazario,1,0,1
play,9,0,573121,,,W
play,9,0,542455,,,K
play,9,0,594896,,,WP.1-2
play,9,0,594896,,,K
play,9,0,543611,,,W
play,9,0,592184,,,K
play,9,1,551750,,,K
play,9,1,594824,,,8/F,126.51,86.35
play,9,1,570805,,,3/BG,139.56,192.77
id,JohAPP201007310
info,visteam,EliAPP
info,hometeam,JohAPP
info,date,2010/07/31
start,542454,Daniel Santana,0,1,6
start,573121,Nate Roberts,0,2,7
start,542455,Oswaldo Arcia,0,3,9
start,594896,Andy Leer,0,4,5
start,592184,Brian Burke,0,5,3
start,594849,Jamaal Hawkins,0,6,10
start,571861,Kyle Knudson,0,7,2
start,572993,Nick Lockwood,0,8,4
start,594854,Brandon Henderson,0,9,8
start,543908,Blayne Weller,0,0,1
start,594824,Greg Garcia,1,1,6
start,570805,Oscar Taveras,1,2,8
start,592774,Cody Stanley,1,3,2
start,571641,Christopher Edmondson,1,4,10
start,521091,Romulo Ruiz,1,5,5
start,500675,Kleininger Teran,1,6,3
start,518802,Virgil Hill,1,7,7
start,542465,Roberto Reyes,1,8,9
start,592286,Patrick Elkins,1,9,4
start,542213,Charllan Jimenez,1,0,1
play,1,0,542454,,,K
play,1,0,573121,,,W
play,1,0,542455,,,S8/L.1-2,124.50,100.40
play,1,0,594896,,,CS3
play,1,0,594896,,,S4/P.1-3,153.61,145.58
play,1,0,592184,,,HP.1-2
play,1,0,594849,,,K
play,1,1,594824,,,W
play,1,1,570805,,,K
play,1,1,592774,,,K
play,1,1,571641,,,S6/G.1-2,124.50,152.61
play,1,1,521091,,,K
play,2,0,571861,,,S9/L,192.77,127.51
play,2,0,572993,,,FC5/G.1X2(54);B-1,101.41,179.72
play,2,0,594854,,,K
play,2,0,542454,,,D9/L.1-3,193.78,127.51
play,2,0,573121,,,43/G,137.55,167.67
play,2,1,500675,,,S5/G,102.41,177.71
play,2,1,518802,,,9/F,172.69,111.45
play,2,1,542465,,,43/G.1-2,143.57,167.67
play,2,1,592286,,,8/F,123.49,80.32
play,3,0,542455,,,S9/G.BX2(96),186.75,129.52
play,3,0,594896,,,S8/L,126.51,102.41
play,3,0,592184,,,46(1)3/GDP/G4,136.55,166.67
play,3,1,594824,,,8/F,123.49,83.33
play,3,1,570805,,,7/L,78.31,118.47
play,3,1,592774,,,163/G1,114.46,167.67
play,4,0,594849,,,53/G,99.40,178.71
play,4,0,571861,,,HP
play,4,0,572993,,,S8/L.1-2,123.49,98.39
play,4,0,594854,,,K
play,4,0,542454,,,4/P,128.51,153.61
play,4,1,571641,,,5/P,103.41,174.70
play,4,1,521091,,,53/G,102.41,176.71
play,4,1,500675,,,S9/G,175.70,118.47
play,4,1,518802,,,9/F,177.71,113.45
play,5,0,573121,,,NP
sub,543779,Kevin Siegrist,1,0,1
play,5,0,573121,,,3/G,147.59,178.71
play,5,0,542455,,,S8/L,126.51,101.41
play,5,0,594896,,,K
play,5,0,592184,,,WP.1-2
play,5,0,592184,,,K
play,5,1,542465,,,13/G,124.50,191.77
play,5,1,592286,,,E4,138.55,168.67
play,5,1,594824,,,E6/TH.1X3(35),112.45,171.69
play,5,1,570805,,,13/G,125.50,191.77
play,6,0,594849,,,S8/L,127.51,100.40
play,6,0,571861,,,16(1)3/GDP/G1,125.50,194.78
play,6,0,572993,,,4/P,138.55,168.67
play,6,1,592774,,,43/G,137.55,167.67
play,6,1,571641,,,6/P,115.46,165.66
play,6,1,521091,,,K
play,7,0,594854,,,S8/L,129.52,90.36
play,7,0,542454,,,K
play,7,0,573121,,,D7/F.1-3,61.24,109.44
play,7,0,542455,,,43/G.2-3;3-H,139.56,166.67
play,7,0,594896,,,9/F,165.66,114.46
play,7,1,500675,,,S9/G,178.71,119.48
play,7,1,518802,,,FC1/B.1X2(16);B-1,123.49,196.79
play,7,1,542465,,,7/F,74.30,115.46
play,7,1,592286,,,4/P,138.55,171.69
play,8,0,592184,,,HR/F,62.25,60.24
play,8,0,594849,,,S9/L,183.73,121.49
play,8,0,571861,,,NP
sub,592515,Aidan Lucas,1,0,1
play,8,0,571861,,,S9/L.1-2,174.70,130.52
play,8,0,572993,,,9/F,165.66,129.52
play,8,0,594854,,,FC6/G.1X2(64);2-3;B-1,111.45,167.67
play,8,0,542454,,,FC6/G.1X2(64),113.45,165.66
play,8,1,594824,,,NP
sub,592244,Logan Darnell,0,0,1
play,8,1,594824,,,HP
play,8,1,570805,,,46(1)3/GDP/G4,136.55,166.67
play,8,1,592774,,,K
play,9,0,573121,,,NP
sub,519185,Robert Revesz,1,0,1
play,9,0,573121,,,HP
play,9,0,542455,,,HR/F.1-H,62.25,59.24
play,9,0,594896,,,63/G,109.44,170.68
play,9,0,592184,,,W
play,9,0,594849,,,FC6/G.1X2(64);B-1,109.44,165.66
play,9,0,571861,,,D8/F.1-H,115.46,57.23
play,9,0,572993,,,63/G,111.45,166.67
play,9,1,571641,,,NP
sub,542561,Jose Gonzalez,0,0,1
play,9,1,571641,,,K
play,9,1,521091,,,43/G,137.55,167.67
play,9,1,500675,,,63/G,110.44,168.67
id,JohAPP201008090
info,visteam,BurAPP
info,hometeam,JohAPP
info,date,2010/08/09
start,519214,Derek Rodriguez,0,1,8
start,542502,Adrian Martinez,0,2,6
start,573183,Ryan Stovall,0,3,3
start,596306,Ryan Jenkins,0,4,10
start,572935,Anthony Howard,0,5,9
start,573001,Gabe MacDougall,0,6,7
start,524188,Yunior Figueroa,0,7,5
start,594900,Michael Liberto,0,8,4
start,595379,Drew Robertson,0,9,2
start,521835,Leonel Santiago,0,0,1
start,594824,Greg Garcia,1,1,4
start,570805,Oscar Taveras,1,2,10
start,592774,Cody Stanley,1,3,2
start,500675,Kleininger Teran,1,4,3
start,542465,Roberto Reyes,1,5,9
start,518802,Virgil Hill,1,6,7
start,592286,Patrick Elkins,1,7,5
start,572265,Reggie Williams,1,8,8
start,551750,Cesar Valera,1,9,6
start,572797,Patrick Daugherty,1,0,1
play,1,0,519214,,,W
play,1,0,placeholder,,,POCS2(136)
play,1,0,542502,,,K
play,1,0,573183,,,63/G,101.41,173.69
play,1,1,594824,,,K
play,1,1,570805,,,D7/G,64.26,137.55
play,1,1,592774,,,W
play,1,1,500675,,,K
play,1,1,542465,,,13/G,125.50,194.78
play,2,0,596306,,,K
play,2,0,572935,,,S8/F,119.48,117.47
play,2,0,573001,,,63/G.1-2,104.42,175.70
play,2,0,524188,,,S9/F.2-H,163.65,146.59
play,2,0,594900,,,W.1-2
play,2,0,595379,,,W.1-2;2-3
play,2,0,519214,,,S9/G.2XH;3-H,162.65,151.61
play,2,1,518802,,,W
play,2,1,placeholder,,,PO1(13)
play,2,1,592286,,,K
play,2,1,572265,,,K
play,3,0,542502,,,K
play,3,0,573183,,,HR/F,19.08,72.29
play,3,0,596306,,,13/G,125.50,185.74
play,3,0,572935,,,D9/L,163.65,141.57
play,3,0,573001,,,63/G,113.45,174.70
play,3,1,551750,,,S8/F,120.48,119.48
play,3,1,594824,,,FC5/G.1X2(54);B-1,108.43,183.73
play,3,1,570805,,,K
play,3,1,592774,,,CS2
play,4,0,524188,,,S7/F,59.24,133.53
play,4,0,594900,,,46(1)3/GDP/G4,146.59,175.70
play,4,0,595379,,,3/G,140.56,188.76
play,4,1,592774,,,3/G,136.55,183.73
play,4,1,500675,,,HR/F,233.94,59.24
play,4,1,542465,,,53/G,109.44,179.72
play,4,1,518802,,,K
play,5,0,519214,,,NP
sub,517228,Francisco Guzman,1,0,1
play,5,0,519214,,,43/G,146.59,180.72
play,5,0,542502,,,13/G,127.51,196.79
play,5,0,573183,,,D7/G,76.31,147.59
play,5,0,596306,,,K
play,5,1,592286,,,43/G,133.53,173.69
play,5,1,572265,,,3/G,138.55,185.74
play,5,1,551750,,,8/F,106.43,94.38
play,6,0,572935,,,NP
sub,542203,Angel De Jesus,1,0,1
play,6,0,572935,,,K
play,6,0,573001,,,S8/F,96.39,115.46
play,6,0,524188,,,K+SB2
play,6,0,594900,,,W
play,6,0,595379,,,D8/F.1-3;2-H,124.50,113.45
play,6,0,519214,,,D7/G.2-H;3-H,78.31,136.55
play,6,0,542502,,,K
play,6,1,594824,,,S8/F,103.41,117.47
play,6,1,570805,,,9/F,162.65,127.51
play,6,1,592774,,,S8/F.1-2,113.45,123.49
play,6,1,500675,,,5(B)54(2)/LDP,100.40,181.73
play,7,0,573183,,,K
play,7,0,596306,,,S3/G,140.56,188.76
play,7,0,572935,,,6/P,111.45,171.69
play,7,0,573001,,,8/F,103.41,97.39
play,7,1,542465,,,NP
sub,598859,Jake Ramsey,0,0,1
play,7,1,542465,,,S8/G,131.53,137.55
play,7,1,518802,,,W.1-2
play,7,1,592286,,,S7/G.1-2;2-3,105.42,155.62
play,7,1,572265,,,S6/G.1-2;2-3;3-H,94.38,159.64
play,7,1,551750,,,K
play,7,1,594824,,,K
play,7,1,570805,,,HR/F.1-H;2-H;3-H,32.13,56.22
play,7,1,592774,,,NP
sub,474992,Ryan Wood,0,0,1
play,7,1,592774,,,43/G,132.53,169.68
play,8,0,524188,,,NP
sub,592515,Aidan Lucas,1,0,1
play,8,0,524188,,,63/G,117.47,170.68
play,8,0,594900,,,K
play,8,0,595379,,,43/G,153.61,174.70
play,8,1,500675,,,8/F,114.46,92.37
play,8,1,542465,,,63/G,111.45,172.69
play,8,1,518802,,,D7/F,61.24,122.49
play,8,1,592286,,,W
play,8,1,572265,,,FC6/G.1X2(64),116.47,167.67
play,9,0,519214,,,53/BG,110.44,179.72
play,9,0,542502,,,HP
play,9,0,573183,,,4/P,147.59,165.66
play,9,0,596306,,,FC6/G.1X2(64),116.47,171.69
play,9,1,551750,,,NP
sub,592540,Justin Mazur,0,0,1
play,9,1,594824,,,NP
sub,571461,Geoffrey Baldwin,0,3,3
play,9,1,551750,,,K
play,9,1,594824,,,S3/G,148.59,185.74
play,9,1,570805,,,D7/F.1-H,57.23,135.54
id,JohAPP201008100
info,visteam,BurAPP
info,hometeam,JohAPP
info,date,2010/08/10
start,542371,Luis Piterson,0,1,4
start,519214,Derek Rodriguez,0,2,10
start,573183,Ryan Stovall,0,3,3
start,573001,Gabe MacDougall,0,4,7
start,572935,Anthony Howard,0,5,9
start,543454,Alex Llanos,0,6,8
start,524188,Yunior Figueroa,0,7,5
start,594900,Michael Liberto,0,8,6
start,595379,Drew Robertson,0,9,2
start,572026,Robert Penny,0,0,1
start,594824,Greg Garcia,1,1,4
start,570805,Oscar Taveras,1,2,7
start,500675,Kleininger Teran,1,3,3
start,501223,David Medina,1,4,10
start,502023,Travis Tartamella,1,5,2
start,542465,Roberto Reyes,1,6,9
start,518802,Virgil Hill,1,7,8
start,592286,Patrick Elkins,1,8,5
start,551750,Cesar Valera,1,9,6
start,572096,Trevor Rosenthal,1,0,1
play,1,0,542371,,,31/G,144.58,183.73
play,1,0,519214,,,S6/G,113.45,166.67
play,1,0,573183,,,K+SB2
play,1,0,573001,,,CS3
play,1,1,594824,,,6/P,125.50,164.66
play,1,1,570805,,,41/G,150.60,164.66
play,1,1,500675,,,S8/L.B-3(E8),121.49,112.45
play,1,1,501223,,,3/G,151.61,180.72
play,2,0,573001,,,K
play,2,0,572935,,,K
play,2,0,543454,,,K
play,2,1,502023,,,9/F,171.69,123.49
play,2,1,542465,,,7/FF,71.29,168.67
play,2,1,518802,,,K
play,3,0,524188,,,63/G,104.42,166.67
play,3,0,594900,,,63/G,104.42,169.68
play,3,0,595379,,,31/G,150.60,173.69
play,3,1,592286,,,S8/L,150.60,119.48
play,3,1,551750,,,K
play,3,1,594824,,,S5/BG.1-2,106.43,179.72
play,3,1,570805,,,46(1)3/GDP/G4,143.57,166.67
play,4,0,542371,,,NP
sub,572953,Cale Johnson,1,0,1
play,4,0,542371,,,K23
play,4,0,519214,,,NP
sub,596306,Ryan Jenkins,0,2,11
play,4,0,596306,,,D9/L,189.76,139.56
play,4,0,573183,,,K
play,4,0,573001,,,63/G,111.45,169.68
play,4,1,500675,,,NP
sub,596306,Ryan Jenkins,0,2,10
play,4,1,500675,,,3/G,145.58,171.69
play,4,1,501223,,,K
play,4,1,502023,,,S8/F,109.44,116.47
play,4,1,542465,,,S9/G.1-2,159.64,144.58
play,4,1,518802,,,4/P,138.55,170.68
play,5,0,572935,,,7/F,61.24,110.44
play,5,0,543454,,,S7/L,85.34,130.52
play,5,0,524188,,,SB2
play,5,0,524188,,,D9/L.2-H,164.66,138.55
play,5,0,594900,,,WP.2-3
play,5,0,594900,,,53/G,105.42,174.70
play,5,0,595379,,,8/F,119.48,106.43
play,5,1,592286,,,S8/L,109.44,125.50
play,5,1,551750,,,S8/L.1-2,120.48,138.55
play,5,1,594824,,,NP
sub,595300,Cole Lohden,0,0,1
play,5,1,594824,,,HR/F.1-H;2-H,204.82,80.32
play,5,1,570805,,,S9/G,157.63,142.57
play,5,1,500675,,,WP.1-2
play,5,1,500675,,,3/G.2-3,144.58,177.71
play,5,1,501223,,,K23
play,5,1,502023,,,WP.3-H
play,5,1,502023,,,W
play,5,1,542465,,,D8/F.1-3,145.58,83.33
play,5,1,518802,,,63/G,103.41,174.70
play,6,0,542371,,,D7/L,41.16,119.48
play,6,0,596306,,,S6/G.2-3,103.41,160.64
play,6,0,573183,,,FC5/G.1X2(54);3-H;B-2(E4/TH),103.41,183.73
play,6,0,573001,,,K23
play,6,0,572935,,,K
play,6,1,592286,,,43/G,141.57,175.70
play,6,1,551750,,,K23
play,6,1,594824,,,W
play,6,1,570805,,,NP
sub,572708,Claudio Bavera,0,0,1
play,6,1,570805,,,K
play,7,0,543454,,,NP
sub,518447,Andrew Benes,1,0,1
play,7,0,543454,,,43/G,146.59,167.67
play,7,0,524188,,,63/G,110.44,171.69
play,7,0,594900,,,63/G,106.43,168.67
play,7,1,500675,,,53/G,101.41,177.71
play,7,1,501223,,,S7/L,84.34,132.53
play,7,1,502023,,,NP
sub,572265,Reggie Williams,1,4,12
play,7,1,502023,,,54(1)3/GDP/G5,101.41,174.70
play,8,0,595379,,,NP
sub,572265,Reggie Williams,1,4,10
play,8,0,595379,,,43/G,134.54,159.64
play,8,0,542371,,,K
play,8,0,596306,,,53/G,105.42,175.70
play,8,1,542465,,,NP
sub,502719,J. Leaper,0,0,1
play,8,1,542465,,,43/G,140.56,168.67
play,8,1,518802,,,W
play,8,1,592286,,,SB2
play,8,1,592286,,,CS3
play,8,1,592286,,,K23
play,9,0,573183,,,NP
sub,519185,Robert Revesz,1,0,1
play,9,0,573183,,,6/L,114.46,162.65
play,9,0,573001,,,K
play,9,0,572935,,,5/PF,92.37,196.79
id,JohAPP201008110
info,visteam,BurAPP
info,hometeam,JohAPP
info,date,2010/08/11
start,542371,Luis Piterson,0,1,4
start,519214,Derek Rodriguez,0,2,7
start,573183,Ryan Stovall,0,3,10
start,596306,Ryan Jenkins,0,4,2
start,571461,Geoffrey Baldwin,0,5,3
start,543454,Alex Llanos,0,6,8
start,524188,Yunior Figueroa,0,7,5
start,572935,Anthony Howard,0,8,9
start,542502,Adrian Martinez,0,9,6
start,572965,Jonathon Keck,0,0,1
start,518802,Virgil Hill,1,1,7
start,570805,Oscar Taveras,1,2,10
start,592774,Cody Stanley,1,3,2
start,500675,Kleininger Teran,1,4,3
start,521091,Romulo Ruiz,1,5,5
start,542465,Roberto Reyes,1,6,9
start,592286,Patrick Elkins,1,7,4
start,572265,Reggie Williams,1,8,8
start,551750,Cesar Valera,1,9,6
start,543779,Kevin Siegrist,1,0,1
play,1,0,542371,,,K
play,1,0,519214,,,53/G,101.41,177.71
play,1,0,573183,,,T8/L.BXH(862),94.38,67.27
play,1,1,518802,,,W
play,1,1,570805,,,WP.1-2
play,1,1,570805,,,W
play,1,1,592774,,,9/F.2-3,169.68,100.40
play,1,1,500675,,,4(B)43()/LDP,135.54,152.61
play,2,0,596306,,,4/P,140.56,151.61
play,2,0,571461,,,K
play,2,0,543454,,,K
play,2,1,521091,,,K
play,2,1,542465,,,8/L,118.47,88.35
play,2,1,592286,,,D7/L,60.24,96.39
play,2,1,572265,,,S6/G.2-H,116.47,152.61
play,2,1,551750,,,S8/G.1-3,105.42,76.31
play,2,1,518802,,,FC6/G.1X2(64),111.45,155.62
play,3,0,524188,,,K
play,3,0,572935,,,63/G,91.37,156.63
play,3,0,542502,,,63/G,117.47,154.62
play,3,1,570805,,,W
play,3,1,592774,,,8/F,120.48,75.30
play,3,1,500675,,,SB2
play,3,1,500675,,,K
play,3,1,521091,,,3/P,157.63,171.69
play,4,0,542371,,,W
play,4,0,519214,,,K+CS2
play,4,0,573183,,,53/G,103.41,170.68
play,4,1,542465,,,S8/L,123.49,87.35
play,4,1,592286,,,K
play,4,1,572265,,,6/L,109.44,159.64
play,4,1,551750,,,3/G,154.62,172.69
play,5,0,596306,,,S9/G,185.74,105.42
play,5,0,571461,,,E5.1-2,112.45,165.66
play,5,0,543454,,,4/P,130.52,164.66
play,5,0,524188,,,CS3;.1-2
play,5,0,524188,,,9/F,181.73,84.34
play,5,1,518802,,,W
play,5,1,570805,,,7/F,59.24,120.48
play,5,1,592774,,,FC4/G.1X2(46);B-1,148.59,160.64
play,5,1,500675,,,SB2
play,5,1,500675,,,7/F,90.36,93.37
play,6,0,572935,,,43/G,132.53,154.62
play,6,0,542502,,,W
play,6,0,542371,,,HR/F.1-H,44.18,59.24
play,6,0,519214,,,8/F,119.48,64.26
play,6,0,573183,,,6/P,109.44,141.57
play,6,1,521091,,,NP
sub,571709,Michael Giovenco,0,0,1
play,6,1,521091,,,43/G,151.61,157.63
play,6,1,542465,,,W
play,6,1,592286,,,S8/L.1-2,135.54,64.26
play,6,1,572265,,,5/P,92.37,183.73
play,6,1,551750,,,K
play,7,0,596306,,,NP
sub,517228,Francisco Guzman,1,0,1
play,7,0,596306,,,S9/F,151.61,88.35
play,7,0,571461,,,S8/L.1-2,115.46,83.33
play,7,0,543454,,,T8/L.1-H;2-H,110.44,62.25
play,7,0,524188,,,S7/G.3-H,81.33,97.39
play,7,0,572935,,,3/G.1-2,150.60,172.69
play,7,0,542502,,,K
play,7,0,542371,,,8/F,129.52,65.26
play,7,1,518802,,,4/P,151.61,153.61
play,7,1,570805,,,W
play,7,1,592774,,,4(1)3/G4/GDP,151.61,151.61
play,8,0,519214,,,K
play,8,0,573183,,,53/G,103.41,170.68
play,8,0,596306,,,13/G,119.48,181.73
play,8,1,500675,,,NP
sub,594856,Daniel Hernandez,0,0,1
play,8,1,500675,,,W
play,8,1,521091,,,S7/L.1-2,69.28,101.41
play,8,1,542465,,,W.1-2;2-3
play,8,1,592286,,,NP
sub,594776,Chas Byrne,0,0,1
play,8,1,592286,,,NP
sub,501223,David Medina,1,7,11
play,8,1,501223,,,K
play,8,1,572265,,,K
play,8,1,551750,,,K
play,9,0,571461,,,NP
sub,594824,Greg Garcia,1,7,4
play,9,0,543454,,,NP
sub,519072,Iden Nazario,1,0,1
play,9,0,571461,,,8/F,129.52,78.31
play,9,0,543454,,,2/BPF,115.46,207.83
play,9,0,524188,,,HP
play,9,0,572935,,,9/F,186.75,102.41
play,9,1,518802,,,9/F,169.68,88.35
play,9,1,570805,,,13/G,129.52,187.75
play,9,1,592774,,,6/P,110.44,147.59
id,JohAPP201008120
info,visteam,GreAPP
info,hometeam,JohAPP
info,date,2010/08/12
start,595831,Jonathan Merritt,0,1,6
start,542165,Pedro Feliz,0,2,4
start,455390,Jhonny Medrano,0,3,10
start,595832,Marcus Nidiffer,0,4,3
start,502316,Rafael Valenzuela,0,5,5
start,504333,Carlos Mojica,0,6,2
start,516430,Emilio King,0,7,9
start,572938,Ryan Humphrey,0,8,8
start,516429,Ricardo Heredia,0,9,7
start,515808,Gabriel Garcia,0,0,1
start,594824,Greg Garcia,1,1,4
start,570805,Oscar Taveras,1,2,7
start,542465,Roberto Reyes,1,3,9
start,501223,David Medina,1,4,3
start,521091,Romulo Ruiz,1,5,5
start,502023,Travis Tartamella,1,6,2
start,518802,Virgil Hill,1,7,10
start,572265,Reggie Williams,1,8,8
start,551750,Cesar Valera,1,9,6
start,595031,Boone Whiting,1,0,1
play,1,0,595831,,,K
play,1,0,542165,,,K
play,1,0,455390,,,K23
play,1,1,594824,,,8/F,115.46,103.41
play,1,1,570805,,,43/G,150.60,171.69
play,1,1,542465,,,S3/G,143.57,184.74
play,1,1,placeholder,,,OA.1X2(26)
play,2,0,595832,,,HP
play,2,0,502316,,,S9/F.1-2,140.56,131.53
play,2,0,504333,,,6/P,110.44,168.67
play,2,0,516430,,,CS3;.1-2
play,2,0,516430,,,K
play,2,1,501223,,,S4/G,138.55,167.67
play,2,1,521091,,,PB.1-2
play,2,1,521091,,,W
play,2,1,502023,,,9/F.2-3,166.67,125.50
play,2,1,518802,,,9/F,164.66,127.51
play,2,1,572265,,,S7/G.1-2;3-H,86.35,130.52
play,2,1,551750,,,K
play,3,0,572938,,,6/L,115.46,169.68
play,3,0,516429,,,8/F,118.47,104.42
play,3,0,595831,,,S7/G.B-2(E7),83.33,131.53
play,3,0,542165,,,43/G,139.56,170.68
play,3,1,594824,,,6/P,97.39,169.68
play,3,1,570805,,,K
play,3,1,542465,,,K
play,4,0,455390,,,1/PF,146.59,205.82
play,4,0,595832,,,6/P,108.43,161.65
play,4,0,502316,,,63/G,109.44,169.68
play,4,1,501223,,,3/G,142.57,175.70
play,4,1,521091,,,D7/F,54.22,127.51
play,4,1,502023,,,D7/L.2-H,87.35,90.36
play,4,1,518802,,,K23
play,4,1,572265,,,S5/G.2-H;B-2,108.43,177.71
play,4,1,551750,,,NP
sub,572142,Travis Smink,0,0,1
play,4,1,551750,,,K23
play,5,0,504333,,,K
play,5,0,516430,,,K
play,5,0,572938,,,K23
play,5,1,594824,,,NP
sub,542605,Hector Rodriguez,0,7,7
play,5,1,570805,,,NP
sub,516429,Ricardo Heredia,0,9,9
play,5,1,594824,,,S4/G,148.59,163.65
play,5,1,570805,,,53/G.1-2,114.46,177.71
play,5,1,542465,,,CS3
play,5,1,542465,,,13/G,130.52,195.78
play,6,0,516429,,,NP
sub,595342,Jeff Nadeau,1,0,1
play,6,0,516429,,,9/L,165.66,119.48
play,6,0,595831,,,8/F,113.45,105.42
play,6,0,542165,,,3/BG,123.49,197.79
play,6,1,501223,,,NP
sub,500767,Ricardo Garcia,0,2,4
play,6,1,501223,,,13/G,123.49,185.74
play,6,1,521091,,,9/F,155.62,116.47
play,6,1,502023,,,3/G,143.57,180.72
play,7,0,455390,,,S8/F,121.49,106.43
play,7,0,595832,,,S8/L.1-3;B-2,107.43,122.49
play,7,0,502316,,,6/P,111.45,165.66
play,7,0,504333,,,NP
sub,548300,Chris Wallace,0,6,11
play,7,0,548300,,,63/G.2-3;3-H,105.42,166.67
play,7,0,542605,,,K
play,7,1,518802,,,NP
sub,548300,Chris Wallace,0,6,2
play,7,1,518802,,,3/BG,131.53,192.77
play,7,1,572265,,,W
play,7,1,551750,,,FC6/G.1X2(64);B-1,106.43,168.67
play,7,1,594824,,,D8/F.1-H,94.38,82.33
play,7,1,570805,,,31/G,146.59,184.74
play,8,0,572938,,,NP
sub,592515,Aidan Lucas,1,0,1
play,8,0,572938,,,53/G,99.40,176.71
play,8,0,516429,,,K
play,8,0,595831,,,S8/G,118.47,112.45
play,8,0,500767,,,K
play,8,1,542465,,,NP
sub,574988,Philip Rorabaugh,0,0,1
play,8,1,542465,,,53/G,111.45,177.71
play,8,1,501223,,,S7/F,79.32,123.49
play,8,1,521091,,,K
play,8,1,502023,,,6/L,109.44,167.67
play,9,0,455390,,,NP
sub,523489,Hector Corpas,1,0,1
play,9,0,455390,,,63/G,108.43,165.66
play,9,0,595832,,,K
play,9,0,502316,,,S9/L,160.64,128.51
play,9,0,548300,,,9/F,165.66,120.48
id,JohAPP201008130
info,visteam,GreAPP
info,hometeam,JohAPP
info,date,2010/08/13
start,592261,Delino DeShields,0,1,8
start,595831,Jonathan Merritt,0,2,6
start,455390,Jhonny Medrano,0,3,3
start,571981,Telvin Nash,0,4,10
start,502316,Rafael Valenzuela,0,5,5
start,592629,Roberto Pena,0,6,2
start,500767,Ricardo Garcia,0,7,4
start,516430,Emilio King,0,8,9
start,572938,Ryan Humphrey,0,9,7
start,595798,Ruben Alaniz,0,0,1
start,594824,Greg Garcia,1,1,6
start,570805,Oscar Taveras,1,2,7
start,592774,Cody Stanley,1,3,2
start,501223,David Medina,1,4,10
start,521091,Romulo Ruiz,1,5,5
start,500675,Kleininger Teran,1,6,3
start,542465,Roberto Reyes,1,7,9
start,592286,Patrick Elkins,1,8,4
start,572265,Reggie Williams,1,9,8
start,595166,Ryan Copeland,1,0,1
play,1,0,592261,,,63/G,105.42,158.63
play,1,0,595831,,,S4/G,140.56,170.68
play,1,0,455390,,,6/PF,76.31,174.70
play,1,0,571981,,,SB2
play,1,0,571981,,,W
play,1,0,502316,,,S7/L.1-2;2-3,86.35,138.55
play,1,0,592629,,,S6/G.1-2;2-3;3-H,112.45,166.67
play,1,0,500767,,,8/F,138.55,77.31
play,1,1,594824,,,7/F,61.24,103.41
play,1,1,570805,,,E4,141.57,163.65
play,1,1,592774,,,8/F,147.59,105.42
play,1,1,501223,,,FC6/G.1X2(6),119.48,161.65
play,2,0,516430,,,S5/G,107.43,182.73
play,2,0,572938,,,7/F.1-3(E7)(E7/TH),44.18,117.47
play,2,0,592261,,,9/SF.3-H,182.73,124.50
play,2,0,595831,,,8/F,119.48,83.33
play,2,1,521091,,,W
play,2,1,500675,,,64(1)3/GDP/G6,109.44,162.65
play,2,1,542465,,,E4,141.57,169.68
play,2,1,592286,,,D9/L.1-H,186.75,126.51
play,2,1,572265,,,T8/F.2-H,131.53,83.33
play,2,1,594824,,,3/P,147.59,176.71
play,3,0,455390,,,K
play,3,0,571981,,,K
play,3,0,502316,,,K
play,3,1,570805,,,43/G,142.57,158.63
play,3,1,592774,,,D9/L,190.76,135.54
play,3,1,501223,,,9/F.2-H(E9/TH),183.73,115.46
play,3,1,521091,,,53/G,104.42,180.72
play,4,0,592629,,,K
play,4,0,500767,,,8/F,149.60,91.37
play,4,0,516430,,,9/F,184.74,124.50
play,4,1,500675,,,63/G,118.47,163.65
play,4,1,542465,,,S7/F,70.28,129.52
play,4,1,592286,,,23/SH.1-2,133.53,201.81
play,4,1,572265,,,43/G,136.55,161.65
play,5,0,572938,,,9/F,194.78,125.50
play,5,0,592261,,,9/FF,182.73,164.66
play,5,0,595831,,,43/G,138.55,171.69
play,5,1,594824,,,K
play,5,1,570805,,,7/F,73.29,109.44
play,5,1,592774,,,53/G,109.44,179.72
play,6,0,455390,,,NP
sub,571772,Hector Hernandez,1,0,1
play,6,0,455390,,,K23
play,6,0,571981,,,S8/G.B-3(E8),127.51,114.46
play,6,0,502316,,,K
play,6,0,592629,,,S7/G.3-H,74.30,131.53
play,6,0,500767,,,53/G,105.42,180.72
play,6,1,501223,,,S7/G,71.29,130.52
play,6,1,521091,,,64(1)3/GDP/G6,109.44,161.65
play,6,1,500675,,,K
play,7,0,516430,,,S8/G,131.53,105.42
play,7,0,572938,,,BK.1-2
play,7,0,572938,,,24/SH.2-3,124.50,200.80
play,7,0,592261,,,D8/L.3-H,124.50,90.36
play,7,0,595831,,,T8/F.2-H,124.50,66.27
play,7,0,455390,,,K
play,7,0,571981,,,WP.3-H
play,7,0,571981,,,8/F,141.57,87.35
play,7,1,542465,,,NP
sub,518514,Garrett Bullock,0,0,1
play,7,1,542465,,,43/G,131.53,158.63
play,7,1,592286,,,3/G,141.57,170.68
play,7,1,572265,,,K
play,8,0,502316,,,K23
play,8,0,592629,,,63/G,108.43,164.66
play,8,0,500767,,,K
play,8,1,594824,,,13/G,117.47,191.77
play,8,1,570805,,,K
play,8,1,592774,,,K
play,9,0,516430,,,W
play,9,0,572938,,,SB2
play,9,0,572938,,,9/F,184.74,119.48
play,9,0,592261,,,53/G,106.43,180.72
play,9,0,595831,,,K
play,9,1,501223,,,NP
sub,516429,Ricardo Heredia,0,9,7
play,9,1,501223,,,3/G,147.59,175.70
play,9,1,521091,,,9/F,198.80,115.46
play,9,1,500675,,,K
id,JohAPP201008140
info,visteam,GreAPP
info,hometeam,JohAPP
info,date,2010/08/14
start,592261,Delino DeShieldsJr.,0,1,8
start,595831,Jonathan Merritt,0,2,6
start,455390,Jhonny Medrano,0,3,3
start,502316,Rafael Valenzuela,0,4,5
start,571981,Telvin Nash,0,5,10
start,592629,Roberto Pena,0,6,2
start,572995,Chris Lovett,0,7,4
start,516430,Emilio King,0,8,9
start,516429,Ricardo Heredia,0,9,7
start,542170,Ricardo Batista,0,0,1
start,594824,Greg Garcia,1,1,4
start,518802,Virgil Hill,1,2,8
start,592774,Cody Stanley,1,3,10
start,500675,Kleininger Teran,1,4,3
start,521091,Romulo Ruiz,1,5,5
start,502023,Travis Tartamella,1,6,2
start,542465,Roberto Reyes,1,7,9
start,572265,Reggie Williams,1,8,7
start,551750,Cesar Valera,1,9,6
start,542203,Angel De Jesus,1,0,1
play,1,0,592261,,,6/PF,79.32,177.71
play,1,0,595831,,,6/P,108.43,171.69
play,1,0,455390,,,53/G,104.42,179.72
play,1,1,594824,,,S7/L,108.43,102.41
play,1,1,518802,,,S9/G.1-2,165.66,120.48
play,1,1,592774,,,8/F,94.38,98.39
play,1,1,500675,,,D8/F.1-3;2-H,112.45,105.42
play,1,1,521091,,,9/F,188.76,111.45
play,1,1,502023,,,HR/F.2-H;3-H,134.54,23.09
play,1,1,542465,,,E3,146.59,185.74
play,1,1,572265,,,SB2
play,1,1,572265,,,K23
play,2,0,502316,,,S8/G,118.47,101.41
play,2,0,571981,,,K
play,2,0,592629,,,53/G.1-2,114.46,181.73
play,2,0,572995,,,63/G,117.47,176.71
play,2,1,551750,,,63/G,112.45,172.69
play,2,1,594824,,,S8/L,135.54,91.37
play,2,1,518802,,,D8/F.1-3,156.63,89.36
play,2,1,592774,,,K
play,2,1,500675,,,4/L,139.56,176.71
play,3,0,516430,,,S8/G,108.43,105.42
play,3,0,516429,,,K
play,3,0,592261,,,4/P,141.57,176.71
play,3,0,595831,,,S7/L.1-3(E7)(E7);B-2,79.32,123.49
play,3,0,455390,,,W
play,3,0,502316,,,W.1-2;2-3;3-H
play,3,0,571981,,,13/G,124.50,197.79
play,3,1,521091,,,S8/L,130.52,101.41
play,3,1,502023,,,K
play,3,1,542465,,,K
play,3,1,572265,,,HP.1-2
play,3,1,551750,,,S7/L.2XH,73.29,119.48
play,4,0,592629,,,D7/L,93.37,114.46
play,4,0,572995,,,D7/G.2-H,115.46,102.41
play,4,0,516430,,,43/G.2-3,137.55,178.71
play,4,0,516429,,,43/G.3-H,133.53,175.70
play,4,0,592261,,,K
play,4,1,594824,,,NP
sub,571585,Jamaine Cotton,0,0,1
play,4,1,594824,,,6/L,100.40,173.69
play,4,1,518802,,,S9/L,169.68,112.45
play,4,1,592774,,,8/F,160.64,102.41
play,4,1,500675,,,CS2
play,5,0,595831,,,NP
sub,572797,Patrick Daugherty,1,0,1
play,5,0,595831,,,K
play,5,0,455390,,,K
play,5,0,502316,,,53/G,114.46,186.75
play,5,1,500675,,,D8/F,154.62,104.42
play,5,1,521091,,,E3,142.57,186.75
play,5,1,502023,,,3/P.2-3(E3)(E3/TH),144.58,182.73
play,5,1,542465,,,NP
sub,595224,Paul Gerrish,0,0,1
play,5,1,542465,,,8/SF.3-H,130.52,101.41
play,5,1,572265,,,K
play,6,0,571981,,,D7/F,84.34,113.45
play,6,0,592629,,,53/G,103.41,183.73
play,6,0,572995,,,53/G,113.45,181.73
play,6,0,516430,,,E1/TH.2-H;B-H,171.69,138.55
play,6,0,516429,,,63/G,102.41,165.66
play,6,1,551750,,,S7/G,66.27,112.45
play,6,1,594824,,,6(1)3/G6/GDP,115.46,174.70
play,6,1,518802,,,53/G,117.47,185.74
play,7,0,592261,,,K
play,7,0,595831,,,63/G,106.43,176.71
play,7,0,455390,,,D8/L.B-3(E8),110.44,83.33
play,7,0,502316,,,WP.3-H
play,7,0,502316,,,K
play,7,1,592774,,,S8/G.BX2(84),142.57,97.39
play,7,1,500675,,,53/G,101.41,183.73
play,7,1,521091,,,8/F,87.35,99.40
play,8,0,571981,,,NP
sub,519185,Robert Revesz,1,0,1
play,8,0,571981,,,E6/TH,117.47,174.70
play,8,0,placeholder,,,NP
sub,500767,Ricardo Garcia,0,5,12
play,8,0,592629,,,2/G(BATINT),122.49,198.80
play,8,0,572995,,,POCS2(136)
play,8,0,572995,,,8/F,139.56,99.40
play,8,1,502023,,,NP
sub,500767,Ricardo Garcia,0,5,10
play,8,1,542465,,,NP
sub,500764,Jeiler Castillo,0,0,1
play,8,1,502023,,,S9/G,140.56,123.49
play,8,1,542465,,,W.1-2
play,8,1,572265,,,NP
sub,592225,Ryan Cole,0,0,1
play,8,1,572265,,,NP
sub,570805,Oscar Taveras,1,8,11
play,8,1,placeholder,,,PO?(E?).1-2;2-3
play,8,1,570805,,,E4.2-H;3-H;B-3,136.55,172.69
play,8,1,551750,,,NP
sub,574988,Philip Rorabaugh,0,0,1
play,8,1,551750,,,S7/L.3-H,82.33,114.46
play,8,1,594824,,,S8/G.1-3(E8)(E8);B-2,110.44,87.35
play,8,1,518802,,,13/G,118.47,198.80
play,8,1,592774,,,IW
play,8,1,500675,,,S9/G.1X3;2-3;3-H,158.63,116.47
play,8,1,521091,,,9/F,205.82,114.46
play,9,0,placeholder,,,NP
sub,570805,Oscar Taveras,1,8,7
play,9,0,placeholder,,,NP
sub,523489,Hector Corpas,1,0,1
play,9,0,516430,,,D9/G,167.67,100.40
play,9,0,516429,,,K
play,9,0,592261,,,7/F,58.23,100.40
play,9,0,595831,,,K
id,JohAPP201008150
info,visteam,PulAPP
info,hometeam,JohAPP
info,date,2010/08/15
start,500726,Mario Yepez,0,1,8
start,462088,Jetsy Extrano,0,2,6
start,515055,Jose Rivero,0,3,7
start,517539,Ramon Morla,0,4,5
start,500716,Jorge Agudelo,0,5,4
start,595143,Matt Browning,0,6,3
start,518466,Jabari Blash,0,7,9
start,500719,Larry Gonzalez,0,8,2
start,595351,Ethan Paquette,0,9,10
start,570884,George Mieses,0,0,1
start,594824,Greg Garcia,1,1,4
start,570805,Oscar Taveras,1,2,8
start,592774,Cody Stanley,1,3,2
start,500675,Kleininger Teran,1,4,3
start,521091,Romulo Ruiz,1,5,10
start,542465,Roberto Reyes,1,6,9
start,518802,Virgil Hill,1,7,7
start,592286,Patrick Elkins,1,8,5
start,551750,Cesar Valera,1,9,6
start,572096,Trevor Rosenthal,1,0,1
play,1,0,500726,,,7/F,105.42,110.44
play,1,0,462088,,,7/F,92.37,120.48
play,1,0,515055,,,K
play,1,1,594824,,,5/PF,91.37,194.78
play,1,1,570805,,,31/G,142.57,183.73
play,1,1,592774,,,S9/F,142.57,115.46
play,1,1,500675,,,53/G,118.47,185.74
play,2,0,517539,,,63/G,112.45,167.67
play,2,0,500716,,,43/G,146.59,175.70
play,2,0,595143,,,43/G,146.59,178.71
play,2,1,521091,,,K
play,2,1,542465,,,8/L,121.49,97.39
play,2,1,518802,,,8/F,133.53,106.43
play,3,0,518466,,,S9/F,203.82,108.43
play,3,0,500719,,,W.1-2
play,3,0,595351,,,FC1/G.1-2;2X3(15);B-1,119.48,196.79
play,3,0,500726,,,46(1)3/GDP/G4,133.53,177.71
play,3,1,592286,,,S7/L,99.40,114.46
play,3,1,551750,,,BK.1-2
play,3,1,551750,,,63/G.2-3,111.45,177.71
play,3,1,594824,,,7/SF.3-H,81.33,97.39
play,3,1,570805,,,S3/G,136.55,186.75
play,3,1,592774,,,8/F,139.56,101.41
play,4,0,462088,,,9/L,169.68,128.51
play,4,0,515055,,,W
play,4,0,517539,,,S9/G.1-2,173.69,118.47
play,4,0,500716,,,S8/L.1-2;2-3,142.57,100.40
play,4,0,595143,,,NP
sub,572953,Cale Johnson,1,0,1
play,4,0,595143,,,K
play,4,0,518466,,,S7/G.1-3;2-H;3-H;B-2,80.32,99.40
play,4,0,500719,,,OA.3XH(21)
play,4,1,500675,,,D8/F,173.69,94.38
play,4,1,521091,,,K
play,4,1,542465,,,D7/F.2-H,85.34,109.44
play,4,1,518802,,,D8/F.2-H,115.46,85.34
play,4,1,592286,,,S8/L.2-H;B-2,124.50,92.37
play,4,1,551750,,,31/G.2-3,142.57,182.73
play,4,1,594824,,,6/L,109.44,173.69
play,5,0,500719,,,1/G,127.51,195.78
play,5,0,595351,,,6/P,109.44,174.70
play,5,0,500726,,,K
play,5,1,570805,,,D8/L,142.57,78.31
play,5,1,592774,,,T9/G.2-H,190.76,106.43
play,5,1,500675,,,NP
sub,500722,Yovanny Olivero,0,0,1
play,5,1,500675,,,7/F,82.33,111.45
play,5,1,521091,,,2/PF,115.46,216.87
play,5,1,542465,,,3/G,140.56,181.73
play,6,0,462088,,,53/G,112.45,185.74
play,6,0,515055,,,K
play,6,0,517539,,,63/G,119.48,173.69
play,6,1,518802,,,63/G,107.43,173.69
play,6,1,592286,,,K
play,6,1,551750,,,S7/G,72.29,110.44
play,6,1,594824,,,PB.1-2
play,6,1,594824,,,K
play,7,0,500716,,,K
play,7,0,595143,,,K23
play,7,0,518466,,,K
play,7,1,570805,,,S9/F,146.59,120.48
play,7,1,592774,,,8/F,104.42,98.39
play,7,1,500675,,,43/G.1-2,126.51,175.70
play,7,1,521091,,,53/G,110.44,188.76
play,8,0,500719,,,D7/G,81.33,109.44
play,8,0,595351,,,3/PF,147.59,193.78
play,8,0,500726,,,NP
sub,592515,Aidan Lucas,1,0,1
play,8,0,500726,,,WP.2-3
play,8,0,500726,,,S7/L.3-H,67.27,114.46
play,8,0,462088,,,W.1-2
play,8,0,515055,,,K
play,8,0,517539,,,HP.1-2;2-3
play,8,0,500716,,,D8/F.1-H;2-H;3-H;B-3,135.54,100.40
play,8,0,595143,,,NP
sub,518447,Andrew Benes,1,0,1
play,8,0,595143,,,8/F,152.61,81.33
play,8,1,542465,,,NP
sub,544731,Yao Wen Chang,0,0,1
play,8,1,542465,,,9/L,161.65,122.49
play,8,1,518802,,,K
play,8,1,592286,,,W
play,8,1,551750,,,K
play,9,0,518466,,,K
play,9,0,500719,,,9/FF,171.69,176.71
play,9,0,595351,,,K23
play,9,1,594824,,,3/G,142.57,174.70
play,9,1,570805,,,53/G,106.43,176.71
play,9,1,592774,,,8/F,122.49,98.39
id,JohAPP201008250
info,visteam,PriAPP
info,hometeam,JohAPP
info,date,2010/08/25
start,553889,Hector Guevara,0,1,4
start,571711,Todd Glaesmann,0,2,8
start,581660,Scott Lawson,0,3,5
start,501675,Ruben Contreras,0,4,9
start,596313,Kyle Holloway,0,5,10
start,517028,Cesar Guillen,0,6,7
start,545349,Jeff Malm,0,7,3
start,517021,Gerardo Olivares,0,8,10
start,596335,Brian Harris,0,9,6
start,542311,Eliazer Suero,0,0,1
start,594824,Greg Garcia,1,1,4
start,570805,Oscar Taveras,1,2,7
start,592774,Cody Stanley,1,3,10
start,521091,Romulo Ruiz,1,4,3
start,502023,Travis Tartamella,1,5,2
start,542465,Roberto Reyes,1,6,9
start,572265,Reggie Williams,1,7,8
start,592286,Patrick Elkins,1,8,5
start,551750,Cesar Valera,1,9,6
start,543779,Kevin Siegrist,1,0,1
play,1,0,553889,,,53/G,110.44,189.76
play,1,0,571711,,,E1/TH.B-2,125.50,199.80
play,1,0,581660,,,4/L,140.56,175.70
play,1,0,501675,,,53/G,110.44,189.76
play,1,1,594824,,,53/G,114.46,180.72
play,1,1,570805,,,S9/G,149.60,126.51
play,1,1,592774,,,7/F,99.40,102.41
play,1,1,521091,,,W.1-2
play,1,1,502023,,,K
play,2,0,596313,,,HR/F,98.39,32.13
play,2,0,517028,,,HP
play,2,0,545349,,,9/F,171.69,113.45
play,2,0,517021,,,CS2
play,2,0,517021,,,K
play,2,1,542465,,,K
play,2,1,572265,,,K
play,2,1,592286,,,W
play,2,1,551750,,,S9/G.1-2,180.72,109.44
play,2,1,594824,,,E2.1-2;2-3;B-1,95.28,123.47
play,2,1,570805,,,D8/L.1-H;2-H;3-H,126.51,94.38
play,2,1,592774,,,S8/L.2-H,116.47,105.42
play,2,1,521091,,,PO1(E?).1-3
play,2,1,521091,,,W
play,2,1,502023,,,K
play,3,0,596335,,,K
play,3,0,553889,,,HP
play,3,0,571711,,,46(1)3/GDP/G4,142.57,179.72
play,3,1,542465,,,K
play,3,1,572265,,,W
play,3,1,592286,,,NP
sub,595371,Chris Rearick,0,0,1
play,3,1,592286,,,S6/G.1-2,106.43,175.70
play,3,1,551750,,,13/SH.1-2;2-3,122.49,196.79
play,3,1,594824,,,41/G,143.57,181.73
play,4,0,581660,,,5/L,113.45,182.73
play,4,0,501675,,,K
play,4,0,596313,,,6/P,108.43,179.72
play,4,1,570805,,,63/G,114.46,171.69
play,4,1,592774,,,S7/G,85.34,107.43
play,4,1,521091,,,64/G.1X2;B-1,115.46,172.69
play,4,1,502023,,,E4.1-2,133.53,180.72
play,4,1,542465,,,K
play,5,0,517028,,,53/G,105.42,180.72
play,5,0,545349,,,43/G,131.53,174.70
play,5,0,517021,,,K
play,5,1,572265,,,13/BG,117.47,199.80
play,5,1,592286,,,3/G,135.54,186.75
play,5,1,551750,,,43/G,128.51,176.71
play,6,0,596335,,,NP
sub,518802,Virgil Hill,1,6,9
play,6,0,596335,,,53/G,106.43,186.75
play,6,0,553889,,,S8/G,121.49,96.39
play,6,0,571711,,,PO1(E?).1-3
play,6,0,571711,,,D7/F.3-H,45.18,110.44
play,6,0,581660,,,W
play,6,0,501675,,,NP
sub,517228,Francisco Guzman,1,0,1
play,6,0,501675,,,6(1)3/G6/GDP,108.43,176.71
play,6,1,594824,,,S9/L,204.82,108.43
play,6,1,570805,,,W.1-2
play,6,1,592774,,,S8/G.1-2;2-H,142.57,99.40
play,6,1,521091,,,OA.1-2;2X3(25)
play,6,1,521091,,,63/G.2-3,115.46,178.71
play,6,1,502023,,,7/F,78.31,109.44
play,7,0,596313,,,NP
sub,542213,Charllan Jimenez,1,0,1
play,7,0,596313,,,9/F,193.78,108.43
play,7,0,517028,,,53/G,118.47,182.73
play,7,0,545349,,,K
play,7,1,518802,,,K
play,7,1,572265,,,W
play,7,1,592286,,,SB2
play,7,1,592286,,,S7/L.2-3,100.40,102.41
play,7,1,551750,,,S7/L.1-2;3-H,65.26,111.45
play,7,1,594824,,,PB.1-2;2-3
play,7,1,594824,,,3(B)35(3)/LDP,141.57,179.72
play,8,0,517021,,,53/G,118.47,183.73
play,8,0,596335,,,HR/F,62.25,57.23
play,8,0,553889,,,8/F,151.61,99.40
play,8,0,571711,,,D9/L,177.71,111.45
play,8,0,581660,,,3/G,140.56,187.75
play,8,1,570805,,,NP
sub,596332,Garret Carruth,0,0,1
play,8,1,570805,,,S7/G,107.43,117.47
play,8,1,592774,,,BK.1-2
play,8,1,592774,,,53/G,108.43,177.71
play,8,1,521091,,,53/G,113.45,185.74
play,8,1,502023,,,53/G,114.46,183.73
play,9,0,501675,,,NP
sub,592515,Aidan Lucas,1,0,1
play,9,0,501675,,,63/G,100.40,168.67
play,9,0,596313,,,43/G,143.57,172.69
play,9,0,517028,,,53/G,120.48,182.73
id,JohAPP201008260
info,visteam,PriAPP
info,hometeam,JohAPP
info,date,2010/08/26
start,553889,Hector Guevara,0,1,4
start,571711,Todd Glaesmann,0,2,8
start,581660,Scott Lawson,0,3,5
start,572853,Bryan Fogle,0,4,10
start,541660,Alejandro Segovia,0,5,2
start,517028,Cesar Guillen,0,6,7
start,545349,Jeff Malm,0,7,3
start,501675,Ruben Contreras,0,8,9
start,541653,Felix Gonzalez,0,9,6
start,571479,Andrew Bellatti,0,0,1
start,594824,Greg Garcia,1,1,4
start,570805,Oscar Taveras,1,2,10
start,592774,Cody Stanley,1,3,2
start,500675,Kleininger Teran,1,4,3
start,542465,Roberto Reyes,1,5,9
start,518802,Virgil Hill,1,6,7
start,572265,Reggie Williams,1,7,8
start,592286,Patrick Elkins,1,8,5
start,551750,Cesar Valera,1,9,6
start,592433,Tyrell Jenkins,1,0,1
play,1,0,553889,,,53/G,110.44,184.74
play,1,0,571711,,,K
play,1,0,581660,,,31/G,141.57,181.73
play,1,1,594824,,,HR/F,222.89,87.35
play,1,1,570805,,,9/L,172.69,123.49
play,1,1,592774,,,D7/L,63.25,138.55
play,1,1,500675,,,S9/L.2-3,159.64,148.59
play,1,1,542465,,,7/SF.3-H,68.27,121.49
play,1,1,518802,,,K
play,2,0,placeholder,,,NP
sub,595031,Boone Whiting,1,0,1
play,2,0,572853,,,K
play,2,0,541660,,,S7/G,83.33,145.58
play,2,0,517028,,,5/P,112.45,188.76
play,2,0,545349,,,53/G,109.44,188.76
play,2,1,572265,,,K
play,2,1,592286,,,K
play,2,1,551750,,,D7/L,70.28,135.54
play,2,1,594824,,,D7/F.2-H,62.25,119.48
play,2,1,570805,,,4/PF,171.69,175.70
play,3,0,501675,,,D9/G,179.72,154.62
play,3,0,541653,,,S5/BG.2-3,120.48,198.80
play,3,0,553889,,,K+CS2
play,3,0,571711,,,K23
play,3,1,592774,,,7/F,79.32,123.49
play,3,1,500675,,,31/G,139.56,184.74
play,3,1,542465,,,HR/F,221.89,78.31
play,3,1,518802,,,53/G,107.43,190.76
play,4,0,581660,,,S8/L,127.51,137.55
play,4,0,572853,,,63/G.1-2,115.46,175.70
play,4,0,541660,,,6/L,117.47,172.69
play,4,0,517028,,,K
play,4,1,572265,,,K
play,4,1,592286,,,W
play,4,1,551750,,,NP
sub,597151,Justin Hall,0,0,1
play,4,1,551750,,,46(1)3/GDP/G4,134.54,171.69
play,5,0,545349,,,8/F,121.49,106.43
play,5,0,501675,,,K
play,5,0,541653,,,9/F,166.67,140.56
play,5,1,594824,,,S9/G,163.65,152.61
play,5,1,570805,,,64(1)3/GDP/G6,114.46,171.69
play,5,1,592774,,,HR/F,24.10,84.34
play,5,1,500675,,,K
play,6,0,553889,,,53/G,106.43,184.74
play,6,0,571711,,,S9/G,157.63,147.59
play,6,0,581660,,,K
play,6,0,572853,,,K
play,6,1,542465,,,K
play,6,1,518802,,,HR/F,218.88,80.32
play,6,1,572265,,,31/G,141.57,178.71
play,6,1,592286,,,43/G,133.53,173.69
play,7,0,541660,,,5/P,111.45,190.76
play,7,0,517028,,,NP
sub,595281,Kevin Kiermaier,0,6,11
play,7,0,595281,,,S6/G,118.47,165.66
play,7,0,545349,,,PB.1-2
play,7,0,545349,,,9/F,154.62,127.51
play,7,0,501675,,,K
play,7,1,551750,,,NP
sub,595281,Kevin Kiermaier,0,6,9
play,7,1,594824,,,NP
sub,501675,Ruben Contreras,0,8,7
play,7,1,551750,,,53/G,109.44,181.73
play,7,1,594824,,,23/G,125.50,203.82
play,7,1,570805,,,8/F,129.52,123.49
play,8,0,541653,,,NP
sub,595342,Jeff Nadeau,1,0,1
play,8,0,541653,,,7/F,69.28,135.54
play,8,0,553889,,,W
play,8,0,571711,,,K
play,8,0,581660,,,43/G,134.54,170.68
play,8,1,592774,,,7/F,71.29,135.54
play,8,1,500675,,,W
play,8,1,542465,,,FC4/G.1X2(46);B-1,133.53,168.67
play,8,1,518802,,,S8/L.1-2,125.50,130.52
play,8,1,572265,,,K
play,9,0,572853,,,D7/L,71.29,139.56
play,9,0,541660,,,S9/F.2-3,159.64,146.59
play,9,0,595281,,,S6/G.1-2;3-H,116.47,163.65
play,9,0,545349,,,6(1)3/G6/GDP.2-3,117.47,167.67
play,9,0,501675,,,3/PF,151.61,200.80
id,JohAPP201008270
info,visteam,PriAPP
info,hometeam,JohAPP
info,date,2010/08/27
start,595281,Kevin Kiermaier,0,1,9
start,571711,Todd Glaesmann,0,2,8
start,581660,Scott Lawson,0,3,3
start,596313,Kyle Holloway,0,4,2
start,553889,Hector Guevara,0,5,4
start,541660,Alejandro Segovia,0,6,10
start,517028,Cesar Guillen,0,7,7
start,541653,Felix Gonzalez,0,8,6
start,596335,Brian Harris,0,9,5
start,517014,Victor Mateo,0,0,1
start,594824,Greg Garcia,1,1,4
start,570805,Oscar Taveras,1,2,8
start,592774,Cody Stanley,1,3,2
start,500675,Kleininger Teran,1,4,3
start,521091,Romulo Ruiz,1,5,10
start,542465,Roberto Reyes,1,6,9
start,518802,Virgil Hill,1,7,7
start,592286,Patrick Elkins,1,8,5
start,551750,Cesar Valera,1,9,6
start,595166,Ryan Copeland,1,0,1
play,1,0,595281,,,S7/G,73.29,119.48
play,1,0,571711,,,SB2
play,1,0,571711,,,3/P,156.63,178.71
play,1,0,581660,,,3/L,150.60,184.74
play,1,0,596313,,,S7/G.2-H,75.30,122.49
play,1,0,553889,,,6/P,105.42,160.64
play,1,1,594824,,,23/G,120.48,208.84
play,1,1,570805,,,S9/L,183.73,131.53
play,1,1,592774,,,D8/L.1-H,113.45,55.22
play,1,1,500675,,,S8/L.2-3,114.46,97.39
play,1,1,521091,,,K
play,1,1,542465,,,SB2
play,1,1,542465,,,63/G,116.47,171.69
play,2,0,541660,,,D8/L,120.48,89.36
play,2,0,517028,,,W
play,2,0,541653,,,S9/L.1-2;2-3,201.81,128.51
play,2,0,596335,,,S7/L.1-2;2-3;3-H,58.23,115.46
play,2,0,595281,,,46(1)3/GDP/G4.2-3;3-H,137.55,168.67
play,2,0,571711,,,HP
play,2,0,581660,,,K
play,2,1,518802,,,S8/G,116.47,105.42
play,2,1,592286,,,5/PF,85.34,182.73
play,2,1,551750,,,9/F.?X?(93),187.75,122.49
play,3,0,596313,,,53/G,107.43,177.71
play,3,0,553889,,,D7/L,48.19,108.43
play,3,0,541660,,,K
play,3,0,517028,,,7/F,69.28,116.47
play,3,1,594824,,,9/F,169.68,113.45
play,3,1,570805,,,K
play,3,1,592774,,,S7/G,78.31,120.48
play,3,1,500675,,,SB2
play,3,1,500675,,,S9/L.2-H,189.76,120.48
play,3,1,521091,,,S4/G.1-2,134.54,168.67
play,3,1,542465,,,43/G,144.58,167.67
play,4,0,541653,,,7/F,71.29,130.52
play,4,0,596335,,,S8/L,119.48,109.44
play,4,0,595281,,,HP.1-2
play,4,0,571711,,,3/P,150.60,181.73
play,4,0,581660,,,8/F,126.51,80.32
play,4,1,518802,,,K
play,4,1,592286,,,W
play,4,1,551750,,,7/F.?X?(73),67.27,111.45
play,5,0,596313,,,S7/L,43.17,120.48
play,5,0,553889,,,8/F,135.54,88.35
play,5,0,541660,,,4(B)43(1)/LDP,138.55,169.68
play,5,1,594824,,,HP
play,5,1,570805,,,SB2
play,5,1,570805,,,S8/L.2-3,114.46,106.43
play,5,1,592774,,,5/PF,89.36,187.75
play,5,1,500675,,,SB2
play,5,1,500675,,,63/G.2-3;3-H,113.45,169.68
play,5,1,521091,,,W
play,5,1,542465,,,NP
sub,572015,Jacob Partridge,0,0,1
play,5,1,542465,,,CSH
play,6,0,517028,,,NP
sub,571772,Hector Hernandez,1,0,1
play,6,0,517028,,,HR/F,25.10,78.31
play,6,0,541653,,,43/G,132.53,170.68
play,6,0,596335,,,7/F,72.29,117.47
play,6,0,595281,,,K
play,6,1,542465,,,E4/TH,135.54,167.67
play,6,1,518802,,,FC1/G.1X2(16);B-1,128.51,192.77
play,6,1,592286,,,6/P,111.45,157.63
play,6,1,551750,,,W.1-2
play,6,1,594824,,,D7/L.1-H;2-H,34.14,111.45
play,6,1,570805,,,9/F,189.76,112.45
play,7,0,571711,,,4/P,144.58,167.67
play,7,0,581660,,,S9/L,187.75,127.51
play,7,0,596313,,,FC6/G.1X2(64);B-1,111.45,170.68
play,7,0,553889,,,D7/L.1-H,42.17,109.44
play,7,0,541660,,,NP
sub,518447,Andrew Benes,1,0,1
play,7,0,541660,,,63/G,112.45,171.69
play,7,1,592774,,,D9/F,209.84,117.47
play,7,1,500675,,,8/F.2-3,137.55,98.39
play,7,1,521091,,,NP
sub,548381,Shane Minks,0,0,1
play,7,1,521091,,,K
play,7,1,542465,,,W
play,7,1,518802,,,S7/G.1X3;3-H,67.27,120.48
play,8,0,517028,,,8/F,117.47,80.32
play,8,0,541653,,,K
play,8,0,596335,,,E5,102.41,179.72
play,8,0,595281,,,NP
sub,519185,Robert Revesz,1,0,1
play,8,0,595281,,,S7/G.1-2,70.28,121.49
play,8,0,571711,,,D8/L.1-H;2-H,140.56,57.23
play,8,0,581660,,,43/G,136.55,167.67
play,8,1,592286,,,K
play,8,1,551750,,,S6/G,115.46,170.68
play,8,1,594824,,,WP.1-2
play,8,1,594824,,,W
play,8,1,570805,,,NP
sub,592677,C. J. Riefenhauser,0,0,1
play,8,1,570805,,,E6.1-2;2-3,118.47,173.69
play,8,1,592774,,,FC1/G.1X2(16);2-3;3-H;B-1,125.50,193.78
play,8,1,500675,,,WP.1-2;3-H
play,8,1,500675,,,7/F,61.24,114.46
play,9,0,596313,,,13/G,129.52,191.77
play,9,0,553889,,,W
play,9,0,541660,,,D7/L.1-3,31.12,111.45
play,9,0,517028,,,IW
play,9,0,541653,,,NP
sub,572853,Bryan Fogle,0,8,11
play,9,0,596335,,,NP
sub,501675,Ruben Contreras,0,6,12
play,9,0,572853,,,S8/L.1X3;2-H;3-H,121.49,106.43
play,9,0,596335,,,6/L,110.44,165.66
play,9,1,521091,,,NP
sub,581660,Scott Lawson,0,3,5
play,9,1,542465,,,NP
sub,501675,Ruben Contreras,0,6,10
play,9,1,518802,,,NP
sub,545349,Jeff Malm,0,8,3
play,9,1,592286,,,NP
sub,596335,Brian Harris,0,9,6
play,9,1,521091,,,W
play,9,1,594824,,,NP
sub,572265,Reggie Williams,1,5,12
play,9,1,542465,,,K
play,9,1,518802,,,9/F,202.81,119.48
play,9,1,592286,,,NP
sub,502023,Travis Tartamella,1,8,11
play,9,1,502023,,,K
id,JohAPP201008280
info,visteam,BluAPP
info,hometeam,JohAPP
info,date,2010/08/28
start,525988,Moises Ciriaco,0,1,4
start,570727,Dudley Leonora,0,2,5
start,572245,Brenden Webb,0,3,8
start,543848,Corey Thomas,0,4,3
start,572000,Michael Ohlman,0,5,2
start,570731,Jonathan Schoop,0,6,6
start,489314,Jeremy Shelby,0,7,7
start,595472,Cody Young,0,8,9
start,572882,Austin Goolsby,0,9,10
start,543637,Zach Petersime,0,0,1
start,594824,Greg Garcia,1,1,4
start,570805,Oscar Taveras,1,2,7
start,592774,Cody Stanley,1,3,10
start,500675,Kleininger Teran,1,4,3
start,502023,Travis Tartamella,1,5,2
start,542465,Roberto Reyes,1,6,9
start,572265,Reggie Williams,1,7,8
start,592286,Patrick Elkins,1,8,5
start,551750,Cesar Valera,1,9,6
start,542203,Angel De Jesus,1,0,1
play,1,0,525988,,,D7/F,73.29,114.46
play,1,0,570727,,,43/G.2-3,135.54,171.69
play,1,0,572245,,,K
play,1,0,543848,,,E6/TH.3-H,109.44,171.69
play,1,0,572000,,,CS2
play,1,1,594824,,,K
play,1,1,570805,,,S9/G,157.63,140.56
play,1,1,592774,,,7/F,64.26,122.49
play,1,1,500675,,,CS2
play,2,0,572000,,,S3/G.B-2(E3/TH),144.58,179.72
play,2,0,570731,,,W
play,2,0,489314,,,63/G.1-2;2-3,111.45,169.68
play,2,0,595472,,,6/P,113.45,167.67
play,2,0,572882,,,6/L,101.41,168.67
play,2,1,500675,,,S8/L,121.49,124.50
play,2,1,502023,,,64(1)3/GDP/G6,110.44,170.68
play,2,1,542465,,,S8/G,116.47,115.46
play,2,1,572265,,,PB.1-2
play,2,1,572265,,,K
play,3,0,525988,,,63/G,100.40,170.68
play,3,0,570727,,,K
play,3,0,572245,,,S8/G,145.58,105.42
play,3,0,543848,,,K
play,3,1,592286,,,7/F,53.21,120.48
play,3,1,551750,,,9/F,176.71,120.48
play,3,1,594824,,,7/F,66.27,131.53
play,4,0,572000,,,3/G,146.59,181.73
play,4,0,570731,,,HR/F,54.22,52.21
play,4,0,489314,,,K
play,4,0,595472,,,K
play,4,1,570805,,,HR/F,52.21,21.08
play,4,1,592774,,,E3/TH,150.60,182.73
play,4,1,500675,,,D9/L.1-3,196.79,134.54
play,4,1,502023,,,63/G.2-3;3-H,115.46,169.68
play,4,1,542465,,,D8/F.3-H,121.49,81.33
play,4,1,572265,,,S9/G.2-3,173.69,126.51
play,4,1,592286,,,CS2
play,4,1,592286,,,9/F,170.68,130.52
play,5,0,572882,,,K23
play,5,0,525988,,,563/G5,106.43,173.69
play,5,0,570727,,,3/G,144.58,181.73
play,5,1,551750,,,W
play,5,1,594824,,,9/F,184.74,117.47
play,5,1,570805,,,46(1)3/GDP/G4,131.53,169.68
play,6,0,572245,,,7/F,76.31,115.46
play,6,0,543848,,,53/G,108.43,179.72
play,6,0,572000,,,K
play,6,1,592774,,,W
play,6,1,500675,,,8/F,107.43,96.39
play,6,1,502023,,,K
play,6,1,542465,,,D8/L.1-H,132.53,86.35
play,6,1,572265,,,NP
sub,595429,Travis Strong,0,0,1
play,6,1,572265,,,W
play,6,1,592286,,,K
play,7,0,570731,,,6/L,107.43,172.69
play,7,0,489314,,,K
play,7,0,595472,,,K
play,7,1,551750,,,K
play,7,1,594824,,,S7/G,59.24,123.49
play,7,1,570805,,,SB2
play,7,1,570805,,,K
play,7,1,592774,,,5/P,103.41,180.72
play,8,0,572882,,,NP
sub,592515,Aidan Lucas,1,0,1
play,8,0,572882,,,K
play,8,0,525988,,,6/L,110.44,172.69
play,8,0,570727,,,9/F,171.69,127.51
play,8,1,500675,,,43/G,146.59,169.68
play,8,1,502023,,,HR/F,43.17,33.13
play,8,1,542465,,,1/L,124.50,179.72
play,8,1,572265,,,8/L,131.53,76.31
play,9,0,572245,,,NP
sub,523489,Hector Corpas,1,0,1
play,9,0,572245,,,13/G,126.51,194.78
play,9,0,543848,,,K
play,9,0,572000,,,S7/G,68.27,123.49
play,9,0,570731,,,FC5/G.1X2(54),105.42,177.71
id,JohAPP201008290
info,visteam,BluAPP
info,hometeam,JohAPP
info,date,2010/08/29
start,572932,Kyle Hoppy,0,1,7
start,570727,Dudley Leonora,0,2,4
start,572245,Brenden Webb,0,3,8
start,543848,Corey Thomas,0,4,3
start,570731,Jonathan Schoop,0,5,6
start,573220,Joe Velleggia,0,6,10
start,572803,Brad Decater,0,7,5
start,501531,Luis Ramirez,0,8,9
start,572882,Austin Goolsby,0,9,2
start,594984,Cameron Roth,0,0,1
start,594824,Greg Garcia,1,1,6
start,570805,Oscar Taveras,1,2,7
start,592774,Cody Stanley,1,3,10
start,500675,Kleininger Teran,1,4,3
start,521091,Romulo Ruiz,1,5,5
start,502023,Travis Tartamella,1,6,2
start,518802,Virgil Hill,1,7,9
start,572265,Reggie Williams,1,8,8
start,592286,Patrick Elkins,1,9,4
start,572953,Cale Johnson,1,0,1
play,1,0,572932,,,W
play,1,0,570727,,,23/G.1-2,124.50,202.81
play,1,0,572245,,,7/F,67.27,143.57
play,1,0,543848,,,63/G,115.46,171.69
play,1,1,594824,,,HP
play,1,1,placeholder,,,PO1(E?).1-3
play,1,1,570805,,,7/SF.3-H,63.25,125.50
play,1,1,592774,,,8/F,102.41,107.43
play,1,1,500675,,,D7/F,62.25,126.51
play,1,1,521091,,,K
play,2,0,570731,,,S7/F.B-3(E7/TH),86.35,113.45
play,2,0,573220,,,5/PF,97.39,200.80
play,2,0,572803,,,9/SF.3-H,171.69,127.51
play,2,0,501531,,,63/G,103.41,167.67
play,2,1,502023,,,S8/F,119.48,89.36
play,2,1,518802,,,K
play,2,1,572265,,,4(1)3/G4/GDP,134.54,166.67
play,3,0,572882,,,53/G,97.39,185.74
play,3,0,572932,,,K
play,3,0,570727,,,8/L,145.58,97.39
play,3,1,592286,,,S6/G,120.48,175.70
play,3,1,594824,,,8/L,114.46,94.38
play,3,1,570805,,,FC1/G.1X2(16);B-1,124.50,187.75
play,3,1,592774,,,HP.1-2
play,3,1,500675,,,8/F,110.44,84.34
play,4,0,572245,,,NP
sub,595342,Jeff Nadeau,1,0,1
play,4,0,572245,,,8/F,164.66,99.40
play,4,0,543848,,,W
play,4,0,570731,,,4/P,141.57,175.70
play,4,0,573220,,,8/F,121.49,87.35
play,4,1,521091,,,S8/G,96.39,94.38
play,4,1,502023,,,FC6/G.1X2(64);B-1,109.44,169.68
play,4,1,518802,,,3/PF,150.60,196.79
play,4,1,572265,,,S7/F.1-2,78.31,127.51
play,4,1,592286,,,43/G,132.53,174.70
play,5,0,572803,,,K
play,5,0,501531,,,W
play,5,0,572882,,,8/F,118.47,99.40
play,5,0,572932,,,PB.1-2
play,5,0,572932,,,63/G,119.48,167.67
play,5,1,594824,,,D7/L,98.39,129.52
play,5,1,570805,,,53/G,100.40,173.69
play,5,1,592774,,,6/L,97.39,138.55
play,5,1,500675,,,W
play,5,1,521091,,,FC5/G.2X3(5),109.44,185.74
play,6,0,570727,,,NP
sub,518447,Andrew Benes,1,0,1
play,6,0,570727,,,4/PF,166.67,187.75
play,6,0,572245,,,8/F,125.50,104.42
play,6,0,543848,,,K
play,6,1,502023,,,NP
sub,571540,Dustin Carder,0,0,1
play,6,1,502023,,,S7/F,87.35,131.53
play,6,1,518802,,,S9/L.1-2,151.61,101.41
play,6,1,572265,,,46(1)3/GDP/G4.2-3,136.55,173.69
play,6,1,592286,,,43/G,130.52,176.71
play,7,0,570731,,,6/P,114.46,174.70
play,7,0,573220,,,K
play,7,0,572803,,,K
play,7,1,594824,,,NP
sub,596745,Chris Petrini,0,0,1
play,7,1,594824,,,63/G,103.41,179.72
play,7,1,570805,,,6/P,99.40,167.67
play,7,1,592774,,,D8/F,124.50,59.24
play,7,1,500675,,,S7/L.2-H;B-2,86.35,134.54
play,7,1,521091,,,7/F,73.29,135.54
play,8,0,501531,,,NP
sub,572096,Trevor Rosenthal,1,0,1
play,8,0,572882,,,NP
sub,542465,Roberto Reyes,1,2,9
play,8,0,572932,,,NP
sub,518802,Virgil Hill,1,7,7
play,8,0,501531,,,K
play,8,0,572882,,,K
play,8,0,572932,,,63/G,118.47,170.68
play,8,1,502023,,,NP
sub,504322,Sam Taveras,0,0,1
play,8,1,502023,,,8/F,125.50,95.38
play,8,1,518802,,,S8/L,115.46,88.35
play,8,1,572265,,,CS2
play,8,1,572265,,,K+WP.B-1
play,8,1,592286,,,K23
play,9,0,570727,,,NP
sub,523489,Hector Corpas,1,0,1
play,9,0,570727,,,7/F,64.26,96.39
play,9,0,572245,,,9/F,179.72,128.51
play,9,0,543848,,,T8/F,104.42,82.33
play,9,0,570731,,,S8/G.3-H,114.46,98.39
play,9,0,573220,,,NP
sub,572000,Michael Ohlman,0,6,11
play,9,0,572000,,,K
play,9,1,594824,,,NP
sub,572000,Michael Ohlman,0,6,10
play,9,1,594824,,,53/G,98.39,184.74
play,9,1,542465,,,K
play,9,1,592774,,,7/F,89.36,124.50
play,10,0,572803,,,NP
sub,519185,Robert Revesz,1,0,1
play,10,0,572803,,,E4,132.53,181.73
play,10,0,placeholder,,,NP
sub,543024,Edwin Cintron,0,7,12
play,10,0,501531,,,FC1/G.1X2(16);B-1,122.49,186.75
play,10,0,572882,,,54(1)3/GDP/G5,99.40,180.72
play,10,1,500675,,,NP
sub,570727,Dudley Leonora,0,2,5
play,10,1,521091,,,NP
sub,525988,Moises Ciriaco,0,7,4
play,10,1,500675,,,T8/F,105.42,78.31
play,10,1,518802,,,NP
sub,551750,Cesar Valera,1,4,12
play,10,1,521091,,,W
play,10,1,502023,,,6/P,110.44,176.71
play,10,1,518802,,,HP.1-2
play,10,1,572265,,,K
play,10,1,592286,,,FC6/G.1X2(64),111.45,169.68
play,11,0,572932,,,NP
sub,594824,Greg Garcia,1,1,4
play,11,0,570727,,,NP
sub,551750,Cesar Valera,1,4,6
play,11,0,572245,,,NP
sub,521091,Romulo Ruiz,1,5,3
play,11,0,543848,,,NP
sub,595158,Philip Cerreto,1,7,7
play,11,0,570731,,,NP
sub,592286,Patrick Elkins,1,9,5
play,11,0,572932,,,W
play,11,0,570727,,,SH.1-3;B-1,150.60,182.73
play,11,0,572245,,,S9/G.1-2;3-H,156.63,131.53
play,11,0,543848,,,NP
sub,592515,Aidan Lucas,1,0,1
play,11,0,543848,,,9/F,196.79,130.52
play,11,0,570731,,,D9/F.1-3;2-H,171.69,125.50
play,11,0,572000,,,S1/G.2-3;3-H,121.49,183.73
play,11,0,525988,,,FC4.1-2;3XH(42),135.54,170.68
play,11,0,501531,,,43/G,137.55,176.71
play,11,1,placeholder,,,NP
sub,596741,Andy Deain,0,0,1
play,11,1,594824,,,K
play,11,1,542465,,,K
play,11,1,592774,,,W
play,11,1,551750,,,PB.1-2
play,11,1,551750,,,K
id,JohAPP201008300
info,visteam,BluAPP
info,hometeam,JohAPP
info,date,2010/08/30
start,572932,Kyle Hoppy,0,1,7
start,525988,Moises Ciriaco,0,2,4
start,572245,Brenden Webb,0,3,8
start,543848,Corey Thomas,0,4,3
start,570731,Jonathan Schoop,0,5,6
start,572000,Michael Ohlman,0,6,2
start,572803,Brad Decater,0,7,5
start,594785,Chris Clinton,0,8,9
start,543024,Edwin Cintron,0,9,10
start,543496,Jarret Martin,0,0,1
start,572265,Reggie Williams,1,1,8
start,575589,Starlin Rodriguez,1,2,4
start,551629,Roberto De La Cruz,1,3,5
start,501223,David Medina,1,4,3
start,521091,Romulo Ruiz,1,5,10
start,542465,Roberto Reyes,1,6,9
start,571685,Anthony Garcia,1,7,2
start,551750,Cesar Valera,1,8,6
start,594971,Steven Ramos,1,9,7
start,592433,Tyrell Jenkins,1,0,1
play,1,0,572932,,,W
play,1,0,525988,,,46(1)3/GDP/G4,136.55,173.69
play,1,0,572245,,,K
play,1,1,572265,,,9/F,195.78,105.42
play,1,1,575589,,,8/F,140.56,100.40
play,1,1,551629,,,K
play,2,0,543848,,,8/F,128.51,90.36
play,2,0,570731,,,S7/G,89.36,96.39
play,2,0,572000,,,8/F,111.45,98.39
play,2,0,572803,,,D9/L.1-3,196.79,109.44
play,2,0,594785,,,W
play,2,0,543024,,,4/P,143.57,171.69
play,2,1,501223,,,HP
play,2,1,521091,,,9/F,174.70,116.47
play,2,1,542465,,,K
play,2,1,571685,,,W.1-2
play,2,1,551750,,,K
play,3,0,572932,,,NP
sub,543779,Kevin Siegrist,1,0,1
play,3,0,572932,,,63/G,102.41,173.69
play,3,0,525988,,,S8/G,92.37,96.39
play,3,0,572245,,,S8/G.1-2,145.58,109.44
play,3,0,543848,,,E5.1-2;2-3,110.44,186.75
play,3,0,570731,,,S9/G.1-3;2-H;3-H;B-2,168.67,112.45
play,3,0,572000,,,E6.2-3;3-H,114.46,175.70
play,3,0,572803,,,K
play,3,0,594785,,,E1/TH.1-2;3-H,125.50,198.80
play,3,0,543024,,,S8/G.1X3,119.48,109.44
play,3,1,594971,,,W
play,3,1,572265,,,K
play,3,1,575589,,,FC5/G.1X2(54);B-2(E4/TH),108.43,184.74
play,3,1,551629,,,3/L,137.55,183.73
play,4,0,572932,,,43/G,137.55,172.69
play,4,0,525988,,,D8/F.BX3(835),132.53,97.39
play,4,0,572245,,,T8/F,113.45,103.41
play,4,0,543848,,,K
play,4,1,501223,,,W
play,4,1,521091,,,K
play,4,1,542465,,,WP.1-2
play,4,1,542465,,,K23
play,4,1,571685,,,K23
play,5,0,570731,,,NP
sub,542213,Charllan Jimenez,1,0,1
play,5,0,570731,,,S7/G,71.29,117.47
play,5,0,572000,,,E5.1X3(85);B-2,93.37,148.59
play,5,0,572803,,,D7/L.2-H,54.22,108.43
play,5,0,594785,,,6/L,104.42,171.69
play,5,0,543024,,,E6/TH.2-H,111.45,173.69
play,5,0,572932,,,E5.1-2,112.45,186.75
play,5,0,525988,,,8/F,121.49,100.40
play,5,1,551750,,,6/P,112.45,177.71
play,5,1,594971,,,K
play,5,1,572265,,,S5/G,115.46,185.74
play,5,1,575589,,,S8/G.1-2,123.49,105.42
play,5,1,551629,,,3/G,139.56,184.74
play,6,0,572245,,,7/F,76.31,110.44
play,6,0,543848,,,K
play,6,0,570731,,,W
play,6,0,572000,,,S9/G.1-2,176.71,108.43
play,6,0,572803,,,53/G,116.47,182.73
play,6,1,501223,,,NP
sub,575248,Andrew Huebner,0,0,1
play,6,1,501223,,,S9/L,158.63,102.41
play,6,1,521091,,,D9/F.1-3,183.73,109.44
play,6,1,542465,,,6/P,119.48,177.71
play,6,1,571685,,,7/SF.3-H,64.26,114.46
play,6,1,551750,,,53/G,114.46,183.73
play,7,0,594785,,,S8/G,126.51,96.39
play,7,0,543024,,,K
play,7,0,572932,,,8/F,165.66,95.38
play,7,0,525988,,,S5/G.1-2,115.46,186.75
play,7,0,572245,,,K
play,7,1,594971,,,NP
sub,598171,Cory Ast,0,0,1
play,7,1,594971,,,S7/L,60.24,110.44
play,7,1,572265,,,PO1(13)
play,7,1,572265,,,K
play,7,1,575589,,,W
play,7,1,551629,,,K
play,8,0,543848,,,NP
sub,517228,Francisco Guzman,1,0,1
play,8,0,543848,,,9/F,188.76,104.42
play,8,0,570731,,,S7/G,37.15,113.45
play,8,0,572000,,,WP.1-2
play,8,0,572000,,,S8/L.2-3,113.45,111.45
play,8,0,572803,,,FC3/G.1X3;3XH,139.56,179.72
play,8,1,501223,,,K
play,8,1,521091,,,6/L,106.43,174.70
play,8,1,542465,,,13/G,120.48,195.78
play,9,0,594785,,,NP
sub,595158,Philip Cerreto,1,6,9
play,9,0,594785,,,E5,110.44,182.73
play,9,0,543024,,,S9/G.1-2,172.69,115.46
play,9,0,572932,,,46(1)3/GDP/G4.2-3,138.55,171.69
play,9,0,525988,,,43/G,144.58,177.71
play,9,1,571685,,,NP
sub,596741,Andy Deain,0,0,1
play,9,1,571685,,,63/G,109.44,174.70
play,9,1,551750,,,S1/L,126.51,198.80
play,9,1,594971,,,43/G.1-2,132.53,177.71
play,9,1,572265,,,K
id,JohAPP201008310
info,visteam,EliAPP
info,hometeam,JohAPP
info,date,2010/08/31
start,594849,Jamaal Hawkins,0,1,6
start,594896,Andy Leer,0,2,5
start,542455,Oswaldo Arcia,0,3,8
start,592184,Brian Burke,0,4,3
start,543611,Daniel Ortiz,0,5,7
start,571861,Kyle Knudson,0,6,2
start,573121,Nate Roberts,0,7,10
start,475774,Gunner Glad,0,8,9
start,572993,Nick Lockwood,0,9,4
start,534737,Pat Dean,0,0,1
start,594824,Greg Garcia,1,1,4
start,570805,Oscar Taveras,1,2,7
start,592774,Cody Stanley,1,3,2
start,500675,Kleininger Teran,1,4,3
start,521091,Romulo Ruiz,1,5,10
start,542465,Roberto Reyes,1,6,10
start,572265,Reggie Williams,1,7,8
start,592286,Patrick Elkins,1,8,5
start,551750,Cesar Valera,1,9,6
start,595031,Boone Whiting,1,0,1
play,1,0,594849,,,HP
play,1,0,594896,,,E5.1-3;B-2,111.45,178.71
play,1,0,542455,,,43/G.2-3;3-H,143.57,175.70
play,1,0,592184,,,K
play,1,0,543611,,,S7/G.3-H,65.26,104.42
play,1,0,571861,,,K23
play,1,1,594824,,,K
play,1,1,570805,,,1/P,126.51,200.80
play,1,1,592774,,,53/G,107.43,182.73
play,2,0,placeholder,,,NP
sub,572797,Patrick Daugherty,1,0,1
play,2,0,573121,,,K
play,2,0,475774,,,63/G,113.45,175.70
play,2,0,572993,,,63/G,111.45,174.70
play,2,1,500675,,,43/G,137.55,174.70
play,2,1,521091,,,K
play,2,1,542465,,,K
play,3,0,594849,,,53/G,110.44,180.72
play,3,0,594896,,,D7/F,52.21,119.48
play,3,0,542455,,,6(B)6(2)/LDP,119.48,173.69
play,3,1,placeholder,,,NP
sub,592244,Logan Darnell,0,0,1
play,3,1,572265,,,53/G,108.43,180.72
play,3,1,592286,,,63/G,110.44,175.70
play,3,1,551750,,,K
play,4,0,592184,,,S7/G,58.23,101.41
play,4,0,543611,,,K
play,4,0,571861,,,W.1-2
play,4,0,573121,,,64(1)3/GDP/G6,114.46,172.69
play,4,1,594824,,,K
play,4,1,570805,,,S7/G,70.28,109.44
play,4,1,592774,,,7/F,77.31,115.46
play,4,1,500675,,,3/G,138.55,186.75
play,5,0,475774,,,NP
sub,502023,Travis Tartamella,1,3,2
play,5,0,475774,,,K
play,5,0,572993,,,K
play,5,0,594849,,,W
play,5,0,594896,,,SB2
play,5,0,594896,,,D8/L.2-H,138.55,105.42
play,5,0,542455,,,W
play,5,0,592184,,,FC5/G.1X2(54),105.42,186.75
play,5,1,521091,,,NP
sub,592091,A. J. Achter,0,0,1
play,5,1,521091,,,9/F,185.74,115.46
play,5,1,542465,,,HP
play,5,1,572265,,,NP
sub,595158,Philip Cerreto,1,6,12
play,5,1,572265,,,8/F,128.51,72.29
play,5,1,592286,,,BK.1-2
play,5,1,592286,,,W
play,5,1,551750,,,K
play,6,0,543611,,,NP
sub,595158,Philip Cerreto,1,6,9
play,6,0,543611,,,K
play,6,0,571861,,,63/G,105.42,174.70
play,6,0,573121,,,S9/G,173.69,113.45
play,6,0,475774,,,W.1-2
play,6,0,572993,,,K
play,6,1,594824,,,43/G,137.55,175.70
play,6,1,570805,,,53/G,108.43,184.74
play,6,1,502023,,,K
play,7,0,594849,,,NP
sub,571772,Hector Hernandez,1,0,1
play,7,0,594849,,,K
play,7,0,594896,,,T8/F,153.61,73.29
play,7,0,542455,,,D8/F.3-H,123.49,87.35
play,7,0,592184,,,D7/L.2-H,86.35,94.38
play,7,0,543611,,,D9/L.2-H,187.75,104.42
play,7,0,571861,,,WP.2-3
play,7,0,571861,,,S4/G.3-H,139.56,178.71
play,7,0,573121,,,W.1-2
play,7,0,475774,,,D8/F.1-3;2-H,145.58,97.39
play,7,0,572993,,,8/SF.3-H,110.44,82.33
play,7,0,594849,,,W
play,7,0,594896,,,NP
sub,519072,Iden Nazario,1,0,1
play,7,0,594896,,,K
play,7,1,500675,,,NP
sub,501223,David Medina,1,4,11
play,7,1,501223,,,W
play,7,1,521091,,,3/P,139.56,187.75
play,7,1,595158,,,S7/L.1-2,97.39,109.44
play,7,1,572265,,,K
play,7,1,592286,,,NP
sub,551629,Roberto De La Cruz,1,8,11
play,7,1,551629,,,WP.1-2;2-3
play,7,1,551629,,,K
play,8,0,542455,,,NP
sub,594824,Greg Garcia,1,1,6
play,8,0,592184,,,NP
sub,594971,Steven Ramos,1,2,7
play,8,0,543611,,,NP
sub,501223,David Medina,1,4,3
play,8,0,571861,,,NP
sub,551629,Roberto De La Cruz,1,8,5
play,8,0,573121,,,NP
sub,575589,Starlin Rodriguez,1,9,4
play,8,0,542455,,,K
play,8,0,592184,,,K
play,8,0,543611,,,K
play,8,1,575589,,,NP
sub,543297,B. J. Hermsen,0,0,1
play,8,1,575589,,,8/F,125.50,109.44
play,8,1,594824,,,T9/F,154.62,109.44
play,8,1,594971,,,NP
sub,594854,Brandon Henderson,0,3,8
play,8,1,594971,,,K
play,8,1,502023,,,K
play,9,0,571861,,,9/F,157.63,115.46
play,9,0,573121,,,K
play,9,0,475774,,,7/F,29.12,115.46
play,9,1,501223,,,NP
sub,542565,Adrian Salcedo,0,0,1
play,9,1,501223,,,E7.B-2,79.32,111.45
play,9,1,521091,,,D7/F.2-H,83.33,108.43
play,9,1,595158,,,PB.2-3
play,9,1,595158,,,8/SF.3-H,99.40,87.35
play,9,1,572265,,,NP
sub,571685,Anthony Garcia,1,7,11
play,9,1,571685,,,D9/F,159.64,103.41
play,9,1,551629,,,K
play,9,1,575589,,,S9/L.2-H,165.66,100.40
play,9,1,594824,,,K
id,JohAPP201009020
info,visteam,BurAPP
info,hometeam,JohAPP
info,date,2010/09/02
start,542371,Luis Piterson,0,1,4
start,594900,Michael Liberto,0,2,6
start,573183,Ryan Stovall,0,3,5
start,571461,Geoffrey Baldwin,0,4,3
start,542503,Edul Escobar,0,5,2
start,543454,Alex Llanos,0,6,8
start,572935,Anthony Howard,0,7,9
start,573001,Gabe MacDougall,0,8,7
start,595379,Drew Robertson,0,9,2
start,534508,Willian Avinazar,0,0,1
start,594824,Greg Garcia,1,1,4
start,570805,Oscar Taveras,1,2,8
start,592774,Cody Stanley,1,3,10
start,500675,Kleininger Teran,1,4,3
start,595158,Philip Cerreto,1,5,7
start,542465,Roberto Reyes,1,6,9
start,502023,Travis Tartamella,1,7,2
start,592286,Patrick Elkins,1,8,5
start,551750,Cesar Valera,1,9,6
start,572953,Cale Johnson,1,0,1
play,1,0,542371,,,K
play,1,0,594900,,,7/F,70.28,109.44
play,1,0,573183,,,53/G,104.42,181.73
play,1,1,594824,,,6/PF,77.31,173.69
play,1,1,570805,,,S8/G,118.47,106.43
play,1,1,592774,,,W.1-2
play,1,1,500675,,,S9/G.1X3;2-H;B-2,186.75,125.50
play,1,1,595158,,,K
play,2,0,571461,,,K23
play,2,0,542503,,,63/G,112.45,171.69
play,2,0,543454,,,S8/L,116.47,105.42
play,2,0,572935,,,13/G,127.51,184.74
play,2,1,542465,,,13/G,128.51,187.75
play,2,1,502023,,,HR/F,35.14,74.30
play,2,1,592286,,,S5/BG,115.46,197.79
play,2,1,551750,,,S7/L.1-2,74.30,115.46
play,2,1,594824,,,HP.1-2;2-3
play,2,1,570805,,,S8/L.1-3;2-H;3-H;B-2,114.46,97.39
play,2,1,592774,,,W
play,2,1,500675,,,D9/L.1-H;2-H;3-H,213.86,113.45
play,2,1,595158,,,NP
sub,572708,Claudio Bavera,0,0,1
play,2,1,595158,,,W
play,2,1,542465,,,S9/L.1-3;2-H;B-2,184.74,121.49
play,2,1,502023,,,D9/L.2-H;3-H,214.86,115.46
play,2,1,592286,,,D9/L.2-H;BX3(95),195.78,97.39
play,2,1,551750,,,9/F,183.73,100.40
play,3,0,573001,,,S7/L,62.25,126.51
play,3,0,595379,,,S7/L.1-2,81.33,117.47
play,3,0,542371,,,K
play,3,0,594900,,,S8/L.1-2;2-3,132.53,103.41
play,3,0,573183,,,64(1)3/GDP/G6,106.43,169.68
play,3,1,594824,,,8/F,115.46,80.32
play,3,1,570805,,,8/F,122.49,79.32
play,3,1,592774,,,63/G,114.46,166.67
play,4,0,571461,,,7/L,80.32,106.43
play,4,0,542503,,,3/G,155.62,178.71
play,4,0,543454,,,53/G,109.44,178.71
play,4,1,500675,,,S7/L,67.27,121.49
play,4,1,595158,,,WP.1-2
play,4,1,595158,,,W
play,4,1,542465,,,K
play,4,1,502023,,,E5.1-2;2-3,101.41,180.72
play,4,1,592286,,,D8/L.1-3;2-H;3-H,101.41,70.28
play,4,1,551750,,,S8/G.2-3;3-H,129.52,96.39
play,4,1,594824,,,S4/G.1-2;3-H,140.56,163.65
play,4,1,570805,,,46(1)3/GDP/G4,137.55,170.68
play,5,0,572935,,,S9/L,187.75,126.51
play,5,0,573001,,,S7/G.1-2,67.27,120.48
play,5,0,595379,,,3/P,154.62,177.71
play,5,0,542371,,,WP.1-2;2-3
play,5,0,542371,,,53/G.3-H,111.45,178.71
play,5,0,594900,,,W
play,5,0,573183,,,FC6/G.1X2(64),113.45,172.69
play,5,1,592774,,,NP
sub,598859,Jake Ramsey,0,0,1
play,5,1,592774,,,K
play,5,1,500675,,,3/G,151.61,183.73
play,5,1,595158,,,S8/L,116.47,97.39
play,5,1,542465,,,WP.1-2
play,5,1,542465,,,HR/F.2-H,67.27,61.24
play,5,1,502023,,,K
play,6,0,571461,,,7/F,72.29,115.46
play,6,0,542503,,,NP
sub,542502,Adrian Martinez,0,5,11
play,6,0,542502,,,K
play,6,0,543454,,,S7/L,72.29,116.47
play,6,0,572935,,,K23
play,6,1,592286,,,NP
sub,542502,Adrian Martinez,0,5,10
play,6,1,592286,,,8/F,124.50,76.31
play,6,1,551750,,,K
play,6,1,594824,,,13/G,122.49,189.76
play,7,0,573001,,,NP
sub,572265,Reggie Williams,1,2,8
play,7,0,595379,,,NP
sub,594971,Steven Ramos,1,5,7
play,7,0,542371,,,NP
sub,518802,Virgil Hill,1,6,9
play,7,0,594900,,,NP
sub,517228,Francisco Guzman,1,0,1
play,7,0,573001,,,8/F,112.45,82.33
play,7,0,595379,,,E6/TH,112.45,168.67
play,7,0,542371,,,K
play,7,0,594900,,,K
play,7,1,572265,,,7/FF,56.22,148.59
play,7,1,592774,,,NP
sub,501223,David Medina,1,3,11
play,7,1,501223,,,K
play,7,1,500675,,,43/G,140.56,173.69
play,8,0,573183,,,NP
sub,594824,Greg Garcia,1,1,6
play,8,0,571461,,,NP
sub,501223,David Medina,1,3,10
play,8,0,542502,,,NP
sub,592286,Patrick Elkins,1,8,4
play,8,0,543454,,,NP
sub,521091,Romulo Ruiz,1,9,5
play,8,0,573183,,,T7/L,35.14,117.47
play,8,0,571461,,,E5.3-H,96.39,176.71
play,8,0,542502,,,16(1)3/GDP/G1,128.51,193.78
play,8,0,543454,,,S8/L,119.48,87.35
play,8,0,572935,,,K
play,8,1,594971,,,4/P,139.56,163.65
play,8,1,518802,,,HR/F,209.84,74.30
play,8,1,502023,,,9/F,170.68,106.43
play,8,1,592286,,,NP
sub,575589,Starlin Rodriguez,1,8,11
play,8,1,575589,,,E6,108.43,167.67
play,8,1,521091,,,HR/F.1-H,68.27,57.23
play,8,1,594824,,,S1/G,124.50,190.76
play,8,1,572265,,,K
play,9,0,573001,,,NP
sub,575589,Starlin Rodriguez,1,8,4
play,9,0,595379,,,NP
sub,519185,Robert Revesz,1,0,1
play,9,0,573001,,,W
play,9,0,595379,,,E5.1-2,102.41,181.73
play,9,0,542371,,,NP
sub,524188,Yunior Figueroa,0,1,11
play,9,0,524188,,,7/F,68.27,107.43
play,9,0,594900,,,3/G.1-2;2-3,150.60,178.71
play,9,0,573183,,,3/G,144.58,188.76
id,JohAPP201009040
info,visteam,EliAPP
info,hometeam,JohAPP
info,date,2010/09/04
start,594849,Jamaal Hawkins,0,1,6
start,573121,Nate Roberts,0,2,7
start,542455,Oswaldo Arcia,0,3,8
start,592184,Brian Burke,0,4,3
start,594896,Andy Leer,0,5,5
start,543611,Daniel Ortiz,0,6,9
start,571861,Kyle Knudson,0,7,2
start,516612,Jhonatan Arias,0,8,10
start,475774,Gunner Glad,0,9,4
start,592244,Logan Darnell,0,0,1
start,594824,Greg Garcia,1,1,4
start,570805,Oscar Taveras,1,2,8
start,592774,Cody Stanley,1,3,10
start,595158,Philip Cerreto,1,4,7
start,500675,Kleininger Teran,1,5,3
start,502023,Travis Tartamella,1,6,2
start,518802,Virgil Hill,1,7,9
start,592286,Patrick Elkins,1,8,5
start,551750,Cesar Valera,1,9,6
start,543779,Kevin Siegrist,1,0,1
play,1,0,594849,,,HR/F,26.10,71.29
play,1,0,573121,,,K
play,1,0,542455,,,4/L,133.53,165.66
play,1,0,592184,,,K
play,1,1,594824,,,S8/F,125.50,104.42
play,1,1,570805,,,PB.1-2
play,1,1,570805,,,S7/F,94.38,136.55
play,1,1,592774,,,FC1/G.1X2(16);2-3;B-1,125.50,191.77
play,1,1,595158,,,S9/G.1-2;3-H,171.69,148.59
play,1,1,500675,,,31/G.1-2;2-3,145.58,171.69
play,1,1,502023,,,S8/L.2-H;3-H,131.53,98.39
play,1,1,518802,,,43/G,131.53,164.66
play,2,0,594896,,,K
play,2,0,543611,,,43/G,132.53,162.65
play,2,0,571861,,,K
play,2,1,592286,,,K
play,2,1,551750,,,53/G,106.43,179.72
play,2,1,594824,,,43/G,136.55,165.66
play,3,0,516612,,,8/F,123.49,66.27
play,3,0,475774,,,4/P,133.53,165.66
play,3,0,594849,,,7/L,78.31,126.51
play,3,1,570805,,,K
play,3,1,592774,,,63/G,115.46,164.66
play,3,1,595158,,,K
play,4,0,573121,,,K
play,4,0,542455,,,9/F,176.71,120.48
play,4,0,592184,,,S7/G,76.31,134.54
play,4,0,594896,,,6/P,108.43,164.66
play,4,1,500675,,,6/P,114.46,162.65
play,4,1,502023,,,4/P,139.56,163.65
play,4,1,518802,,,63/G,105.42,165.66
play,5,0,543611,,,K
play,5,0,571861,,,43/G,137.55,168.67
play,5,0,516612,,,7/L,85.34,124.50
play,5,1,592286,,,K
play,5,1,551750,,,K
play,5,1,594824,,,HP
play,5,1,570805,,,FC4/G.1X2(46),141.57,168.67
play,6,0,475774,,,9/F,186.75,132.53
play,6,0,594849,,,43/G,132.53,163.65
play,6,0,573121,,,8/F,121.49,78.31
play,6,1,592774,,,K
play,6,1,595158,,,W
play,6,1,500675,,,S9/F.1-2,172.69,151.61
play,6,1,502023,,,3/PF,150.60,200.80
play,6,1,518802,,,D9/L.1-3;2-H,189.76,130.52
play,6,1,592286,,,4/P,139.56,166.67
play,7,0,542455,,,31/G,146.59,168.67
play,7,0,592184,,,HP
play,7,0,594896,,,S8/G.1-2,126.51,94.38
play,7,0,543611,,,FC4/G.1X2(46);2-3;B-1,140.56,164.66
play,7,0,571861,,,NP
sub,572096,Trevor Rosenthal,1,0,1
play,7,0,571861,,,43/G,138.55,165.66
play,7,1,551750,,,S8/L,120.48,105.42
play,7,1,594824,,,53/SH.1-2,107.43,186.75
play,7,1,570805,,,IW
play,7,1,592774,,,3/G.1-2;2-3,139.56,180.72
play,7,1,595158,,,NP
sub,543859,Michael Tonkin,0,0,1
play,7,1,595158,,,4/L,138.55,164.66
play,8,0,516612,,,NP
sub,542465,Roberto Reyes,1,4,9
play,8,0,475774,,,NP
sub,518802,Virgil Hill,1,7,7
play,8,0,516612,,,K
play,8,0,475774,,,S9/L,174.70,145.58
play,8,0,594849,,,S9/L.1-2,167.67,140.56
play,8,0,573121,,,FC3/G.1X2(36);2-H;B-2(E6/TH),150.60,171.69
play,8,0,542455,,,NP
sub,523489,Hector Corpas,1,0,1
play,8,0,542455,,,K
play,8,1,500675,,,E3,142.57,167.67
play,8,1,502023,,,13/SH.1-2,126.51,194.78
play,8,1,518802,,,HR/F.2-H,221.89,65.26
play,8,1,592286,,,9/F,187.75,117.47
play,8,1,551750,,,3/G,148.59,172.69
play,9,0,592184,,,K
play,9,0,594896,,,63/G,113.45,160.64
play,9,0,543611,,,K
id,KinAPP201006240
info,visteam,JohAPP
info,hometeam,KinAPP
info,date,2010/06/24
start,594824,Greg Garcia,0,1,6
start,595023,Colin Walsh,0,2,4
start,592774,Cody Stanley,0,3,2
start,595158,Philip Cerreto,0,4,3
start,521091,Romulo Ruiz,0,5,10
start,592286,Patrick Elkins,0,6,5
start,518802,Virgil Hill,0,7,7
start,572265,Reggie Williams,0,8,9
start,594971,Steven Ramos,0,9,10
start,572953,Cale Johnson,0,0,1
start,572897,ZeErika McQueen,1,1,8
start,543710,Javier Rodriguez,1,2,9
start,573669,Aderlin Rodriguez,1,3,5
start,502095,Lucas Stewart,1,4,3
start,544938,Albert Cordero,1,5,10
start,572284,Nelfi Zapata,1,6,2
start,502402,Brandon Brown,1,7,6
start,573153,John Semel,1,8,7
start,514914,Ray Van Gurp,1,9,4
start,544390,Lachlan Hodge,1,0,1
play,1,0,594824,,,43/G,134.54,170.68
play,1,0,595023,,,3/PF,149.60,196.79
play,1,0,592774,,,W
play,1,0,595158,,,FC6/G.1X2(64),115.46,169.68
play,1,1,572897,,,53/G,106.43,179.72
play,1,1,543710,,,53/G,102.41,186.75
play,1,1,573669,,,63/G,118.47,176.71
play,2,0,521091,,,K
play,2,0,592286,,,163/G1,129.52,188.76
play,2,0,518802,,,S8/F,135.54,83.33
play,2,0,572265,,,SB2
play,2,0,572265,,,S5/G.2XH(32),110.44,182.73
play,2,1,502095,,,D7/F,55.22,125.50
play,2,1,544938,,,E3,144.58,179.72
play,2,1,572284,,,S7/L.1-2;2-H,70.28,115.46
play,2,1,502402,,,7/F.2-3,60.24,127.51
play,2,1,573153,,,K
play,2,1,514914,,,FC4/G.1X2(46),135.54,174.70
play,3,0,594971,,,W
play,3,0,594824,,,FC6/G.1X2(64);B-1,115.46,178.71
play,3,0,595023,,,W.1-2
play,3,0,592774,,,WP.1-2;2-3
play,3,0,592774,,,S3/G.2-3;3-H,142.57,190.76
play,3,0,595158,,,FC4/G.1X2(4);3-H;B-1,138.55,175.70
play,3,0,521091,,,D8/F.1-H,128.51,55.22
play,3,0,592286,,,K
play,3,1,572897,,,S7/F,64.26,122.49
play,3,1,543710,,,FC5/G.1X2(54);B-1,105.42,186.75
play,3,1,573669,,,43/G.1-2,139.56,178.71
play,3,1,502095,,,7/FF,56.22,150.60
play,4,0,518802,,,W
play,4,0,572265,,,WP.1-2
play,4,0,572265,,,S8/G.2-3,109.44,111.45
play,4,0,594971,,,NP
sub,451699,Richard Pena,1,0,1
play,4,0,594971,,,SB2
play,4,0,594971,,,53/G.3-H,108.43,185.74
play,4,0,594824,,,K
play,4,0,595023,,,43/G,143.57,168.67
play,4,1,544938,,,63/G,113.45,179.72
play,4,1,572284,,,43/G,137.55,176.71
play,4,1,502402,,,63/G,105.42,170.68
play,5,0,592774,,,S9/F,144.58,132.53
play,5,0,595158,,,HR/F.1-H,207.83,65.26
play,5,0,521091,,,K
play,5,0,592286,,,S9/F,167.67,111.45
play,5,0,518802,,,K
play,5,0,572265,,,S7/L.1-2,71.29,141.57
play,5,0,594971,,,FC6/G.1X2(64),110.44,178.71
play,5,1,573153,,,K
play,5,1,514914,,,S7/F,85.34,126.51
play,5,1,572897,,,S7/G.1-2,75.30,110.44
play,5,1,543710,,,3/PF,153.61,192.77
play,5,1,573669,,,FC5/G.2X3(5),108.43,186.75
play,6,0,594824,,,S7/F,80.32,113.45
play,6,0,595023,,,PB.1-2
play,6,0,595023,,,8/F,123.49,75.30
play,6,0,592774,,,NP
sub,571560,Thomas Chism,1,0,1
play,6,0,592774,,,K
play,6,0,595158,,,W
play,6,0,521091,,,PB.1-2;2-3
play,6,0,521091,,,W
play,6,0,592286,,,43/G,146.59,172.69
play,6,1,502095,,,NP
sub,518447,Andrew Benes,0,0,1
play,6,1,502095,,,S7/L,86.35,117.47
play,6,1,544938,,,D8/L.1-3,187.75,119.48
play,6,1,572284,,,E5.2-3;3-H,104.42,185.74
play,6,1,502402,,,HP.1-2
play,6,1,573153,,,NP
sub,594955,Christopher Patterson,0,0,1
play,6,1,573153,,,64(1)3/GDP/G6.2-3;3-H,110.44,175.70
play,6,1,514914,,,W
play,6,1,572897,,,K
play,7,0,518802,,,NP
sub,592473,Adam Kolarek,1,0,1
play,7,0,518802,,,K
play,7,0,572265,,,K
play,7,0,594971,,,K
play,7,1,543710,,,13/G,125.50,188.76
play,7,1,573669,,,8/L,115.46,92.37
play,7,1,502095,,,7/F,61.24,128.51
play,8,0,594824,,,3/G,138.55,184.74
play,8,0,595023,,,S9/L,160.64,121.49
play,8,0,592774,,,D7/F.1-H,63.25,123.49
play,8,0,595158,,,53/G.2-3,104.42,182.73
play,8,0,521091,,,8/F,106.43,77.31
play,8,1,544938,,,NP
sub,542465,Roberto Reyes,0,8,9
play,8,1,572284,,,NP
sub,594971,Steven Ramos,0,9,8
play,8,1,544938,,,63/G,108.43,170.68
play,8,1,572284,,,W
play,8,1,502402,,,FC5/G.1X2(54);B-1,110.44,186.75
play,8,1,573153,,,T8/F.1-H,121.49,98.39
play,8,1,514914,,,NP
sub,523489,Hector Corpas,0,0,1
play,8,1,514914,,,63/G,105.42,164.66
play,9,0,592286,,,NP
sub,572831,Joshua Edgin,1,0,1
play,9,0,592286,,,K
play,9,0,518802,,,9/F,181.73,126.51
play,9,0,542465,,,9/F,188.76,124.50
play,9,1,572897,,,13/G,124.50,187.75
play,9,1,543710,,,143/G1,126.51,188.76
play,9,1,573669,,,K
id,KinAPP201006291
info,visteam,GreAPP
info,hometeam,KinAPP
info,date,2010/06/29
start,595831,Jonathan Merritt,0,1,6
start,500767,Ricardo Garcia,0,2,4
start,516430,Emilio King,0,3,9
start,455390,Jhonny Medrano,0,4,5
start,548300,Chris Wallace,0,5,10
start,571981,Telvin Nash,0,6,7
start,595832,Marcus Nidiffer,0,7,3
start,573245,Bubby Williams,0,8,2
start,595291,Bryce Lane,0,9,8
start,517328,Angel Gonzalez,0,0,1
start,572897,ZeErika McQueen,1,1,8
start,514914,Ray Van Gurp,1,2,4
start,502095,Lucas Stewart,1,3,3
start,573669,Aderlin Rodriguez,1,4,5
start,572284,Nelfi Zapata,1,5,10
start,543710,Javier Rodriguez,1,6,9
start,544938,Albert Cordero,1,7,2
start,502402,Brandon Brown,1,8,6
start,573153,John Semel,1,9,7
start,543290,Michael Hebert,1,0,1
play,1,0,595831,,,S7/G,63.25,133.53
play,1,0,500767,,,54(1)3/GDP/G5,98.39,181.73
play,1,0,516430,,,S8/L,121.49,115.46
play,1,0,455390,,,HR/F.1-H,35.14,74.30
play,1,0,548300,,,K
play,1,1,572897,,,43/G,144.58,168.67
play,1,1,514914,,,8/F,121.49,88.35
play,1,1,502095,,,HP
play,1,1,573669,,,W.1-2
play,1,1,572284,,,W.1-2;2-3
play,1,1,543710,,,4/L,138.55,162.65
play,2,0,571981,,,W
play,2,0,595832,,,HR/F.1-H,50.20,64.26
play,2,0,573245,,,S8/L,135.54,101.41
play,2,0,595291,,,K
play,2,0,595831,,,S8/G.1-3;B-2,112.45,108.43
play,2,0,500767,,,W
play,2,0,516430,,,64(1)3/GDP/G6,113.45,168.67
play,2,1,544938,,,K
play,2,1,502402,,,8/F,124.50,80.32
play,2,1,573153,,,9/F,177.71,122.49
play,3,0,455390,,,W
play,3,0,548300,,,SB2
play,3,0,548300,,,K
play,3,0,571981,,,S9/F.2-3,189.76,128.51
play,3,0,595832,,,8/SF.3-H,122.49,95.38
play,3,0,573245,,,BK.1-2
play,3,0,573245,,,K23
play,3,1,572897,,,63/G,119.48,161.65
play,3,1,514914,,,K
play,3,1,502095,,,43/G,146.59,162.65
play,4,0,595291,,,W
play,4,0,595831,,,CS2
play,4,0,595831,,,K
play,4,0,500767,,,W
play,4,0,516430,,,8/F,120.48,85.34
play,4,1,573669,,,53/G,101.41,179.72
play,4,1,572284,,,63/G,110.44,166.67
play,4,1,543710,,,K
play,5,0,455390,,,NP
sub,500783,Orlando Tovar,1,0,1
play,5,0,455390,,,S8/F.BX2(84),118.47,99.40
play,5,0,548300,,,9/F,176.71,116.47
play,5,0,571981,,,9/F,186.75,122.49
play,5,1,544938,,,7/FF,60.24,119.48
play,5,1,502402,,,53/G,106.43,181.73
play,5,1,573153,,,8/F,133.53,84.34
play,6,0,595832,,,43/G,144.58,163.65
play,6,0,573245,,,HR/F,42.17,75.30
play,6,0,595291,,,43/G,142.57,165.66
play,6,0,595831,,,K23
play,6,1,572897,,,13/G,122.49,190.76
play,6,1,514914,,,63/G,114.46,168.67
play,6,1,502095,,,K
play,7,0,500767,,,4/P,141.57,168.67
play,7,0,516430,,,W
play,7,0,455390,,,W.1-2
play,7,0,548300,,,S7/G.1-2;2-H,78.31,136.55
play,7,0,571981,,,K
play,7,0,595832,,,K
play,7,1,573669,,,NP
sub,595800,B. J. Hagen,0,0,1
play,7,1,573669,,,9/F,180.72,111.45
play,7,1,572284,,,K
play,7,1,543710,,,D7/F,49.20,117.47
play,7,1,544938,,,S8/G.2-H,124.50,114.46
play,7,1,502402,,,D7/F.1-H,57.23,107.43
play,7,1,573153,,,63/G,99.40,166.67
id,KinAPP201006292
info,visteam,GreAPP
info,hometeam,KinAPP
info,date,2010/06/29
start,542165,Pedro Feliz,0,1,4
start,542605,Hector Rodriguez,0,2,6
start,516430,Emilio King,0,3,9
start,455390,Jhonny Medrano,0,4,5
start,548300,Chris Wallace,0,5,10
start,595832,Marcus Nidiffer,0,6,3
start,516429,Ricardo Heredia,0,7,7
start,572938,Ryan Humphrey,0,8,8
start,596571,Ryan McCurdy,0,9,2
start,500764,Jeiler Castillo,0,0,1
start,572897,ZeErika McQueen,1,1,8
start,514914,Ray Van Gurp,1,2,4
start,592725,Justin Schafer,1,3,6
start,573669,Aderlin Rodriguez,1,4,10
start,572284,Nelfi Zapata,1,5,2
start,543710,Javier Rodriguez,1,6,9
start,516941,Eddie Lora,1,7,3
start,573153,John Semel,1,8,7
start,541603,Ismael Tijerina,1,9,5
start,544390,Lachlan Hodge,1,0,1
play,1,0,542165,,,W
play,1,0,542605,,,S5/G.1-3,114.46,184.74
play,1,0,516430,,,3/PF,155.62,199.80
play,1,0,455390,,,K
play,1,0,548300,,,SB2;1XH(75);3-H(E2/TH)
play,1,1,572897,,,K
play,1,1,514914,,,63/G,112.45,165.66
play,1,1,592725,,,D7/F,60.24,111.45
play,1,1,573669,,,D7/F.2-H,83.33,93.37
play,1,1,572284,,,53/G,110.44,180.72
play,2,0,548300,,,HR/F,228.92,75.30
play,2,0,595832,,,HR/F,36.14,65.26
play,2,0,516429,,,W
play,2,0,572938,,,HP.1-2
play,2,0,596571,,,3/SH.1-2;2-3,142.57,188.76
play,2,0,542165,,,W
play,2,0,542605,,,S8/G.1-2;2-3;3-H,128.51,130.52
play,2,0,516430,,,HP.1-2;2-3;3-H
play,2,0,455390,,,NP
sub,516790,Samuel Taveras,1,0,1
play,2,0,455390,,,FC5/G.1-2;2-3;3XH(52);B-1,103.41,179.72
play,2,0,548300,,,PB.1-2;2-3;3-H
play,2,0,548300,,,K
play,2,1,543710,,,9/F,169.68,123.49
play,2,1,516941,,,E3,147.59,175.70
play,2,1,573153,,,S7/L.1-2,71.29,115.46
play,2,1,541603,,,K
play,2,1,572897,,,S8/L.1-2;2-3,116.47,109.44
play,2,1,514914,,,FC5/G.2X3(5),107.43,183.73
play,3,0,595832,,,S7/L,70.28,125.50
play,3,0,516429,,,K
play,3,0,572938,,,9(B)93(1)/LDP,181.73,122.49
play,3,1,592725,,,NP
sub,518514,Garrett Bullock,0,0,1
play,3,1,592725,,,43/G,141.57,163.65
play,3,1,573669,,,13/G,127.51,187.75
play,3,1,572284,,,3/L,143.57,177.71
play,4,0,596571,,,53/G,110.44,177.71
play,4,0,542165,,,41/G,141.57,174.70
play,4,0,542605,,,8/F,134.54,83.33
play,4,1,543710,,,S9/G,181.73,124.50
play,4,1,516941,,,K
play,4,1,573153,,,9/F,184.74,126.51
play,4,1,541603,,,BK.1-2
play,4,1,541603,,,K
play,5,0,516430,,,S7/G,67.27,102.41
play,5,0,455390,,,9/F,175.70,123.49
play,5,0,548300,,,S9/F.1-3,167.67,119.48
play,5,0,595832,,,9/F,187.75,119.48
play,5,0,516429,,,D9/F.1-3;3-H,188.76,115.46
play,5,0,572938,,,S9/G.2-3;3-H,172.69,119.48
play,5,0,596571,,,NP
sub,571560,T. J. Chism,1,0,1
play,5,0,596571,,,K
play,5,1,572897,,,NP
sub,592225,Ryan Cole,0,0,1
play,5,1,572897,,,D8/F,143.57,85.34
play,5,1,514914,,,WP.2-3
play,5,1,514914,,,9/F,182.73,119.48
play,5,1,592725,,,K
play,5,1,573669,,,53/G,100.40,183.73
play,6,0,542165,,,NP
sub,572831,Josh Edgin,1,0,1
play,6,0,542165,,,K
play,6,0,542605,,,S1/G,122.49,189.76
play,6,0,516430,,,9/F,183.73,115.46
play,6,0,455390,,,S9/G.1-3,168.67,127.51
play,6,0,548300,,,W.1-2
play,6,0,595832,,,K
play,6,1,572284,,,53/G,111.45,178.71
play,6,1,543710,,,S6/G,111.45,163.65
play,6,1,516941,,,PB.1-2
play,6,1,516941,,,K
play,6,1,573153,,,43/G,149.60,165.66
play,7,0,516429,,,HP
play,7,0,572938,,,W.1-2
play,7,0,596571,,,64(1)3/GDP/G6.2-3,100.40,166.67
play,7,0,542165,,,S8/G.3-H,128.51,96.39
play,7,0,542605,,,43/G,139.56,163.65
play,7,1,541603,,,NP
sub,518767,Justin Harper,0,0,1
play,7,1,541603,,,W
play,7,1,572897,,,WP.1-2
play,7,1,572897,,,WP.2-3
play,7,1,572897,,,2/G,128.51,195.78
play,7,1,514914,,,K
play,7,1,592725,,,HP
play,7,1,573669,,,FC6/G.1X2(64),111.45,172.69
id,KinAPP201006300
info,visteam,GreAPP
info,hometeam,KinAPP
info,date,2010/06/30
start,595831,Jonathan Merritt,0,1,6
start,500767,Ricardo Garcia,0,2,4
start,516430,Emilio King,0,3,9
start,455390,Jhonny Medrano,0,4,5
start,548300,Chris Wallace,0,5,2
start,571981,Telvin Nash,0,6,7
start,595832,Marcus Nidiffer,0,7,3
start,573245,Bubby Williams,0,8,10
start,595291,Bryce Lane,0,9,8
start,595798,Ruben Alaniz,0,0,1
start,572897,ZeErika McQueen,1,1,8
start,592725,Justin Schafer,1,2,4
start,573669,Aderlin Rodriguez,1,3,5
start,502095,Lucas Stewart,1,4,3
start,543710,Javier Rodriguez,1,5,9
start,544938,Albert Cordero,1,6,2
start,572284,Nelfi Zapata,1,7,10
start,502402,Brandon Brown,1,8,6
start,573153,John Semel,1,9,7
start,592560,Brett Mitchell,1,0,1
play,1,0,595831,,,K+WP.B-1
play,1,0,500767,,,K
play,1,0,516430,,,64(1)3/GDP/G6,106.43,159.64
play,1,1,572897,,,9/L,161.65,100.40
play,1,1,592725,,,S7/F,60.24,100.40
play,1,1,573669,,,8/F,98.39,85.34
play,1,1,502095,,,43/G,142.57,151.61
play,2,0,455390,,,3/G,158.63,164.66
play,2,0,548300,,,K
play,2,0,571981,,,D8/F,93.37,70.28
play,2,0,595832,,,K
play,2,1,543710,,,K
play,2,1,544938,,,9/F,165.66,92.37
play,2,1,572284,,,HP
play,2,1,502402,,,FC5/G.1X2(54),103.41,175.70
play,3,0,573245,,,HR/F,59.24,46.18
play,3,0,595291,,,S8/F,94.38,86.35
play,3,0,595831,,,9/F,165.66,90.36
play,3,0,500767,,,W.1-2
play,3,0,516430,,,9/F,197.79,121.49
play,3,0,455390,,,5/P,100.40,166.67
play,3,1,573153,,,63/G,106.43,150.60
play,3,1,572897,,,K
play,3,1,592725,,,W
play,3,1,573669,,,K
play,4,0,548300,,,8/F,90.36,73.29
play,4,0,571981,,,S5/G,104.42,179.72
play,4,0,595832,,,64(1)3/GDP/G6,112.45,153.61
play,4,1,502095,,,K
play,4,1,543710,,,S7/F,102.41,88.35
play,4,1,544938,,,FC6/G.1X2(64);B-1,108.43,157.63
play,4,1,572284,,,5/P,112.45,168.67
play,5,0,573245,,,E6/TH,108.43,161.65
play,5,0,595291,,,53/SH.1-2,103.41,168.67
play,5,0,595831,,,D7/F.2-H,44.18,102.41
play,5,0,500767,,,K
play,5,0,516430,,,K+WP.2-3;B-1
play,5,0,455390,,,NP
sub,592473,Adam Kolarek,1,0,1
play,5,0,455390,,,K
play,5,1,502402,,,4/P,131.53,155.62
play,5,1,573153,,,53/G,104.42,163.65
play,5,1,572897,,,D7/L,53.21,90.36
play,5,1,592725,,,63/G,114.46,152.61
play,6,0,548300,,,43/G,145.58,154.62
play,6,0,571981,,,9/F,145.58,86.35
play,6,0,595832,,,K
play,6,1,573669,,,NP
sub,572173,Brian Streilein,0,0,1
play,6,1,573669,,,K
play,6,1,502095,,,S9/F,169.68,90.36
play,6,1,543710,,,E5/TH.1-2,104.42,169.68
play,6,1,544938,,,4(1)3/G4/GDP,141.57,153.61
play,7,0,573245,,,7/F,76.31,98.39
play,7,0,595291,,,3/PF,155.62,185.74
play,7,0,595831,,,K
play,7,1,572284,,,13/G,119.48,185.74
play,7,1,502402,,,D7/F,53.21,109.44
play,7,1,573153,,,SB3
play,7,1,573153,,,K
play,7,1,572897,,,K
play,8,0,500767,,,NP
sub,451699,Richard Pena,1,0,1
play,8,0,500767,,,53/G,102.41,159.64
play,8,0,516430,,,E5,95.38,171.69
play,8,0,455390,,,64(1)3/GDP/G6,120.48,150.60
play,8,1,592725,,,NP
sub,574988,Philip Rorabaugh,0,0,1
play,8,1,573669,,,NP
sub,455390,Jhonny Medrano,0,4,3
play,8,1,502095,,,NP
sub,542605,Hector Rodriguez,0,7,5
play,8,1,592725,,,4/P,134.54,152.61
play,8,1,573669,,,43/G,142.57,154.62
play,8,1,502095,,,S9/F,159.64,89.36
play,8,1,543710,,,S8/F.1-2,122.49,83.33
play,8,1,544938,,,43/G,138.55,152.61
play,9,0,548300,,,43/G,138.55,155.62
play,9,0,571981,,,43/G,141.57,153.61
play,9,0,542605,,,43/G,143.57,151.61
play,9,1,572284,,,NP
sub,572142,Travis Smink,0,0,1
play,9,1,572284,,,S8/F,115.46,87.35
play,9,1,502402,,,W.1-2
play,9,1,573153,,,34/SH.1-2;2-3,117.47,192.77
play,9,1,572897,,,K
play,9,1,592725,,,63/G,106.43,147.59
id,KinAPP201007010
info,visteam,PulAPP
info,hometeam,KinAPP
info,date,2010/07/01
start,542991,Jarrett Burgess,0,1,8
start,462088,Jetsy Extrano,0,2,10
start,517539,Ramon Morla,0,3,5
start,595467,James Wood,0,4,9
start,500716,Jorge Agudelo,0,5,4
start,500726,Mario Yepez,0,6,7
start,595351,Ethan Paquette,0,7,3
start,500719,Larry Gonzalez,0,8,2
start,595400,Jake Schlander,0,9,6
start,570798,Richard Vargas,0,0,1
start,514914,Ray Van Gurp,1,1,4
start,543710,Javier Rodriguez,1,2,9
start,572897,ZeErika McQueen,1,3,8
start,573669,Aderlin Rodriguez,1,4,5
start,502095,Lucas Stewart,1,5,3
start,572284,Nelfi Zapata,1,6,2
start,502402,Brandon Brown,1,7,6
start,544938,Albert Cordero,1,8,10
start,573153,John Semel,1,9,7
start,502368,Jeffrey Walters,1,0,1
play,1,0,542991,,,K23
play,1,0,462088,,,K
play,1,0,517539,,,K
play,1,1,514914,,,HP
play,1,1,543710,,,2/PF,121.49,227.91
play,1,1,572897,,,S1/G.1-2,121.49,190.76
play,1,1,573669,,,5/P,105.42,175.70
play,1,1,502095,,,K
play,2,0,595467,,,D7/L,44.18,111.45
play,2,0,500716,,,CS3
play,2,0,500716,,,S9/L,163.65,123.49
play,2,0,500726,,,SB2
play,2,0,500726,,,63/G,110.44,171.69
play,2,0,595351,,,9/F,183.73,123.49
play,2,1,572284,,,7/F,67.27,122.49
play,2,1,502402,,,153/G1,110.44,188.76
play,2,1,544938,,,3/PF,156.63,199.80
play,3,0,500719,,,53/G,108.43,182.73
play,3,0,595400,,,43/G,137.55,168.67
play,3,0,542991,,,63/G,111.45,170.68
play,3,1,573153,,,W
play,3,1,514914,,,PO1(E?).1-2
play,3,1,543710,,,POCS3(145)
play,3,1,514914,,,S7/L,73.29,121.49
play,3,1,543710,,,2/PF,120.48,225.90
play,3,1,572897,,,S9/G.1-2,155.62,121.49
play,3,1,573669,,,4/L,141.57,172.69
play,4,0,462088,,,K
play,4,0,517539,,,W
play,4,0,595467,,,FC3/G.1X2(36);B-1,142.57,185.74
play,4,0,500716,,,T8/F.1-H,119.48,57.23
play,4,0,500726,,,43/G,139.56,171.69
play,4,1,502095,,,W
play,4,1,572284,,,HP.1-2
play,4,1,502402,,,1/SH.1-2;2-3,136.55,195.78
play,4,1,544938,,,K
play,4,1,573153,,,W
play,4,1,514914,,,D7/L.1-3;2-H;3-H,50.20,123.49
play,4,1,543710,,,63/G,113.45,168.67
play,5,0,595351,,,W
play,5,0,500719,,,D7/G.1-3,56.22,131.53
play,5,0,595400,,,NP
sub,595027,Michael Weldon,1,0,1
play,5,0,595400,,,PB.2-3;3-H
play,5,0,595400,,,53/G,104.42,176.71
play,5,0,542991,,,W
play,5,0,462088,,,3/SH.1-2;3-H,135.54,198.80
play,5,0,517539,,,S7/L.2-H,74.30,121.49
play,5,0,595467,,,SB2
play,5,0,595467,,,K
play,5,1,572897,,,NP
sub,595138,Timothy Boyce,0,0,1
play,5,1,572897,,,HP
play,5,1,573669,,,8/F,131.53,89.36
play,5,1,502095,,,5/PF,97.39,193.78
play,5,1,572284,,,SB2
play,5,1,572284,,,W
play,5,1,502402,,,K
play,6,0,500716,,,K23
play,6,0,500726,,,K
play,6,0,595351,,,E5,111.45,180.72
play,6,0,500719,,,S7/L.1-2,66.27,132.53
play,6,0,595400,,,W.1-2;2-3
play,6,0,542991,,,HR/F.1-H;2-H;3-H,33.13,84.34
play,6,0,462088,,,E6,110.44,163.65
play,6,0,517539,,,K
play,6,1,544938,,,9/F,179.72,129.52
play,6,1,573153,,,9/L,179.72,118.47
play,6,1,514914,,,43/G,138.55,170.68
play,7,0,595467,,,NP
sub,458720,John Holdzkom,1,0,1
play,7,0,595467,,,HP
play,7,0,500716,,,S9/L.1-2,203.82,124.50
play,7,0,500726,,,W.1-2;2-3
play,7,0,595351,,,WP.1-2;2-3;3-H
play,7,0,595351,,,PB.2-3;3-H
play,7,0,595351,,,D9/F.3-H,182.73,87.35
play,7,0,500719,,,W
play,7,0,595400,,,FC8/G.1X3(84);2-3;B-1(E1/TH),124.50,194.78
play,7,0,542991,,,W.1-2
play,7,0,462088,,,NP
sub,541596,Jhonathan Torres,1,0,1
play,7,0,462088,,,W.1-2;2-3;3-H
play,7,0,517539,,,K
play,7,0,595467,,,3/G,149.60,185.74
play,7,1,543710,,,NP
sub,597054,Lance Abbott,0,0,1
play,7,1,543710,,,S7/G,77.31,121.49
play,7,1,572897,,,K
play,7,1,573669,,,S9/G.1-2,183.73,133.53
play,7,1,502095,,,S9/G.1-2;2-3,160.64,129.52
play,7,1,572284,,,NP
sub,542550,Amauris Valdez,1,6,11
play,7,1,542550,,,K
play,7,1,502402,,,3/G,148.59,183.73
play,8,0,500716,,,NP
sub,542550,Amauris Valdez,1,6,2
play,8,0,500716,,,D7/L,48.19,113.45
play,8,0,500726,,,S8/L.2-3,118.47,111.45
play,8,0,595351,,,K
play,8,0,500719,,,S8/G.1-2;3-H,123.49,91.37
play,8,0,595400,,,9/F,178.71,123.49
play,8,0,542991,,,K
play,8,1,544938,,,43/G,138.55,170.68
play,8,1,573153,,,3/G,147.59,187.75
play,8,1,514914,,,3/G,148.59,185.74
play,9,0,462088,,,NP
sub,541603,Ismael Tijerina,1,1,4
play,9,0,462088,,,7/F,59.24,106.43
play,9,0,517539,,,D7/L,35.14,114.46
play,9,0,595467,,,K
play,9,0,500716,,,WP.2-3
play,9,0,500716,,,63/G,113.45,171.69
play,9,1,543710,,,HR/F,34.14,80.32
play,9,1,572897,,,43/G,135.54,172.69
play,9,1,573669,,,8/F,123.49,82.33
play,9,1,502095,,,4/L,138.55,168.67
id,KinAPP201007020
info,visteam,PulAPP
info,hometeam,KinAPP
info,date,2010/07/02
start,542991,Jarrett Burgess,0,1,8
start,462088,Jetsy Extrano,0,2,6
start,517539,Ramon Morla,0,3,5
start,595467,James Wood,0,4,9
start,500716,Jorge Agudelo,0,5,4
start,571708,Andrew Giobbi,0,6,10
start,500726,Mario Yepez,0,7,7
start,595351,Ethan Paquette,0,8,3
start,500719,Larry Gonzalez,0,9,2
start,526911,Nolan Diaz,0,0,1
start,541603,Ismael Tijerina,1,1,4
start,592725,Justin Schafer,1,2,6
start,572897,ZeErika McQueen,1,3,8
start,502095,Lucas Stewart,1,4,5
start,543710,Javier Rodriguez,1,5,9
start,544938,Albert Cordero,1,6,2
start,516941,Eddie Lora,1,7,3
start,542550,Amauris Valdez,1,8,10
start,573153,John Semel,1,9,7
start,594798,Jacob DeGrom,1,0,1
play,1,0,542991,,,3/G,143.57,178.71
play,1,0,462088,,,13/G,128.51,193.78
play,1,0,517539,,,63/G,114.46,164.66
play,1,1,541603,,,43/G,139.56,166.67
play,1,1,592725,,,S7/G,86.35,139.56
play,1,1,572897,,,D9/F.1-3,201.81,119.48
play,1,1,502095,,,W
play,1,1,543710,,,E6.1-2;2-3;3-H,103.41,166.67
play,1,1,544938,,,S1/G.1-2;2-3;3-H,124.50,190.76
play,1,1,516941,,,W.1-2;2-3;3-H
play,1,1,542550,,,64(1)3/GDP/G6,111.45,162.65
play,2,0,595467,,,W
play,2,0,500716,,,FC9/G.1X2(96);B-1,192.77,121.49
play,2,0,571708,,,D9/F.1XH,188.76,128.51
play,2,0,500726,,,43/G,143.57,160.64
play,2,1,573153,,,S7/G,88.35,136.55
play,2,1,541603,,,S9/G.1-3,172.69,144.58
play,2,1,592725,,,FC4/G.1X2(46);3-H;B-1,145.58,165.66
play,2,1,572897,,,S9/L.1-3,189.76,126.51
play,2,1,502095,,,HP.1-2
play,2,1,543710,,,8/F.2-3(E8/TH);3-H,136.55,55.22
play,2,1,544938,,,4/P,129.52,168.67
play,3,0,595351,,,S9/F,170.68,139.56
play,3,0,500719,,,8/F,136.55,114.46
play,3,0,542991,,,S8/F.1-2,133.53,100.40
play,3,0,462088,,,K
play,3,0,517539,,,9/F,205.82,121.49
play,3,1,516941,,,HR/F,235.94,60.24
play,3,1,542550,,,53/G,104.42,180.72
play,3,1,573153,,,9/L,186.75,130.52
play,3,1,541603,,,S8/L,142.57,105.42
play,3,1,592725,,,PO1(?3)
play,4,0,595467,,,K
play,4,0,500716,,,63/G,116.47,163.65
play,4,0,571708,,,63/G,111.45,160.64
play,4,1,592725,,,K
play,4,1,572897,,,S5/G,103.41,186.75
play,4,1,502095,,,9/FF,180.72,167.67
play,4,1,543710,,,HR/F.1-H,29.12,66.27
play,4,1,544938,,,S9/L,168.67,144.58
play,4,1,516941,,,8/F,122.49,70.28
play,5,0,500726,,,E1,129.52,189.76
play,5,0,595351,,,FC5/G.1X2(54);B-1,101.41,180.72
play,5,0,500719,,,NP
sub,516790,Samuel Taveras,1,0,1
play,5,0,500719,,,K
play,5,0,542991,,,K
play,5,1,542550,,,NP
sub,543920,Bennett Whitmore,0,0,1
play,5,1,542550,,,9/F,192.77,126.51
play,5,1,573153,,,K
play,5,1,541603,,,43/G,138.55,166.67
play,6,0,462088,,,63/G,103.41,159.64
play,6,0,517539,,,HR/F,44.18,59.24
play,6,0,595467,,,13/G,130.52,194.78
play,6,0,500716,,,9/F,186.75,117.47
play,6,1,592725,,,8/F,135.54,85.34
play,6,1,572897,,,S7/G,68.27,125.50
play,6,1,502095,,,K
play,6,1,543710,,,D8/F.1-H,122.49,71.29
play,6,1,544938,,,7/F,66.27,117.47
play,7,0,571708,,,HP
play,7,0,500726,,,E4.1-2,137.55,167.67
play,7,0,595351,,,2/PF,119.48,225.90
play,7,0,500719,,,FC6/G.1X2(64);2-3;B-1,113.45,162.65
play,7,0,542991,,,K
play,7,1,516941,,,K
play,7,1,542550,,,S9/G,170.68,145.58
play,7,1,573153,,,S7/F.1-2,86.35,126.51
play,7,1,541603,,,S6/G.1-2;2-3,109.44,164.66
play,7,1,592725,,,64(1)3/GDP/G6,106.43,163.65
play,8,0,462088,,,NP
sub,542939,Peter Birdwell,1,0,1
play,8,0,462088,,,8/L,137.55,102.41
play,8,0,517539,,,K
play,8,0,595467,,,8/F,129.52,72.29
play,8,1,572897,,,S7/G,88.35,121.49
play,8,1,502095,,,D9/F.1-3,188.76,126.51
play,8,1,543710,,,S6/G.2-3;3-H,106.43,159.64
play,8,1,544938,,,D7/F.1-H;3-H,47.19,110.44
play,8,1,516941,,,NP
sub,597055,Bryan Leigh,0,0,1
play,8,1,516941,,,43/G.2-3,133.53,164.66
play,8,1,542550,,,S8/F.3-H,123.49,100.40
play,8,1,573153,,,K
play,8,1,541603,,,S4/G.1-2,137.55,167.67
play,8,1,592725,,,53/G,105.42,180.72
play,9,0,500716,,,63/G,110.44,161.65
play,9,0,571708,,,S6/G,116.47,166.67
play,9,0,500726,,,FC3/G.1X2(36);B-1,146.59,172.69
play,9,0,595351,,,W.1-2
play,9,0,500719,,,W.1-2;2-3
play,9,0,542991,,,3/G,149.60,179.72
id,KinAPP201007030
info,visteam,PulAPP
info,hometeam,KinAPP
info,date,2010/07/03
start,542991,Jarrett Burgess,0,1,8
start,462088,Jetsy Extrano,0,2,4
start,517539,Ramon Morla,0,3,5
start,595467,James Wood,0,4,9
start,571708,Andrew Giobbi,0,5,3
start,595400,Jake Schlander,0,6,6
start,573095,Derek Poppert,0,7,10
start,542546,Hassiel Jimenez,0,8,2
start,500726,Mario Yepez,0,9,7
start,500033,Jessie Nava,0,0,1
start,541603,Ismael Tijerina,1,1,4
start,572897,ZeErika McQueen,1,2,8
start,573669,Aderlin Rodriguez,1,3,5
start,502095,Lucas Stewart,1,4,3
start,543710,Javier Rodriguez,1,5,9
start,544938,Albert Cordero,1,6,2
start,572284,Nelfi Zapata,1,7,10
start,573153,John Semel,1,8,7
start,502402,Brandon Brown,1,9,6
start,542674,Gonzalez Germen,1,0,1
play,1,0,542991,,,HR/F,24.10,50.20
play,1,0,462088,,,S8/G,124.50,111.45
play,1,0,517539,,,6/L,107.43,162.65
play,1,0,595467,,,E1.1-2,120.48,193.78
play,1,0,571708,,,D7/F.1-3;2-H,61.24,94.38
play,1,0,595400,,,S8/G.2-H;3-H,124.50,115.46
play,1,0,573095,,,63/G.1-2,115.46,165.66
play,1,0,placeholder,,,PO2(??)
play,1,1,541603,,,8/F,126.51,98.39
play,1,1,572897,,,13/BG,129.52,194.78
play,1,1,573669,,,W
play,1,1,502095,,,S9/F.1-3,175.70,125.50
play,1,1,543710,,,D7/F.1-H;3-H,64.26,79.32
play,1,1,544938,,,43/G,139.56,166.67
play,2,0,542546,,,K
play,2,0,500726,,,HP
play,2,0,542991,,,K
play,2,0,462088,,,PO1(13)
play,2,1,placeholder,,,NP
sub,500716,Jorge Agudelo,0,1,7
play,2,1,placeholder,,,NP
sub,500726,Mario Yepez,0,9,8
play,2,1,572284,,,7/F,66.27,101.41
play,2,1,573153,,,3/G,155.62,176.71
play,2,1,502402,,,9/F,165.66,113.45
play,3,0,462088,,,W
play,3,0,517539,,,K+CS2
play,3,0,595467,,,K
play,3,1,541603,,,S8/G,115.46,106.43
play,3,1,572897,,,K
play,3,1,573669,,,K+SB2
play,3,1,502095,,,5/P,102.41,175.70
play,4,0,571708,,,S9/G,171.69,133.53
play,4,0,595400,,,S6/G.1-2,110.44,164.66
play,4,0,573095,,,13/SH.1-2;2-3,127.51,191.77
play,4,0,542546,,,S8/G.2-H;3-H;B-2,135.54,106.43
play,4,0,500726,,,53/G,104.42,183.73
play,4,0,500716,,,S8/G.2-H,117.47,104.42
play,4,0,462088,,,NP
sub,451699,Richard Pena,1,0,1
play,4,0,462088,,,9/F,192.77,106.43
play,4,1,543710,,,7/F,71.29,110.44
play,4,1,544938,,,9/F,199.80,101.41
play,4,1,572284,,,S9/G,195.78,124.50
play,4,1,573153,,,8/L,114.46,77.31
play,5,0,517539,,,43/G,134.54,166.67
play,5,0,595467,,,K
play,5,0,571708,,,K
play,5,1,502402,,,43/G,142.57,167.67
play,5,1,541603,,,9/F,176.71,105.42
play,5,1,572897,,,53/G,107.43,178.71
play,6,0,595400,,,NP
sub,500783,Orlando Tovar,1,0,1
play,6,0,595400,,,43/G,140.56,161.65
play,6,0,573095,,,S9/G,185.74,123.49
play,6,0,542546,,,8/F,105.42,88.35
play,6,0,500726,,,FC5/G.1X2(54),96.39,173.69
play,6,1,573669,,,13/G,128.51,188.76
play,6,1,502095,,,K
play,6,1,543710,,,S7/G,88.35,128.51
play,6,1,544938,,,S8/G.1-2,125.50,85.34
play,6,1,572284,,,9/F,184.74,103.41
play,7,0,500716,,,S8/F,122.49,107.43
play,7,0,462088,,,D7/F.1-3,43.17,118.47
play,7,0,517539,,,PB.2-3;3-H
play,7,0,517539,,,9/SF.3-H,178.71,93.37
play,7,0,595467,,,K23
play,7,0,571708,,,NP
sub,595351,Ethan Paquette,0,5,11
play,7,0,595351,,,E5,101.41,177.71
play,7,0,595400,,,D9/F.1-3,195.78,109.44
play,7,0,573095,,,S5/G.2-3;3-H,108.43,168.67
play,7,0,542546,,,S8/F.1-3;3-H,106.43,110.44
play,7,0,500726,,,D8/F.1-3;3-H,131.53,64.26
play,7,0,500716,,,D7/F.2-H;3-H,56.22,119.48
play,7,0,462088,,,NP
sub,572831,Josh Edgin,1,0,1
play,7,0,462088,,,K
play,7,1,573153,,,NP
sub,595351,Ethan Paquette,0,5,3
play,7,1,573153,,,53/G,102.41,172.69
play,7,1,502402,,,D7/F,38.15,113.45
play,7,1,541603,,,53/G,96.39,175.70
play,7,1,572897,,,S9/G.2-3,176.71,133.53
play,7,1,573669,,,13/G,119.48,193.78
play,8,0,517539,,,9/F,184.74,99.40
play,8,0,595467,,,43/G,146.59,168.67
play,8,0,595351,,,W
play,8,0,595400,,,K
play,8,1,502095,,,NP
sub,542940,Matthew Bischoff,0,0,1
play,8,1,502095,,,K
play,8,1,543710,,,D7/F,51.20,107.43
play,8,1,544938,,,K
play,8,1,572284,,,S7/G.2-H,81.33,110.44
play,8,1,573153,,,S7/L.1-2,75.30,126.51
play,8,1,502402,,,WP.1-2;2-3
play,8,1,502402,,,K
play,9,0,573095,,,NP
sub,571560,T. J. Chism,1,0,1
play,9,0,573095,,,8/F,126.51,74.30
play,9,0,542546,,,K
play,9,0,500726,,,53/G,101.41,177.71
play,9,1,541603,,,S8/L,116.47,101.41
play,9,1,572897,,,D7/F.1-3,42.17,119.48
play,9,1,573669,,,K+WP.3-H;B-1
play,9,1,502095,,,4/P,138.55,165.66
play,9,1,543710,,,S8/L.1-2;2-H,117.47,119.48
play,9,1,544938,,,K
play,9,1,572284,,,163/G1,115.46,166.67
id,KinAPP201007100
info,visteam,JohAPP
info,hometeam,KinAPP
info,date,2010/07/10
start,594824,Greg Garcia,0,1,4
start,570805,Oscar Taveras,0,2,8
start,592774,Cody Stanley,0,3,10
start,500675,Kleininger Teran,0,4,3
start,521091,Romulo Ruiz,0,5,5
start,516650,Juan Castillo,0,6,2
start,551750,Cesar Valera,0,7,6
start,518802,Virgil Hill,0,8,9
start,572265,Reggie Williams,0,9,7
start,542213,Charllan Jimenez,0,0,1
start,572897,ZeErika McQueen,1,1,8
start,544938,Albert Cordero,1,2,10
start,502095,Lucas Stewart,1,3,3
start,573669,Aderlin Rodriguez,1,4,5
start,543710,Javier Rodriguez,1,5,9
start,572284,Nelfi Zapata,1,6,2
start,502402,Brandon Brown,1,7,6
start,573153,John Semel,1,8,7
start,541603,Ismael Tijerina,1,9,4
start,543290,Michael Hebert,1,0,1
play,1,0,594824,,,K
play,1,0,570805,,,E4,141.57,170.68
play,1,0,592774,,,SB2
play,1,0,592774,,,K
play,1,0,500675,,,S9/G.2-H,170.68,132.53
play,1,0,521091,,,D7/F.1-H,60.24,130.52
play,1,0,516650,,,43/G,138.55,167.67
play,1,1,572897,,,K
play,1,1,544938,,,8/F,99.40,99.40
play,1,1,502095,,,5/PF,86.35,179.72
play,2,0,551750,,,63/G,106.43,176.71
play,2,0,518802,,,HP
play,2,0,572265,,,K
play,2,0,594824,,,FC1.1X3(15),124.50,189.76
play,2,1,573669,,,63/G,108.43,170.68
play,2,1,543710,,,8/F,112.45,114.46
play,2,1,572284,,,S9/F,179.72,128.51
play,2,1,502402,,,7/F,67.27,106.43
play,3,0,570805,,,63/G,106.43,167.67
play,3,0,592774,,,S8/G,129.52,107.43
play,3,0,500675,,,FC5/G.1X2(54);B-1,98.39,180.72
play,3,0,521091,,,53/G,105.42,183.73
play,3,1,573153,,,D8/F,113.45,105.42
play,3,1,541603,,,S9/F.2-3,176.71,122.49
play,3,1,572897,,,9/SF.3-H,162.65,135.54
play,3,1,544938,,,E5.1-2,105.42,178.71
play,3,1,502095,,,K
play,3,1,573669,,,FC6/G.1X2(64),112.45,171.69
play,4,0,516650,,,S6/G,114.46,161.65
play,4,0,551750,,,SB2
play,4,0,551750,,,S8/G.2-3,104.42,102.41
play,4,0,518802,,,T9/L.1-H;3-H,155.62,128.51
play,4,0,572265,,,K
play,4,0,594824,,,E3,139.56,186.75
play,4,0,570805,,,WP.3-H
play,4,0,570805,,,K
play,4,0,592774,,,W.1-2
play,4,0,500675,,,D7/F.1-H;2-H,72.29,122.49
play,4,0,521091,,,NP
sub,595152,Hunter Carnevale,1,0,1
play,4,0,521091,,,5/PF,93.37,189.76
play,4,1,543710,,,K
play,4,1,572284,,,K
play,4,1,502402,,,W
play,4,1,573153,,,S7/L.1-2,73.29,129.52
play,4,1,541603,,,WP.1-2;2-3
play,4,1,541603,,,31/G,149.60,175.70
play,5,0,516650,,,D8/F,102.41,72.29
play,5,0,551750,,,9/F,163.65,129.52
play,5,0,518802,,,WP.2-3
play,5,0,518802,,,S7/G.3-H,77.31,129.52
play,5,0,572265,,,S8/L.1-2,123.49,102.41
play,5,0,594824,,,WP.1-2;2-3
play,5,0,594824,,,S9/G.2-3;3-H,173.69,122.49
play,5,0,570805,,,E4.1-2;3-H,135.54,165.66
play,5,0,592774,,,PB.1-2;2-3
play,5,0,592774,,,7/F.3XH(72),67.27,118.47
play,5,1,572897,,,K
play,5,1,544938,,,3/G,149.60,182.73
play,5,1,502095,,,K
play,6,0,500675,,,NP
sub,541596,Jhonathan Torres,1,0,1
play,6,0,500675,,,43/G,140.56,168.67
play,6,0,521091,,,D9/F,167.67,123.49
play,6,0,516650,,,9/F,196.79,116.47
play,6,0,551750,,,K
play,6,1,573669,,,NP
sub,572096,Trevor Rosenthal,0,0,1
play,6,1,573669,,,W
play,6,1,543710,,,FC6/G.1X2(64);B-1,107.43,164.66
play,6,1,572284,,,23/G.1-2,123.49,198.80
play,6,1,502402,,,D9/F.2-H,174.70,128.51
play,6,1,573153,,,3/G,142.57,181.73
play,7,0,518802,,,K
play,7,0,572265,,,63/G,111.45,168.67
play,7,0,594824,,,D7/G,78.31,129.52
play,7,0,570805,,,WP.2-3
play,7,0,592774,,,NP
sub,595466,Steve Winnick,1,0,1
play,7,0,570805,,,T8/F.3-H,110.44,107.43
play,7,0,592774,,,S7/L.3-H,71.29,122.49
play,7,0,500675,,,63/G,117.47,161.65
play,7,1,541603,,,W
play,7,1,572897,,,6(1)3/G6/GDP,113.45,166.67
play,7,1,544938,,,4/L,142.57,164.66
play,8,0,521091,,,HP
play,8,0,516650,,,6(1)3/G6/GDP,106.43,161.65
play,8,0,551750,,,63/G,115.46,172.69
play,8,1,502095,,,9/F,180.72,126.51
play,8,1,573669,,,S9/G,162.65,124.50
play,8,1,543710,,,3/P,146.59,184.74
play,8,1,572284,,,E5/TH.1-H;B-3,102.41,182.73
play,8,1,502402,,,NP
sub,517228,Francisco Guzman,0,0,1
play,8,1,502402,,,43/G,143.57,164.66
play,9,0,518802,,,D8/F,106.43,89.36
play,9,0,572265,,,WP.2-3
play,9,0,572265,,,K
play,9,0,594824,,,NP
sub,592286,Patrick Elkins,0,1,11
play,9,0,592286,,,D8/F.3-H,109.44,102.41
play,9,0,570805,,,1/L,121.49,190.76
play,9,0,592774,,,S8/F.2-H,134.54,108.43
play,9,0,500675,,,43/G,143.57,177.71
play,9,1,573153,,,NP
sub,592286,Patrick Elkins,0,1,4
play,9,1,541603,,,NP
sub,519072,Iden Nazario,0,0,1
play,9,1,573153,,,K
play,9,1,541603,,,D7/F,64.26,115.46
play,9,1,572897,,,E5.2-3,103.41,181.73
play,9,1,544938,,,9/SF.3-H,177.71,123.49
play,9,1,502095,,,9/F,181.73,128.51
id,KinAPP201007110
info,visteam,JohAPP
info,hometeam,KinAPP
info,date,2010/07/11
start,594824,Greg Garcia,0,1,4
start,570805,Oscar Taveras,0,2,8
start,592774,Cody Stanley,0,3,2
start,595158,Philip Cerreto,0,4,9
start,521091,Romulo Ruiz,0,5,10
start,500675,Kleininger Teran,0,6,3
start,551750,Cesar Valera,0,7,6
start,518802,Virgil Hill,0,8,7
start,592286,Patrick Elkins,0,9,5
start,595031,Boone Whiting,0,0,1
start,572897,ZeErika McQueen,1,1,8
start,592725,Justin Schafer,1,2,6
start,543710,Javier Rodriguez,1,3,9
start,573669,Aderlin Rodriguez,1,4,5
start,502095,Lucas Stewart,1,5,3
start,544938,Albert Cordero,1,6,2
start,572284,Nelfi Zapata,1,7,10
start,573153,John Semel,1,8,7
start,514914,Ray Van Gurp,1,9,4
start,544390,Lachlan Hodge,1,0,1
play,1,0,594824,,,S4/G,139.56,157.63
play,1,0,placeholder,,,PO1(E?).1-2
play,1,0,570805,,,K
play,1,0,592774,,,W
play,1,0,595158,,,HP.1-2;2-3
play,1,0,521091,,,K
play,1,0,500675,,,S7/F.1-2;2-3;3-H,89.36,95.38
play,1,0,551750,,,S9/F.1-3;2-H;3-H;B-2,158.63,97.39
play,1,0,518802,,,3/P,145.58,168.67
play,1,1,572897,,,S7/G,81.33,100.40
play,1,1,592725,,,S6/G.1-2,111.45,159.64
play,1,1,543710,,,4/P,147.59,155.62
play,1,1,573669,,,6/P,99.40,147.59
play,1,1,502095,,,4/L,139.56,157.63
play,2,0,592286,,,9/F,166.67,96.39
play,2,0,594824,,,W
play,2,0,570805,,,S8/F.1-2,105.42,86.35
play,2,0,592774,,,8/F.1-2;2-3,111.45,82.33
play,2,0,595158,,,S3/G.2-H;3-H,155.62,164.66
play,2,0,521091,,,D7/F.1-H,53.21,101.41
play,2,0,500675,,,S9/F.2-H,138.55,92.37
play,2,0,551750,,,NP
sub,451699,Richard Pena,1,0,1
play,2,0,551750,,,63/G,114.46,155.62
play,2,1,544938,,,K
play,2,1,572284,,,K
play,2,1,573153,,,S8/F,120.48,92.37
play,2,1,514914,,,K
play,3,0,518802,,,W
play,3,0,592286,,,8/F,108.43,77.31
play,3,0,594824,,,S9/F.1-2,159.64,83.33
play,3,0,570805,,,S9/F.1-2;2-H,166.67,97.39
play,3,0,592774,,,6/L,120.48,156.63
play,3,0,595158,,,3/G,156.63,172.69
play,3,1,572897,,,6/P,116.47,164.66
play,3,1,592725,,,9/F,162.65,86.35
play,3,1,543710,,,63/G,101.41,151.61
play,4,0,521091,,,W
play,4,0,500675,,,S7/F.1-2,84.34,101.41
play,4,0,551750,,,S8/F.1-2;2-3,108.43,76.31
play,4,0,518802,,,FC5/G.1-2;2-3;3XH(52);B-1,107.43,172.69
play,4,0,592286,,,K
play,4,0,594824,,,8/F,112.45,72.29
play,4,1,573669,,,9/F,162.65,91.37
play,4,1,502095,,,K
play,4,1,544938,,,23/G,117.47,193.78
play,5,0,570805,,,NP
sub,572831,Josh Edgin,1,0,1
play,5,0,570805,,,K
play,5,0,592774,,,K
play,5,0,595158,,,43/G,129.52,164.66
play,5,1,572284,,,43/G,153.61,158.63
play,5,1,573153,,,S9/F,183.73,82.33
play,5,1,514914,,,D9/F.1-3,181.73,92.37
play,5,1,572897,,,53/G.2-3;3-H,102.41,174.70
play,5,1,592725,,,S8/F.3-H,105.42,88.35
play,5,1,543710,,,9/F,156.63,99.40
play,6,0,521091,,,W
play,6,0,500675,,,FC4.1X2(434),141.57,161.65
play,6,0,551750,,,FC5/G.1X2(54);B-1,99.40,176.71
play,6,0,518802,,,K
play,6,1,573669,,,NP
sub,595342,Jeff Nadeau,0,0,1
play,6,1,573669,,,D7/F,41.16,103.41
play,6,1,502095,,,E3,153.61,174.70
play,6,1,544938,,,HR/F.1-H;2-H,42.17,59.24
play,6,1,572284,,,63/G,119.48,146.59
play,6,1,573153,,,4/L,132.53,155.62
play,6,1,514914,,,7/F,60.24,99.40
play,7,0,592286,,,NP
sub,458720,John Holdzkom,1,0,1
play,7,0,592286,,,K23
play,7,0,594824,,,D9/F,159.64,92.37
play,7,0,570805,,,HP
play,7,0,592774,,,E4/TH.1-2;2-3,142.57,157.63
play,7,0,595158,,,K
play,7,0,521091,,,W.1-2;2-3;3-H
play,7,0,500675,,,NP
sub,542939,Peter Birdwell,1,0,1
play,7,0,500675,,,3/G,149.60,170.68
play,7,1,572897,,,NP
sub,542465,Roberto Reyes,0,4,9
play,7,1,572897,,,3/P,147.59,169.68
play,7,1,592725,,,2/PF,116.47,222.89
play,7,1,543710,,,S8/F,77.31,74.30
play,7,1,573669,,,D7/F.1-H,62.25,87.35
play,7,1,502095,,,W
play,7,1,544938,,,NP
sub,592515,Aidan Lucas,0,0,1
play,7,1,544938,,,K
play,8,0,551750,,,43/G,151.61,151.61
play,8,0,518802,,,T8/F,103.41,67.27
play,8,0,592286,,,E6.3-H,110.44,160.64
play,8,0,594824,,,36(1)1/GDP/G3,141.57,170.68
play,8,1,572284,,,63/G,118.47,153.61
play,8,1,573153,,,63/G,116.47,161.65
play,8,1,514914,,,K
play,9,0,570805,,,W
play,9,0,592774,,,6/P,145.58,157.63
play,9,0,542465,,,CS2
play,9,0,542465,,,8/F,127.51,86.35
play,9,1,572897,,,NP
sub,523489,Hector Corpas,0,0,1
play,9,1,572897,,,D9/F,170.68,64.26
play,9,1,592725,,,S9/F.2-H,146.59,101.41
play,9,1,543710,,,9/F,155.62,83.33
play,9,1,573669,,,CS2
play,9,1,573669,,,53/G,102.41,177.71
id,KinAPP201007200
info,visteam,BluAPP
info,hometeam,KinAPP
info,date,2010/07/20
start,572932,Kyle Hoppy,0,1,7
start,570727,Dudley Leonora,0,2,4
start,572245,Brenden Webb,0,3,8
start,543848,Corey Thomas,0,4,3
start,572803,Brad Decater,0,5,5
start,572000,Michael Ohlman,0,6,2
start,573220,Joseph Velleggia,0,7,10
start,501531,Luis Ramirez,0,8,9
start,500161,Javier Santana,0,9,6
start,594984,Cameron Roth,0,0,1
start,571724,Chase Greene,1,1,8
start,592725,Justin Schafer,1,2,6
start,572897,ZeErika McQueen,1,3,7
start,573669,Aderlin Rodriguez,1,4,5
start,502095,Lucas Stewart,1,5,3
start,595198,Patrick Farrell,1,6,2
start,516941,Eddie Lora,1,7,10
start,514914,Ray Van Gurp,1,8,4
start,573153,John Semel,1,9,9
start,594798,Jacob DeGrom,1,0,1
play,1,0,572932,,,W
play,1,0,570727,,,S9/F.1-2,165.66,132.53
play,1,0,572245,,,54/SH.1-2;2-3,106.43,188.76
play,1,0,543848,,,K
play,1,0,572803,,,63/G,104.42,172.69
play,1,1,571724,,,9/F,168.67,109.44
play,1,1,592725,,,63/G,119.48,170.68
play,1,1,572897,,,8/F,87.35,78.31
play,2,0,572000,,,63/G,115.46,169.68
play,2,0,573220,,,W
play,2,0,501531,,,8/F,103.41,82.33
play,2,0,500161,,,FC4/G.1X2(4),149.60,170.68
play,2,1,573669,,,W
play,2,1,502095,,,SB2
play,2,1,502095,,,K
play,2,1,595198,,,S7/F.2-3,80.32,133.53
play,2,1,516941,,,7/SF.1X2(724);3-H,78.31,117.47
play,3,0,572932,,,7/F,67.27,122.49
play,3,0,570727,,,K
play,3,0,572245,,,63/G,117.47,166.67
play,3,1,514914,,,S8/F,124.50,81.33
play,3,1,573153,,,16(1)3/GDP/G1,126.51,191.77
play,3,1,571724,,,W
play,3,1,592725,,,SB2
play,3,1,592725,,,6/L,101.41,168.67
play,4,0,543848,,,23/BG,124.50,203.82
play,4,0,572803,,,43/G,139.56,173.69
play,4,0,572000,,,S7/G,59.24,127.51
play,4,0,573220,,,S8/G.1-2,110.44,137.55
play,4,0,501531,,,HR/F.1-H;2-H,226.91,60.24
play,4,0,500161,,,43/G,133.53,169.68
play,4,1,572897,,,W
play,4,1,573669,,,SB2
play,4,1,573669,,,S7/F.2-H,62.25,129.52
play,4,1,502095,,,9/F,203.82,136.55
play,4,1,595198,,,9/F,166.67,122.49
play,4,1,516941,,,43/G,147.59,176.71
play,5,0,572932,,,43/G,131.53,174.70
play,5,0,570727,,,S7/L,54.22,134.54
play,5,0,572245,,,W.1-2
play,5,0,543848,,,CS3;.1-2
play,5,0,543848,,,K
play,5,1,514914,,,K
play,5,1,573153,,,6/P,118.47,164.66
play,5,1,571724,,,S7/G,68.27,143.57
play,5,1,592725,,,SB2
play,5,1,592725,,,E5/TH.2-H;B-2,110.44,178.71
play,5,1,572897,,,4/P,147.59,172.69
play,6,0,572803,,,NP
sub,571560,T. J. Chism,1,0,1
play,6,0,572000,,,NP
sub,542550,Amauris Valdez,1,6,2
play,6,0,572803,,,53/G,112.45,187.75
play,6,0,572000,,,E5,102.41,185.74
play,6,0,573220,,,SB2
play,6,0,573220,,,K
play,6,0,501531,,,7/L,74.30,126.51
play,6,1,573669,,,63/G,114.46,172.69
play,6,1,502095,,,K
play,6,1,542550,,,43/G,130.52,168.67
play,7,0,500161,,,K
play,7,0,572932,,,3/G,145.58,189.76
play,7,0,570727,,,63/G,121.49,173.69
play,7,1,516941,,,K
play,7,1,514914,,,NP
sub,571458,David Baker,0,0,1
play,7,1,514914,,,K
play,7,1,573153,,,T9/F,201.81,105.42
play,7,1,571724,,,S8/F.3-H,121.49,143.57
play,7,1,592725,,,CS2
play,8,0,572245,,,NP
sub,595027,Michael Weldon,1,0,1
play,8,0,572245,,,K
play,8,0,543848,,,S5/G,101.41,185.74
play,8,0,572803,,,FC6/G.1X2(64);B-1,127.51,170.68
play,8,0,572000,,,K
play,8,1,592725,,,4/P,147.59,165.66
play,8,1,572897,,,D7/F,77.31,108.43
play,8,1,573669,,,W
play,8,1,502095,,,HP.1-2;2-3
play,8,1,542550,,,HP.1-2;2-3;3-H
play,8,1,516941,,,8/SF.3-H,131.53,88.35
play,8,1,514914,,,43/G,130.52,168.67
play,9,0,573220,,,NP
sub,595611,Riley Hornback,0,7,11
play,9,0,595611,,,63/G,114.46,169.68
play,9,0,501531,,,S7/F,85.34,131.53
play,9,0,500161,,,NP
sub,525988,Moises Ciriaco,0,9,11
play,9,0,525988,,,W.1-2
play,9,0,572932,,,K
play,9,0,570727,,,63/G,118.47,164.66
id,KinAPP201007210
info,visteam,BluAPP
info,hometeam,KinAPP
info,date,2010/07/21
start,572932,Kyle Hoppy,0,1,7
start,570727,Dudley Leonora,0,2,5
start,543024,Edwin Cintron,0,3,9
start,595611,Riley Hornback,0,4,10
start,573220,Joseph Velleggia,0,5,3
start,570731,Jonathan Schoop,0,6,6
start,516653,Dashenko Ricardo,0,7,2
start,525988,Moises Ciriaco,0,8,4
start,594785,Christopher Clinton,0,9,8
start,543637,Zachary Petersime,0,0,1
start,572897,ZeErika McQueen,1,1,8
start,592725,Justin Schafer,1,2,6
start,573669,Aderlin Rodriguez,1,3,5
start,502095,Lucas Stewart,1,4,3
start,543710,Javier Rodriguez,1,5,9
start,572284,Nelfi Zapata,1,6,2
start,543317,Charles Hinojosa,1,7,10
start,514914,Ray Van Gurp,1,8,4
start,573153,John Semel,1,9,7
start,542674,Gonzalez Germen,1,0,1
play,1,0,572932,,,1/G,129.52,197.79
play,1,0,570727,,,4/P,144.58,176.71
play,1,0,543024,,,7/F,83.33,109.44
play,1,1,572897,,,S6/G,112.45,169.68
play,1,1,592725,,,7/F,80.32,121.49
play,1,1,573669,,,S8/L.1-3,135.54,95.38
play,1,1,502095,,,S9/L.1-3;3-H,157.63,134.54
play,1,1,543710,,,63/G.1-2;3-H,112.45,170.68
play,1,1,572284,,,S6/G.2-H;B-2,111.45,171.69
play,1,1,543317,,,WP.2-3
play,1,1,543317,,,63/G,111.45,174.70
play,2,0,595611,,,S8/L,131.53,114.46
play,2,0,573220,,,54(1)3/GDP/G5,110.44,188.76
play,2,0,570731,,,3/G,144.58,185.74
play,2,1,514914,,,63/G,111.45,178.71
play,2,1,573153,,,S8/G,109.44,97.39
play,2,1,572897,,,CS2
play,2,1,572897,,,K
play,3,0,516653,,,6/P,99.40,175.70
play,3,0,525988,,,43/G,134.54,177.71
play,3,0,594785,,,63/G,105.42,166.67
play,3,1,592725,,,6/L,114.46,174.70
play,3,1,573669,,,HP
play,3,1,502095,,,K
play,3,1,543710,,,S8/G.1-2,141.57,90.36
play,3,1,572284,,,3/L,136.55,182.73
play,4,0,572932,,,8/F,153.61,96.39
play,4,0,570727,,,S9/G,156.63,120.48
play,4,0,543024,,,S9/G.1-2,176.71,133.53
play,4,0,595611,,,T9/F.1-H;2-H,173.69,116.47
play,4,0,573220,,,BK.3-H
play,4,0,573220,,,D9/F,143.57,97.39
play,4,0,570731,,,9/F,186.75,121.49
play,4,0,516653,,,D7/L.2-H,62.25,105.42
play,4,0,525988,,,63/G,114.46,176.71
play,4,1,543317,,,NP
sub,595429,Travis Strong,0,0,1
play,4,1,543317,,,13/G,131.53,195.78
play,4,1,514914,,,8/F,123.49,89.36
play,4,1,573153,,,S9/L,154.62,124.50
play,4,1,572897,,,SB2
play,4,1,572897,,,W
play,4,1,592725,,,7/F,66.27,118.47
play,5,0,594785,,,63/G,110.44,173.69
play,5,0,572932,,,W
play,5,0,570727,,,54(1)3/GDP/G5,102.41,184.74
play,5,1,573669,,,63/G,124.50,176.71
play,5,1,502095,,,S9/L,161.65,125.50
play,5,1,543710,,,6/L,112.45,174.70
play,5,1,572284,,,7/L,102.41,130.52
play,6,0,543024,,,3/PF,156.63,199.80
play,6,0,595611,,,7/F,68.27,107.43
play,6,0,573220,,,S9/L,170.68,134.54
play,6,0,570731,,,9/F,176.71,109.44
play,6,1,543317,,,NP
sub,575769,Billy Gross,0,0,1
play,6,1,543317,,,43/G,126.51,173.69
play,6,1,514914,,,43/G,136.55,170.68
play,6,1,573153,,,3/G,147.59,179.72
play,7,0,516653,,,K
play,7,0,525988,,,K
play,7,0,594785,,,K
play,7,1,572897,,,3/P,145.58,187.75
play,7,1,592725,,,3/G,135.54,182.73
play,7,1,573669,,,K
play,8,0,572932,,,NP
sub,451699,Richard Pena,1,0,1
play,8,0,572932,,,T8/F,141.57,83.33
play,8,0,570727,,,S9/L.3-H,162.65,112.45
play,8,0,543024,,,23/SH.1-2,123.49,193.78
play,8,0,595611,,,D8/F.2-H,137.55,77.31
play,8,0,573220,,,53/G,101.41,181.73
play,8,0,570731,,,WP.2-3
play,8,0,570731,,,53/G,114.46,181.73
play,8,1,502095,,,NP
sub,504322,Sam Taveras,0,0,1
play,8,1,502095,,,T7/F,72.29,103.41
play,8,1,543710,,,E5.3-H,118.47,185.74
play,8,1,572284,,,64(1)3/GDP/G6,109.44,179.72
play,8,1,543317,,,T7/F,68.27,104.42
play,8,1,514914,,,NP
sub,516941,Eddie Lora,1,8,11
play,8,1,516941,,,K+WP.3-H;B-1
play,8,1,placeholder,,,NP
sub,541603,Ismael Tijerina,1,8,12
play,8,1,573153,,,S/G.1X2,129.52,190.76
play,9,0,516653,,,NP
sub,541603,Ismael Tijerina,1,8,4
play,9,0,525988,,,NP
sub,572831,Josh Edgin,1,0,1
play,9,0,516653,,,K
play,9,0,525988,,,K
play,9,0,594785,,,K
play,9,1,572897,,,S8/L,119.48,106.43
play,9,1,592725,,,24/SH.1-2,122.49,201.81
play,9,1,573669,,,WP.2-3
play,9,1,573669,,,63/G.3-H,107.43,173.69
play,9,1,502095,,,3/G,143.57,180.72
play,10,0,572932,,,6/L,109.44,170.68
play,10,0,570727,,,13/G,121.49,198.80
play,10,0,543024,,,NP
sub,501531,Luis Ramirez,0,3,11
play,10,0,501531,,,K
play,10,1,543710,,,NP
sub,501531,Luis Ramirez,0,3,9
play,10,1,572284,,,NP
sub,571540,Dustin Carder,0,0,1
play,10,1,543710,,,53/G,113.45,184.74
play,10,1,572284,,,E6,106.43,181.73
play,10,1,543317,,,NP
sub,502402,Brandon Brown,1,6,12
play,10,1,543317,,,9(B)93(1)/LDP,152.61,113.45
play,11,0,595611,,,NP
sub,542550,Amauris Valdez,1,6,2
play,11,0,573220,,,NP
sub,542939,Peter Birdwell,1,0,1
play,11,0,595611,,,53/G,112.45,175.70
play,11,0,573220,,,53/G,111.45,180.72
play,11,0,570731,,,E6,110.44,162.65
play,11,0,516653,,,4/L,145.58,175.70
play,11,1,541603,,,9/F,153.61,124.50
play,11,1,573153,,,63/G,115.46,173.69
play,11,1,572897,,,K
play,12,0,525988,,,S8/L,73.29,99.40
play,12,0,594785,,,NP
sub,572245,Brenden Webb,0,9,11
play,12,0,572245,,,8/F,171.69,92.37
play,12,0,572932,,,46(1)3/GDP/G4,121.49,175.70
play,12,1,592725,,,NP
sub,572245,Brenden Webb,0,9,8
play,12,1,592725,,,7/L,60.24,117.47
play,12,1,573669,,,D9/L.BX3(946),159.64,138.55
play,12,1,502095,,,NP
sub,596745,Chris Petrini,0,0,1
play,12,1,502095,,,K
play,13,0,570727,,,53/G,116.47,181.73
play,13,0,501531,,,K
play,13,0,595611,,,S5/G,106.43,182.73
play,13,0,573220,,,S7/G.1-2,36.14,110.44
play,13,0,570731,,,NP
sub,572000,Michael Ohlman,0,6,11
play,13,0,572000,,,WP.1-2;2-3
play,13,0,572000,,,IW
play,13,0,516653,,,FC6/G.1X2(64),112.45,170.68
play,13,1,543710,,,NP
sub,500161,Javier Santana,0,6,6
play,13,1,543710,,,E5/TH,106.43,184.74
play,13,1,542550,,,14/SH.1-2,120.48,199.80
play,13,1,543317,,,63/G,122.49,175.70
play,13,1,541603,,,S9/F.2-H,189.76,107.43
id,KinAPP201007220
info,visteam,BluAPP
info,hometeam,KinAPP
info,date,2010/07/22
start,489314,Jeremy Shelby,0,1,7
start,501531,Luis Ramirez,0,2,9
start,572245,Brenden Webb,0,3,8
start,595611,Riley Hornback,0,4,10
start,543848,Corey Thomas,0,5,3
start,572000,Michael Ohlman,0,6,2
start,572803,Brad Decater,0,7,5
start,570731,Jonathan Schoop,0,8,6
start,525988,Moises Ciriaco,0,9,4
start,595360,Jacob Petitt,0,0,1
start,571724,Chase Greene,1,1,8
start,572897,ZeErika McQueen,1,2,7
start,573669,Aderlin Rodriguez,1,3,5
start,544938,Albert Cordero,1,4,2
start,543710,Javier Rodriguez,1,5,9
start,595198,Patrick Farrell,1,6,10
start,516941,Eddie Lora,1,7,3
start,502402,Brandon Brown,1,8,6
start,541603,Ismael Tijerina,1,9,4
start,543290,Michael Hebert,1,0,1
play,1,0,489314,,,63/G,113.45,164.66
play,1,0,501531,,,S8/F,102.41,106.43
play,1,0,572245,,,T7/F.1-H,61.24,104.42
play,1,0,595611,,,K
play,1,0,543848,,,K
play,1,1,571724,,,S8/F,128.51,116.47
play,1,1,572897,,,PB.1-2
play,1,1,572897,,,4/PF,169.68,179.72
play,1,1,573669,,,K
play,1,1,544938,,,7/F,88.35,123.49
play,2,0,572000,,,53/G,106.43,168.67
play,2,0,572803,,,43/G,143.57,171.69
play,2,0,570731,,,5/P,101.41,178.71
play,2,1,543710,,,8/F,125.50,105.42
play,2,1,595198,,,9/F,171.69,128.51
play,2,1,516941,,,K
play,3,0,525988,,,53/G,98.39,180.72
play,3,0,489314,,,K
play,3,0,501531,,,6/P,105.42,171.69
play,3,1,502402,,,9/F,178.71,124.50
play,3,1,541603,,,E3,148.59,182.73
play,3,1,571724,,,PO1(?3)
play,3,1,571724,,,43/G,138.55,170.68
play,4,0,572245,,,S5/BG,104.42,184.74
play,4,0,595611,,,K
play,4,0,543848,,,K
play,4,0,572000,,,63/G,107.43,174.70
play,4,1,572897,,,3/PF,163.65,185.74
play,4,1,573669,,,K
play,4,1,544938,,,63/G,121.49,179.72
play,5,0,572803,,,4/L,141.57,175.70
play,5,0,570731,,,8/F,128.51,95.38
play,5,0,525988,,,S6/G,107.43,172.69
play,5,0,489314,,,SB2
play,5,0,489314,,,W
play,5,0,501531,,,S4/G.1-2;2-H,148.59,170.68
play,5,0,572245,,,W.1-2;2-3
play,5,0,595611,,,K
play,5,1,543710,,,NP
sub,500161,Javier Santana,0,8,6
play,5,1,543710,,,D7/F,53.21,121.49
play,5,1,595198,,,S9/G.2-3;B-2(E9/TH),145.58,124.50
play,5,1,516941,,,8/SF.3-H,128.51,93.37
play,5,1,502402,,,8/F,114.46,109.44
play,5,1,541603,,,63/G,105.42,166.67
play,6,0,543848,,,S7/F,82.33,120.48
play,6,0,572000,,,K
play,6,0,572803,,,13/G.1-2,129.52,191.77
play,6,0,500161,,,K
play,6,1,571724,,,63/G,101.41,165.66
play,6,1,572897,,,8/L,133.53,112.45
play,6,1,573669,,,53/G,115.46,177.71
play,7,0,525988,,,NP
sub,595466,Steve Winnick,1,0,1
play,7,0,525988,,,3/L,141.57,177.71
play,7,0,489314,,,5/P,106.43,180.72
play,7,0,501531,,,5/P,101.41,174.70
play,7,1,544938,,,NP
sub,596741,Andy Deain,0,0,1
play,7,1,544938,,,53/G,113.45,187.75
play,7,1,543710,,,53/G,108.43,175.70
play,7,1,595198,,,K
play,8,0,572245,,,T9/F,173.69,118.47
play,8,0,595611,,,CSH
play,8,0,595611,,,K
play,8,0,543848,,,E6/TH,100.40,168.67
play,8,0,572000,,,CS2
play,8,1,516941,,,23/G,125.50,198.80
play,8,1,502402,,,53/G,113.45,185.74
play,8,1,541603,,,K
play,9,0,572000,,,43/G,140.56,169.68
play,9,0,572803,,,43/G,140.56,166.67
play,9,0,500161,,,43/G,140.56,163.65
play,9,1,571724,,,NP
sub,575248,Andrew Huebner,0,0,1
play,9,1,571724,,,4/PF,146.59,167.67
play,9,1,572897,,,53/G,105.42,185.74
play,9,1,573669,,,K
id,KinAPP201007230
info,visteam,GreAPP
info,hometeam,KinAPP
info,date,2010/07/23
start,595831,Jonathan Merritt,0,1,6
start,500767,Ricardo Garcia,0,2,4
start,548300,Chris Wallace,0,3,10
start,595832,Marcus Nidiffer,0,4,3
start,502316,Rafael Valenzuela,0,5,5
start,571981,Telvin Nash,0,6,7
start,504333,Carlos Mojica,0,7,2
start,516430,Emilio King,0,8,9
start,595291,Bryce Lane,0,9,8
start,542170,Ricardo Batista,0,0,1
start,571724,Chase Greene,1,1,8
start,592725,Justin Schafer,1,2,6
start,573669,Aderlin Rodriguez,1,3,5
start,502095,Lucas Stewart,1,4,3
start,543710,Javier Rodriguez,1,5,9
start,595198,Patrick Farrell,1,6,2
start,572284,Nelfi Zapata,1,7,10
start,573153,John Semel,1,8,7
start,514914,Ray Van Gurp,1,9,4
start,514897,Eduardo Aldama,1,0,1
play,1,0,595831,,,K
play,1,0,500767,,,W
play,1,0,548300,,,SB2
play,1,0,548300,,,S9/F.2-3,130.52,133.53
play,1,0,595832,,,K
play,1,0,502316,,,43/G,146.59,168.67
play,1,1,571724,,,S8/L,113.45,96.39
play,1,1,592725,,,3/SH.1-2,138.55,198.80
play,1,1,573669,,,D7/L.2-H,70.28,130.52
play,1,1,502095,,,9/F,193.78,120.48
play,1,1,543710,,,D7/F.2-H,86.35,101.41
play,1,1,595198,,,K
play,2,0,571981,,,63/G,112.45,172.69
play,2,0,504333,,,K
play,2,0,516430,,,5/L,114.46,181.73
play,2,1,572284,,,9/F,169.68,123.49
play,2,1,573153,,,S9/G,158.63,127.51
play,2,1,514914,,,CS2
play,2,1,514914,,,W
play,2,1,571724,,,S7/F.1X3,91.37,127.51
play,3,0,595291,,,S4/G,140.56,172.69
play,3,0,595831,,,4/P,133.53,155.62
play,3,0,500767,,,K+SB2
play,3,0,548300,,,S9/F.2-H,206.83,124.50
play,3,0,595832,,,4/P,131.53,171.69
play,3,1,592725,,,K
play,3,1,573669,,,K
play,3,1,502095,,,7/F,64.26,116.47
play,4,0,502316,,,63/G,120.48,169.68
play,4,0,571981,,,HR/F,109.44,17.07
play,4,0,504333,,,63/G,118.47,167.67
play,4,0,516430,,,63/G,123.49,166.67
play,4,1,543710,,,W
play,4,1,595198,,,9/F,163.65,114.46
play,4,1,572284,,,FC9/G.1X2(94);B-1,177.71,138.55
play,4,1,573153,,,9/F,191.77,106.43
play,5,0,595291,,,63/G,103.41,163.65
play,5,0,595831,,,W
play,5,0,500767,,,64(1)3/GDP/G6,103.41,165.66
play,5,1,514914,,,D7/F,62.25,121.49
play,5,1,571724,,,S8/G.2-3,119.48,104.42
play,5,1,592725,,,43/G.1-2;3-H,138.55,172.69
play,5,1,573669,,,W
play,5,1,502095,,,9/F,182.73,115.46
play,5,1,543710,,,NP
sub,574988,Philip Rorabaugh,0,0,1
play,5,1,543710,,,HP.1-2;2-3
play,5,1,595198,,,S8/F.1-3;2-H;3-H,112.45,90.36
play,5,1,572284,,,S8/F.1-2;3-H,129.52,109.44
play,5,1,573153,,,S9/G.2XH,163.65,148.59
play,6,0,548300,,,NP
sub,544390,Lachlan Hodge,1,0,1
play,6,0,548300,,,S6/G,119.48,154.62
play,6,0,595832,,,K
play,6,0,502316,,,7/F,90.36,126.51
play,6,0,571981,,,4/PF,195.78,186.75
play,6,1,514914,,,W
play,6,1,571724,,,K
play,6,1,592725,,,CS2
play,6,1,592725,,,53/G,117.47,177.71
play,7,0,504333,,,53/G,100.40,179.72
play,7,0,516430,,,3/G,137.55,172.69
play,7,0,595291,,,63/G,105.42,166.67
play,7,1,573669,,,63/G,95.38,171.69
play,7,1,502095,,,HR/F,246.99,65.26
play,7,1,543710,,,7/F,74.30,110.44
play,7,1,595198,,,53/G,107.43,179.72
play,8,0,595831,,,NP
sub,542550,Amauris Valdez,1,6,2
play,8,0,595831,,,W
play,8,0,500767,,,NP
sub,595152,Hunter Carnevale,1,0,1
play,8,0,500767,,,S7/F.1-2,81.33,126.51
play,8,0,548300,,,K
play,8,0,595832,,,S7/F.1-2;2-3,68.27,137.55
play,8,0,502316,,,K
play,8,0,571981,,,S7/G.2-H;3-H;BX2(74),92.37,153.61
play,8,1,572284,,,NP
sub,518767,Justin Harper,0,0,1
play,8,1,572284,,,S5/G,109.44,179.72
play,8,1,573153,,,K
play,8,1,514914,,,W.1-2
play,8,1,571724,,,K
play,8,1,592725,,,WP.1-2;2-3
play,8,1,592725,,,7/F,85.34,131.53
play,9,0,504333,,,NP
sub,595027,Michael Weldon,1,0,1
play,9,0,504333,,,63/G,111.45,172.69
play,9,0,516430,,,K
play,9,0,595291,,,S7/F,66.27,135.54
play,9,0,595831,,,DI.1-2
play,9,0,595831,,,S1/G.2-3,123.49,182.73
play,9,0,500767,,,NP
sub,573245,Bubby Williams,0,2,11
play,9,0,573245,,,43/G,139.56,175.70
id,KinAPP201007240
info,visteam,GreAPP
info,hometeam,KinAPP
info,date,2010/07/24
start,595831,Jonathan Merritt,0,1,6
start,542165,Pedro Feliz,0,2,4
start,548300,Chris Wallace,0,3,2
start,595832,Marcus Nidiffer,0,4,10
start,571981,Telvin Nash,0,5,7
start,502316,Rafael Valenzuela,0,6,3
start,516429,Ricardo Heredia,0,7,9
start,595291,Bryce Lane,0,8,8
start,542605,Hector Rodriguez,0,9,5
start,592826,Vincent Velasquez,0,0,1
start,571724,Chase Greene,1,1,8
start,592725,Justin Schafer,1,2,6
start,573669,Aderlin Rodriguez,1,3,5
start,502095,Lucas Stewart,1,4,3
start,543710,Javier Rodriguez,1,5,9
start,572897,ZeErika McQueen,1,6,7
start,544938,Albert Cordero,1,7,10
start,572284,Nelfi Zapata,1,8,2
start,514914,Ray Van Gurp,1,9,4
start,571867,Jonathan Kountis,1,0,1
play,1,0,595831,,,S9/L,187.75,115.46
play,1,0,542165,,,SH.1-2;B-1,127.51,202.81
play,1,0,548300,,,CS3
play,1,0,548300,,,64(1)3/GDP/G6,110.44,166.67
play,1,1,571724,,,43/G,140.56,166.67
play,1,1,592725,,,8/F,138.55,84.34
play,1,1,573669,,,S9/L,178.71,112.45
play,1,1,502095,,,K
play,2,0,595832,,,HP
play,2,0,571981,,,8/L,125.50,89.36
play,2,0,502316,,,6(1)3/G6/GDP,117.47,167.67
play,2,1,543710,,,K23
play,2,1,572897,,,4/P,142.57,168.67
play,2,1,544938,,,43/G,144.58,162.65
play,3,0,516429,,,3/G,148.59,184.74
play,3,0,595291,,,2/BPF,119.48,212.85
play,3,0,542605,,,63/G,115.46,165.66
play,3,1,572284,,,6/P,112.45,164.66
play,3,1,514914,,,D7/F,67.27,122.49
play,3,1,571724,,,8/F,138.55,84.34
play,3,1,592725,,,53/G,111.45,179.72
play,4,0,595831,,,W
play,4,0,542165,,,W.1-2
play,4,0,548300,,,FC4/G.1X2(46);2-3;B-1,140.56,165.66
play,4,0,595832,,,W.1-2
play,4,0,571981,,,W.1-2;2-3;3-H
play,4,0,502316,,,NP
sub,571560,T. J. Chism,1,0,1
play,4,0,502316,,,46(1)3/GDP/G4,144.58,166.67
play,4,1,573669,,,D7/F,55.22,124.50
play,4,1,502095,,,HR/F.2-H,111.45,36.14
play,4,1,543710,,,E6,116.47,170.68
play,4,1,572897,,,E5.1-2,99.40,185.74
play,4,1,544938,,,E6.1-2;2-3,117.47,164.66
play,4,1,572284,,,43/G.1-2;2-3;3-H,139.56,167.67
play,4,1,514914,,,K
play,4,1,571724,,,NP
sub,500764,Jeiler Castillo,0,0,1
play,4,1,571724,,,K
play,5,0,516429,,,43/G,142.57,165.66
play,5,0,595291,,,S6/G,110.44,169.68
play,5,0,542605,,,S7/L.1-2,71.29,113.45
play,5,0,595831,,,K
play,5,0,542165,,,FC6/G.1X2(64),116.47,167.67
play,5,1,592725,,,9/F,190.76,117.47
play,5,1,573669,,,8/F,128.51,91.37
play,5,1,502095,,,W
play,5,1,543710,,,D9/L.1-H,175.70,121.49
play,5,1,572897,,,9/F,184.74,127.51
play,6,0,548300,,,NP
sub,541596,Jhonathan Torres,1,0,1
play,6,0,548300,,,D7/L,61.24,111.45
play,6,0,595832,,,W
play,6,0,571981,,,BK.1-2;2-3
play,6,0,571981,,,8/F,138.55,93.37
play,6,0,502316,,,NP
sub,500767,Ricardo Garcia,0,6,11
play,6,0,500767,,,S8/G.2-H;3-H,135.54,91.37
play,6,0,516429,,,NP
sub,500783,Orlando Tovar,1,0,1
play,6,0,516429,,,K
play,6,0,595291,,,SB2
play,6,0,595291,,,8/F,119.48,92.37
play,6,1,544938,,,NP
sub,500767,Ricardo Garcia,0,6,3
play,6,1,544938,,,D8/F,104.42,79.32
play,6,1,572284,,,8/F.2-3,127.51,79.32
play,6,1,514914,,,S7/L.3-H,69.28,111.45
play,6,1,571724,,,FC1/G.1X2(16);B-1,127.51,187.75
play,6,1,592725,,,7/F,60.24,98.39
play,7,0,542605,,,9/F,176.71,115.46
play,7,0,595831,,,63/G,116.47,165.66
play,7,0,542165,,,9/F,208.84,121.49
play,7,1,573669,,,NP
sub,592225,Ryan Cole,0,0,1
play,7,1,573669,,,63/G,110.44,163.65
play,7,1,502095,,,K
play,7,1,543710,,,13/G,119.48,191.77
play,8,0,548300,,,3/PF,169.68,183.73
play,8,0,595832,,,K
play,8,0,571981,,,K
play,8,1,572897,,,NP
sub,516430,Emilio King,0,5,9
play,8,1,544938,,,NP
sub,516429,Ricardo Heredia,0,7,7
play,8,1,572897,,,K
play,8,1,544938,,,8/F,116.47,86.35
play,8,1,572284,,,S9/L,190.76,130.52
play,8,1,514914,,,63/G,110.44,170.68
play,9,0,500767,,,NP
sub,451699,Richard Pena,1,0,1
play,9,0,500767,,,9/F,192.77,118.47
play,9,0,516429,,,NP
sub,573245,Bubby Williams,0,7,11
play,9,0,573245,,,S7/L,61.24,116.47
play,9,0,placeholder,,,NP
sub,572938,Ryan Humphrey,0,7,12
play,9,0,595291,,,4/P,136.55,169.68
play,9,0,542605,,,S9/L.1-2,176.71,113.45
play,9,0,595831,,,53/G,100.40,183.73
id,KinAPP201007250
info,visteam,GreAPP
info,hometeam,KinAPP
info,date,2010/07/25
start,500767,Ricardo Garcia,0,1,4
start,542605,Hector Rodriguez,0,2,6
start,548300,Chris Wallace,0,3,10
start,595832,Marcus Nidiffer,0,4,3
start,571981,Telvin Nash,0,5,7
start,573245,Bubby Williams,0,6,2
start,502316,Rafael Valenzuela,0,7,5
start,516430,Emilio King,0,8,9
start,572938,Ryan Humphrey,0,9,8
start,592314,Michael Foltynewicz,0,0,1
start,572897,ZeErika McQueen,1,1,8
start,514914,Ray Van Gurp,1,2,4
start,573669,Aderlin Rodriguez,1,3,5
start,502095,Lucas Stewart,1,4,3
start,543710,Javier Rodriguez,1,5,9
start,544938,Albert Cordero,1,6,2
start,572284,Nelfi Zapata,1,7,10
start,573153,John Semel,1,8,7
start,502402,Brandon Brown,1,9,6
start,541596,Jhonathan Torres,1,0,1
play,1,0,500767,,,7/F,95.38,120.48
play,1,0,542605,,,D7/F,38.15,121.49
play,1,0,548300,,,W
play,1,0,595832,,,W.1-2;2-3
play,1,0,571981,,,8/SF.3-H,98.39,99.40
play,1,0,573245,,,S8/L.1-3;2-H,131.53,125.50
play,1,0,502316,,,8/F,140.56,89.36
play,1,1,572897,,,W
play,1,1,514914,,,D7/L.1-3,55.22,122.49
play,1,1,573669,,,43/G.2-3;3-H,144.58,171.69
play,1,1,502095,,,FC4.3XH(42),137.55,170.68
play,1,1,543710,,,53/G,107.43,186.75
play,2,0,516430,,,S8/L,127.51,92.37
play,2,0,572938,,,K
play,2,0,500767,,,8/F,115.46,107.43
play,2,0,542605,,,T7/L.1-H,59.24,133.53
play,2,0,548300,,,HR/F.3-H,23.09,88.35
play,2,0,595832,,,K
play,2,1,544938,,,K
play,2,1,572284,,,43/G,138.55,165.66
play,2,1,573153,,,53/G,106.43,177.71
play,3,0,571981,,,NP
sub,572831,Josh Edgin,1,0,1
play,3,0,571981,,,S8/F,136.55,99.40
play,3,0,573245,,,2/PF,121.49,221.89
play,3,0,502316,,,FC6/G.1X2(64);B-1,104.42,168.67
play,3,0,516430,,,K
play,3,1,502402,,,D7/F,40.16,119.48
play,3,1,572897,,,9/F,171.69,101.41
play,3,1,514914,,,PO2(??)
play,3,1,514914,,,8/F,142.57,98.39
play,4,0,572938,,,E2,127.51,199.80
play,4,0,500767,,,46(1)3/GDP/G4,145.58,169.68
play,4,0,542605,,,K
play,4,1,573669,,,S7/L,63.25,146.59
play,4,1,502095,,,4/P,139.56,166.67
play,4,1,543710,,,D7/F.1-H;B-H,64.26,138.55
play,4,1,544938,,,53/G,98.39,180.72
play,4,1,572284,,,K
play,5,0,548300,,,63/G,117.47,165.66
play,5,0,595832,,,HP
play,5,0,571981,,,K
play,5,0,573245,,,SB2
play,5,0,573245,,,SB3.2-H(E2/TH)
play,5,0,573245,,,S8/L,51.50,109.66
play,5,0,502316,,,S8/L.1-3,126.51,120.48
play,5,0,516430,,,NP
sub,542939,Peter Birdwell,1,0,1
play,5,0,516430,,,K
play,5,1,573153,,,NP
sub,595291,Bryce Lane,0,9,8
play,5,1,573153,,,S7/L,88.35,134.54
play,5,1,502402,,,FC6/G.1X2(64);B-1,109.44,167.67
play,5,1,572897,,,E6.1-3;B-2,112.45,160.64
play,5,1,514914,,,WP.2-3;3-H
play,5,1,514914,,,W
play,5,1,573669,,,6(1)3/G6/GDP,108.43,160.64
play,6,0,595291,,,43/G,144.58,171.69
play,6,0,500767,,,63/G,104.42,166.67
play,6,0,542605,,,43/G,143.57,165.66
play,6,1,502095,,,K
play,6,1,543710,,,K
play,6,1,544938,,,S8/L,127.51,114.46
play,6,1,572284,,,NP
sub,572173,Brian Streilein,0,0,1
play,6,1,572284,,,S8/L.1-2,128.51,124.50
play,6,1,573153,,,43/G,139.56,165.66
play,7,0,548300,,,S5/G,99.40,181.73
play,7,0,595832,,,HR/F.1-H,30.12,91.37
play,7,0,571981,,,63/G,112.45,164.66
play,7,0,573245,,,HR/F,34.14,76.31
play,7,0,502316,,,63/G,100.40,174.70
play,7,0,516430,,,W
play,7,0,595291,,,FC6/G.1X2(64),103.41,167.67
play,7,1,502402,,,63/G,113.45,162.65
play,7,1,572897,,,63/G,101.41,172.69
play,7,1,514914,,,K
play,8,0,500767,,,D9/L,175.70,146.59
play,8,0,542605,,,K
play,8,0,548300,,,WP.2-3
play,8,0,548300,,,W
play,8,0,595832,,,8/SF.3-H,121.49,121.49
play,8,0,571981,,,K
play,8,1,573669,,,S6/G,103.41,167.67
play,8,1,502095,,,S9/L.1-2,151.61,142.57
play,8,1,543710,,,S6/G.1-2;2-3,110.44,162.65
play,8,1,544938,,,S9/L.1-2;2-3;3-H,146.59,146.59
play,8,1,572284,,,FC5/G.1-2;2-3;3XH(52);B-1,110.44,179.72
play,8,1,573153,,,S9/F.1-2;2-3;3-H,157.63,152.61
play,8,1,502402,,,NP
sub,595224,Paul Gerrish,0,0,1
play,8,1,502402,,,S6/G.1-2;2-3;3-H,112.45,168.67
play,8,1,572897,,,S9/L.1-2;2-3;3-H,145.58,157.63
play,8,1,514914,,,T8/F.1-H;2-H;3-H,132.53,77.31
play,8,1,573669,,,63/G,110.44,171.69
play,8,1,502095,,,K
play,9,0,573245,,,NP
sub,595466,Steve Winnick,1,0,1
play,9,0,573245,,,9/F,172.69,109.44
play,9,0,502316,,,D7/F.BX3(75),68.27,126.51
play,9,0,516430,,,S8/L,112.45,120.48
play,9,0,595291,,,NP
sub,504333,Carlos Mojica,0,9,11
play,9,0,504333,,,K
id,KinAPP201008010
info,visteam,EliAPP
info,hometeam,KinAPP
info,date,2010/08/01
start,542454,Daniel Santana,0,1,6
start,573121,Nate Roberts,0,2,10
start,542455,Oswaldo Arcia,0,3,8
start,594896,Andy Leer,0,4,5
start,592184,Brian Burke,0,5,3
start,543611,Daniel Ortiz,0,6,7
start,594849,Jamaal Hawkins,0,7,4
start,516612,Jhonatan Arias,0,8,2
start,475774,Gunner Glad,0,9,9
start,516614,Manuel Soliman,0,0,1
start,571724,Chase Greene,1,1,8
start,592725,Justin Schafer,1,2,6
start,573669,Aderlin Rodriguez,1,3,5
start,502095,Lucas Stewart,1,4,3
start,543710,Javier Rodriguez,1,5,9
start,572897,ZeErika McQueen,1,6,7
start,544938,Albert Cordero,1,7,2
start,572284,Nelfi Zapata,1,8,10
start,514914,Ray Van Gurp,1,9,4
start,543290,Michael Hebert,1,0,1
play,1,0,542454,,,D9/L,184.74,135.54
play,1,0,573121,,,63/G.2-3,111.45,160.64
play,1,0,542455,,,S7/L.3-H,71.29,133.53
play,1,0,594896,,,SB2
play,1,0,594896,,,W
play,1,0,592184,,,4(1)3/G4/GDP,131.53,162.65
play,1,1,571724,,,4/L,136.55,165.66
play,1,1,592725,,,K
play,1,1,573669,,,63/G,113.45,158.63
play,2,0,543611,,,S8/F,132.53,114.46
play,2,0,594849,,,FC6/G.1X2(64);B-1,103.41,164.66
play,2,0,516612,,,8/F,132.53,77.31
play,2,0,475774,,,CS2
play,2,1,placeholder,,,NP
sub,572993,Nick Lockwood,0,7,4
play,2,1,502095,,,3/G,142.57,181.73
play,2,1,543710,,,3/PF,150.60,200.80
play,2,1,572897,,,9/L,175.70,142.57
play,3,0,475774,,,W
play,3,0,542454,,,FC4/G.1X2(46);B-1,144.58,167.67
play,3,0,573121,,,S9/F.1-3,165.66,140.56
play,3,0,542455,,,S9/G.1-3;3-H,175.70,147.59
play,3,0,594896,,,SB2
play,3,0,594896,,,DGR/F9.2-H;3-H,212.85,99.40
play,3,0,592184,,,5/P,106.43,169.68
play,3,0,543611,,,K
play,3,1,544938,,,S8/G,149.60,113.45
play,3,1,572284,,,4(1)3/G4/GDP,133.53,164.66
play,3,1,514914,,,63/G,111.45,167.67
play,4,0,572993,,,7/L,79.32,110.44
play,4,0,516612,,,7/F,71.29,137.55
play,4,0,475774,,,K
play,4,1,571724,,,9/F,189.76,136.55
play,4,1,592725,,,53/G,104.42,178.71
play,4,1,573669,,,K
play,5,0,542454,,,S7/G,76.31,130.52
play,5,0,573121,,,FC6/G.1X2(6);B-1,113.45,160.64
play,5,0,542455,,,64(1)3/GDP/G6,105.42,165.66
play,5,1,502095,,,5/PF,95.38,200.80
play,5,1,543710,,,W
play,5,1,572897,,,7/F,67.27,105.42
play,5,1,544938,,,FC5/G.1X2(54),102.41,179.72
play,6,0,594896,,,NP
sub,502022,Zachary Von Tersch,1,0,1
play,6,0,594896,,,2/PF,123.49,229.92
play,6,0,592184,,,S1/G,125.50,191.77
play,6,0,543611,,,NP
sub,451699,Richard Pena,1,0,1
play,6,0,543611,,,HR/F.1-H,207.83,52.21
play,6,0,572993,,,53/G,108.43,183.73
play,6,0,516612,,,D7/L,71.29,128.51
play,6,0,475774,,,HP
play,6,0,542454,,,7/F,58.23,123.49
play,6,1,572284,,,K
play,6,1,514914,,,7/F,72.29,109.44
play,6,1,571724,,,43/G,134.54,160.64
play,7,0,573121,,,NP
sub,521609,Tony Feliz,1,0,1
play,7,0,573121,,,W
play,7,0,542455,,,54(1)3/GDP/G5,108.43,180.72
play,7,0,594896,,,K+WP.B-1
play,7,0,592184,,,K
play,7,1,592725,,,S8/L,119.48,107.43
play,7,1,573669,,,S9/L.1-2,167.67,141.57
play,7,1,502095,,,K
play,7,1,543710,,,HP.1-2;2-3
play,7,1,572897,,,NP
sub,493556,David Gutierrez,0,0,1
play,7,1,572897,,,FC5/G.1-2;2X3(5);3-H;B-1,104.42,179.72
play,7,1,544938,,,S7/L.1-2;2-3,65.26,131.53
play,7,1,572284,,,13/G,125.50,192.77
play,8,0,543611,,,K
play,8,0,572993,,,8/F,131.53,71.29
play,8,0,516612,,,53/G,103.41,183.73
play,8,1,514914,,,9/F,184.74,118.47
play,8,1,571724,,,9/F,187.75,125.50
play,8,1,592725,,,W
play,8,1,573669,,,S5/G.1-2,112.45,179.72
play,8,1,502095,,,K23
play,9,0,475774,,,NP
sub,571560,T. J. Chism,1,0,1
play,9,0,475774,,,9/F,183.73,131.53
play,9,0,542454,,,13/G,122.49,187.75
play,9,0,573121,,,K
play,9,1,543710,,,NP
sub,501717,Jean Mijares,0,0,1
play,9,1,543710,,,K
play,9,1,572897,,,S4/G,138.55,164.66
play,9,1,544938,,,K
play,9,1,572284,,,E1/TH.1-H;B-3,129.52,187.75
play,9,1,514914,,,9/F,189.76,124.50
id,KinAPP201008020
info,visteam,EliAPP
info,hometeam,KinAPP
info,date,2010/08/02
start,542454,Daniel Santana,0,1,6
start,573121,Nate Roberts,0,2,7
start,542455,Oswaldo Arcia,0,3,9
start,594896,Andy Leer,0,4,5
start,543611,Daniel Ortiz,0,5,10
start,592184,Brian Burke,0,6,3
start,594849,Jamaal Hawkins,0,7,4
start,571972,Buddy Munroe,0,8,2
start,594854,Brandon Henderson,0,9,8
start,543297,B. Hermsen,0,0,1
start,572897,ZeErika McQueen,1,1,8
start,592725,Justin Schafer,1,2,6
start,573669,Aderlin Rodriguez,1,3,5
start,502095,Lucas Stewart,1,4,3
start,543710,Javier Rodriguez,1,5,9
start,544938,Albert Cordero,1,6,10
start,514914,Ray Van Gurp,1,7,4
start,572284,Nelfi Zapata,1,8,2
start,502402,Brandon Brown,1,9,7
start,542674,Gonzalez Germen,1,0,1
play,1,0,542454,,,S4/G,131.53,168.67
play,1,0,573121,,,SB2
play,1,0,573121,,,W
play,1,0,542455,,,4/P,136.55,168.67
play,1,0,594896,,,S7/F.1-3;2-H;B-2,54.22,128.51
play,1,0,543611,,,8/SF.2-3;3-H,139.56,71.29
play,1,0,592184,,,9/L,157.63,137.55
play,1,1,572897,,,K
play,1,1,592725,,,D7/F,73.29,115.46
play,1,1,573669,,,S7/L.2-3,65.26,125.50
play,1,1,502095,,,5/PF,97.39,197.79
play,1,1,543710,,,13/G,118.47,187.75
play,2,0,594849,,,53/G,98.39,176.71
play,2,0,571972,,,8/F,126.51,86.35
play,2,0,594854,,,D9/L,185.74,142.57
play,2,0,542454,,,K
play,2,1,544938,,,53/G,98.39,183.73
play,2,1,514914,,,13/G,122.49,191.77
play,2,1,572284,,,S9/G,167.67,146.59
play,2,1,502402,,,3/P,144.58,178.71
play,3,0,573121,,,43/G,130.52,154.62
play,3,0,542455,,,D9/F,188.76,134.54
play,3,0,594896,,,43/G.2-3,133.53,165.66
play,3,0,543611,,,K
play,3,1,572897,,,13/BG,128.51,191.77
play,3,1,592725,,,E5,108.43,193.78
play,3,1,573669,,,53/G.1-2,97.39,175.70
play,3,1,502095,,,W
play,3,1,543710,,,5/P,109.44,173.69
play,4,0,592184,,,6/P,115.46,161.65
play,4,0,594849,,,K
play,4,0,571972,,,63/G,111.45,161.65
play,4,1,544938,,,53/G,101.41,172.69
play,4,1,514914,,,143/G1,127.51,190.76
play,4,1,572284,,,53/G,107.43,178.71
play,5,0,594854,,,K
play,5,0,542454,,,13/BG,126.51,190.76
play,5,0,573121,,,HR/F,134.54,18.07
play,5,0,542455,,,53/G,105.42,180.72
play,5,1,502402,,,9/F,183.73,115.46
play,5,1,572897,,,63/G,115.46,159.64
play,5,1,592725,,,S8/G,118.47,107.43
play,5,1,573669,,,3/PF,148.59,200.80
play,6,0,594896,,,63/G,110.44,162.65
play,6,0,543611,,,7/F,66.27,112.45
play,6,0,592184,,,8/F,134.54,61.24
play,6,1,502095,,,8/F,132.53,88.35
play,6,1,543710,,,HR/F,35.14,61.24
play,6,1,544938,,,53/G,107.43,182.73
play,6,1,514914,,,6/L,108.43,157.63
play,7,0,594849,,,7/FF,53.21,146.59
play,7,0,571972,,,143/G1,129.52,188.76
play,7,0,594854,,,S8/G,120.48,107.43
play,7,0,542454,,,SB2
play,7,0,542454,,,K
play,7,1,572284,,,NP
sub,543859,Michael Tonkin,0,0,1
play,7,1,572284,,,E5,114.46,183.73
play,7,1,502402,,,14/SH.1-2,129.52,194.78
play,7,1,572897,,,S9/L.2-3,171.69,147.59
play,7,1,592725,,,S8/G.1-2;3-H,123.49,93.37
play,7,1,573669,,,54(1)3/GDP/G5,106.43,176.71
play,8,0,573121,,,NP
sub,542939,Peter Birdwell,1,0,1
play,8,0,573121,,,K
play,8,0,542455,,,K
play,8,0,594896,,,53/G,106.43,183.73
play,8,1,502095,,,9/F,186.75,127.51
play,8,1,543710,,,13/G,124.50,187.75
play,8,1,544938,,,13/G,126.51,187.75
play,9,0,543611,,,HR/F,214.86,61.24
play,9,0,592184,,,K
play,9,0,594849,,,53/G,109.44,178.71
play,9,0,571972,,,63/G,105.42,163.65
play,9,1,514914,,,NP
sub,542561,Jose Gonzalez,0,0,1
play,9,1,514914,,,63/G,112.45,161.65
play,9,1,572284,,,K
play,9,1,502402,,,K
id,KinAPP201008030
info,visteam,EliAPP
info,hometeam,KinAPP
info,date,2010/08/03
start,542454,Daniel Santana,0,1,6
start,573121,Nate Roberts,0,2,10
start,542455,Oswaldo Arcia,0,3,8
start,594896,Andy Leer,0,4,5
start,543611,Daniel Ortiz,0,5,7
start,571861,Kyle Knudson,0,6,3
start,516612,Jhonatan Arias,0,7,2
start,572993,Nick Lockwood,0,8,4
start,475774,Gunner Glad,0,9,9
start,517372,Martire Garcia,0,0,1
start,571724,Chase Greene,1,1,8
start,592725,Justin Schafer,1,2,4
start,573669,Aderlin Rodriguez,1,3,5
start,543710,Javier Rodriguez,1,4,9
start,544938,Albert Cordero,1,5,2
start,572897,ZeErika McQueen,1,6,7
start,502402,Brandon Brown,1,7,3
start,572284,Nelfi Zapata,1,8,10
start,541603,Ismael Tijerina,1,9,6
start,592560,Brett Mitchell,1,0,1
play,1,0,542454,,,63/G,103.41,170.68
play,1,0,573121,,,S5/G,108.43,174.70
play,1,0,542455,,,HR/F.1-H,196.79,59.24
play,1,0,594896,,,K23
play,1,0,543611,,,2/PF,195.78,208.84
play,1,1,571724,,,53/G,107.43,176.71
play,1,1,592725,,,S6/G,115.46,166.67
play,1,1,placeholder,,,POCS2(136)
play,1,1,573669,,,K
play,2,0,571861,,,63/G,126.51,171.69
play,2,0,516612,,,3/PF,170.68,205.82
play,2,0,572993,,,K23
play,2,1,543710,,,63/G,112.45,171.69
play,2,1,544938,,,63/G,106.43,170.68
play,2,1,572897,,,K23
play,3,0,475774,,,K
play,3,0,542454,,,5/PF,37.15,184.74
play,3,0,573121,,,HP
play,3,0,542455,,,S9/F.1-2,191.77,128.51
play,3,0,594896,,,K
play,3,1,502402,,,S9/F,137.55,123.49
play,3,1,572284,,,FC6/G.1X2(64);B-1,109.44,169.68
play,3,1,541603,,,K
play,3,1,571724,,,K
play,4,0,543611,,,K
play,4,0,571861,,,W
play,4,0,516612,,,6/P,122.49,162.65
play,4,0,572993,,,W.1-2
play,4,0,475774,,,PO?(E?).1-2;2-3
play,4,0,475774,,,K
play,4,1,592725,,,S7/G,77.31,121.49
play,4,1,573669,,,K
play,4,1,543710,,,HP.1-2
play,4,1,544938,,,NP
sub,543317,Charles Hinojosa,1,4,12
play,4,1,544938,,,46(1)3/GDP/G4,129.52,171.69
play,5,0,542454,,,NP
sub,543317,Charles Hinojosa,1,4,9
play,5,0,542454,,,S9/L,179.72,114.46
play,5,0,573121,,,7/F,47.19,123.49
play,5,0,542455,,,CS2
play,5,0,542455,,,E5/TH,98.39,173.69
play,5,0,594896,,,K
play,5,1,572897,,,63/G,115.46,164.66
play,5,1,502402,,,7/F,49.20,110.44
play,5,1,572284,,,W
play,5,1,541603,,,K
play,6,0,543611,,,NP
sub,595466,Steve Winnick,1,0,1
play,6,0,543611,,,9/FF,198.80,170.68
play,6,0,571861,,,8/L,106.43,96.39
play,6,0,516612,,,K
play,6,1,571724,,,43/G,133.53,164.66
play,6,1,592725,,,53/G,104.42,179.72
play,6,1,573669,,,K
play,7,0,572993,,,K
play,7,0,475774,,,4/P,127.51,167.67
play,7,0,542454,,,7/F,65.26,114.46
play,7,1,543317,,,S8/F,132.53,120.48
play,7,1,544938,,,S9/F.1-3,188.76,125.50
play,7,1,572897,,,K
play,7,1,502402,,,WP.1-2;3-H
play,7,1,502402,,,PB.2-3
play,7,1,502402,,,E3.3-H;BX2(36),146.59,182.73
play,7,1,572284,,,S7/F,69.28,121.49
play,7,1,541603,,,K
play,8,0,573121,,,NP
sub,572831,Josh Edgin,1,0,1
play,8,0,573121,,,K
play,8,0,542455,,,HR/F,99.40,27.11
play,8,0,594896,,,K
play,8,0,543611,,,S8/L,116.47,99.40
play,8,0,571861,,,S3/G.1-3(E1)(E1);B-2,142.57,179.72
play,8,0,516612,,,53/G,109.44,182.73
play,8,1,571724,,,NP
sub,493556,David Gutierrez,0,0,1
play,8,1,571724,,,K
play,8,1,592725,,,K
play,8,1,573669,,,53/G,105.42,174.70
play,9,0,572993,,,9/F,178.71,128.51
play,9,0,475774,,,63/G,115.46,162.65
play,9,0,542454,,,S7/G,89.36,128.51
play,9,0,573121,,,WP.1-2
play,9,0,573121,,,W
play,9,0,542455,,,K
play,9,1,543317,,,K
play,9,1,544938,,,43/G,143.57,174.70
play,9,1,572897,,,HP
play,9,1,502402,,,K
id,KinAPP201008050
info,visteam,DanAPP
info,hometeam,KinAPP
info,date,2010/08/05
start,592743,Andrelton Simmons,0,1,6
start,594886,Barrett Kleinknecht,0,2,5
start,571599,Jakob Dalfonso,0,3,9
start,594828,Evan Gattis,0,4,10
start,519345,Joseph Terdoslavich,0,5,3
start,572258,Jace Whitmer,0,6,2
start,594935,Jason Mowry,0,7,8
start,554239,Elmer Reyes,0,8,4
start,594819,Kenny Fleming,0,9,7
start,543146,Kyle Farrell,0,0,1
start,572897,ZeErika McQueen,1,1,7
start,571724,Chase Greene,1,2,8
start,573669,Aderlin Rodriguez,1,3,10
start,502095,Lucas Stewart,1,4,3
start,544938,Albert Cordero,1,5,10
start,573153,John Semel,1,6,9
start,572284,Nelfi Zapata,1,7,2
start,514914,Ray Van Gurp,1,8,4
start,502402,Brandon Brown,1,9,6
start,514897,Eduardo Aldama,1,0,1
play,1,0,592743,,,S9/L,181.73,124.50
play,1,0,594886,,,HR/F.1-H,31.12,77.31
play,1,0,571599,,,S8/L,117.47,107.43
play,1,0,594828,,,7/F,71.29,110.44
play,1,0,519345,,,D7/L.1-3,39.16,115.46
play,1,0,572258,,,63/G.2-3;3-H,114.46,173.69
play,1,0,594935,,,K
play,1,1,placeholder,,,NP
sub,595212,Jarred Frierson,0,7,8
play,1,1,572897,,,K
play,1,1,571724,,,63/G,111.45,173.69
play,1,1,573669,,,E6,104.42,166.67
play,1,1,placeholder,,,NP
sub,541603,Ismael Tijerina,1,3,12
play,1,1,502095,,,43/G,141.57,171.69
play,2,0,placeholder,,,NP
sub,541603,Ismael Tijerina,1,3,5
play,2,0,554239,,,6/P,115.46,163.65
play,2,0,594819,,,7/F,53.21,119.48
play,2,0,592743,,,HP
play,2,0,594886,,,SB2
play,2,0,594886,,,8/F,118.47,77.31
play,2,1,544938,,,HR/F,36.14,69.28
play,2,1,573153,,,S8/L,119.48,101.41
play,2,1,572284,,,FC6/G.1X2(64);B-1,116.47,169.68
play,2,1,514914,,,K
play,2,1,502402,,,5/L,105.42,186.75
play,3,0,571599,,,63/G,117.47,177.71
play,3,0,594828,,,S7/L,73.29,122.49
play,3,0,519345,,,K
play,3,0,572258,,,K
play,3,1,572897,,,S9/L,181.73,130.52
play,3,1,571724,,,53/G.1-2,105.42,179.72
play,3,1,541603,,,S9/L.2-H,178.71,129.52
play,3,1,502095,,,D8/F.1-H,115.46,64.26
play,3,1,544938,,,63/G.2-3,116.47,177.71
play,3,1,573153,,,43/G,138.55,170.68
play,4,0,595212,,,NP
sub,572897,ZeErika McQueen,1,1,8
play,4,0,554239,,,NP
sub,543317,Charles Hinojosa,1,2,7
play,4,0,595212,,,7/F,65.26,110.44
play,4,0,554239,,,5/PF,88.35,191.77
play,4,0,594819,,,7/F,70.28,114.46
play,4,1,572284,,,9/F,176.71,115.46
play,4,1,514914,,,S7/L,62.25,130.52
play,4,1,502402,,,S7/L.1-2,75.30,118.47
play,4,1,572897,,,K
play,4,1,543317,,,FC4/G.1X2(4),132.53,174.70
play,5,0,592743,,,53/G,101.41,182.73
play,5,0,594886,,,6/P,111.45,159.64
play,5,0,571599,,,43/G,139.56,172.69
play,5,1,541603,,,4/P,135.54,166.67
play,5,1,502095,,,6/P,110.44,163.65
play,5,1,544938,,,3/G,148.59,184.74
play,6,0,594828,,,6/P,108.43,162.65
play,6,0,519345,,,S7/L,73.29,124.50
play,6,0,572258,,,E1/TH.1-H;B-2,126.51,195.78
play,6,0,595212,,,63/G.2-3,111.45,168.67
play,6,0,554239,,,K
play,6,1,573153,,,E3,144.58,181.73
play,6,1,572284,,,8/F,115.46,91.37
play,6,1,514914,,,16(1)3/GDP/G1,126.51,192.77
play,7,0,594819,,,NP
sub,521609,Tony Feliz,1,0,1
play,7,0,594819,,,63/G,116.47,169.68
play,7,0,592743,,,S7/L,72.29,126.51
play,7,0,594886,,,WP.1-2
play,7,0,594886,,,FC6.2X3(65),112.45,168.67
play,7,0,571599,,,SB2
play,7,0,571599,,,HP
play,7,0,594828,,,8/F,126.51,94.38
play,7,1,502402,,,8/F,119.48,76.31
play,7,1,572897,,,K
play,7,1,543317,,,HR/F,207.83,86.35
play,7,1,541603,,,63/G,112.45,170.68
play,8,0,519345,,,NP
sub,595152,Hunter Carnevale,1,0,1
play,8,0,519345,,,K23
play,8,0,572258,,,8/F,116.47,92.37
play,8,0,595212,,,63/G,113.45,166.67
play,8,1,502095,,,NP
sub,592786,Matthew Suschak,0,0,1
play,8,1,502095,,,W
play,8,1,544938,,,W.1-2
play,8,1,573153,,,SH.1-2;2-3;B-1,151.61,178.71
play,8,1,572284,,,S7/L.1-3;2-H;3-H,55.22,120.48
play,8,1,514914,,,NP
sub,542562,Edigson Mora,0,0,1
play,8,1,514914,,,FC6/G.1X2(64);3-H;B-1,111.45,172.69
play,8,1,502402,,,D7/L.1-3,48.19,123.49
play,8,1,572897,,,BK.2-3;3-H
play,8,1,572897,,,FC4.3XH(42),135.54,175.70
play,8,1,543317,,,S9/L.1-3,198.80,124.50
play,8,1,541603,,,WP.1-2;3-H
play,8,1,541603,,,W
play,8,1,502095,,,HR/F.1-H;2-H,212.85,80.32
play,8,1,544938,,,S8/L,115.46,95.38
play,8,1,573153,,,K
play,9,0,554239,,,NP
sub,595027,Michael Weldon,1,0,1
play,9,0,554239,,,K
play,9,0,594819,,,43/G,137.55,168.67
play,9,0,592743,,,3/P,153.61,182.73
id,KinAPP201008060
info,visteam,DanAPP
info,hometeam,KinAPP
info,date,2010/08/06
start,592743,Andrelton Simmons,0,1,6
start,594886,Barrett Kleinknecht,0,2,5
start,571599,Jakob Dalfonso,0,3,9
start,594828,Evan Gattis,0,4,10
start,519345,Joseph Terdoslavich,0,5,3
start,572258,Jace Whitmer,0,6,2
start,594935,Jason Mowry,0,7,8
start,554239,Elmer Reyes,0,8,4
start,594819,Kenny Fleming,0,9,7
start,594874,Dan Jurik,0,0,1
start,572897,ZeErika McQueen,1,1,8
start,502402,Brandon Brown,1,2,6
start,573669,Aderlin Rodriguez,1,3,5
start,502095,Lucas Stewart,1,4,3
start,544938,Albert Cordero,1,5,10
start,543317,Charles Hinojosa,1,6,7
start,572284,Nelfi Zapata,1,7,2
start,573153,John Semel,1,8,9
start,514914,Ray Van Gurp,1,9,4
start,571867,Jonathan Kountis,1,0,1
play,1,0,592743,,,53/G,100.40,181.73
play,1,0,594886,,,S7/G,83.33,133.53
play,1,0,571599,,,6(1)3/G6/GDP,119.48,165.66
play,1,1,572897,,,9/F,188.76,119.48
play,1,1,502402,,,S6/G,106.43,160.64
play,1,1,573669,,,4/P,138.55,168.67
play,1,1,502095,,,CS2
play,2,0,594828,,,K
play,2,0,519345,,,W
play,2,0,572258,,,8/F,108.43,72.29
play,2,0,594935,,,7/F,78.31,108.43
play,2,1,502095,,,9/F,177.71,120.48
play,2,1,544938,,,9/F,178.71,116.47
play,2,1,543317,,,K
play,3,0,554239,,,8/F,123.49,85.34
play,3,0,594819,,,D9/L,185.74,134.54
play,3,0,592743,,,53/G,102.41,181.73
play,3,0,594886,,,D7/F.2-H,50.20,104.42
play,3,0,571599,,,3/G,149.60,179.72
play,3,1,572284,,,K
play,3,1,573153,,,W
play,3,1,514914,,,BK.1-2
play,3,1,514914,,,K
play,3,1,572897,,,S8/F.2-3,142.57,84.34
play,3,1,502402,,,4/L,141.57,160.64
play,4,0,594828,,,K
play,4,0,519345,,,S8/G,146.59,87.35
play,4,0,572258,,,K
play,4,0,594935,,,K
play,4,1,573669,,,W
play,4,1,502095,,,8/F,125.50,93.37
play,4,1,544938,,,64(1)3/GDP/G6,103.41,161.65
play,5,0,554239,,,5/PF,95.38,202.81
play,5,0,594819,,,W
play,5,0,592743,,,CS2
play,5,0,592743,,,63/G,111.45,158.63
play,5,1,543317,,,K
play,5,1,572284,,,43/G,140.56,165.66
play,5,1,573153,,,63/G,111.45,162.65
play,6,0,594886,,,13/G,120.48,192.77
play,6,0,571599,,,43/G,140.56,156.63
play,6,0,594828,,,HP
play,6,0,519345,,,FC6/G.1X2(64),103.41,160.64
play,6,1,514914,,,9/F,171.69,131.53
play,6,1,572897,,,7/F,59.24,119.48
play,6,1,502402,,,43/G,141.57,165.66
play,7,0,572258,,,NP
sub,542939,Peter Birdwell,1,0,1
play,7,0,572258,,,43/G,133.53,164.66
play,7,0,594935,,,W
play,7,0,554239,,,S7/G.1-3,58.23,132.53
play,7,0,594819,,,xxx.1-H(E6/TH);3-H,57.23,119.48
play,7,0,594819,,,D7/L
play,7,0,592743,,,63/G.2-3,104.42,157.63
play,7,0,594886,,,D8/F.3-H,135.54,76.31
play,7,0,571599,,,S8/G.2-H;B-3,121.49,104.42
play,7,0,594828,,,8/F,125.50,93.37
play,7,1,573669,,,NP
sub,543826,Tyler Stovall,0,0,1
play,7,1,573669,,,63/G,108.43,161.65
play,7,1,502095,,,HR/F,211.85,65.26
play,7,1,544938,,,9/F,169.68,123.49
play,7,1,543317,,,K+PB.B-1
play,7,1,572284,,,W.1-2
play,7,1,573153,,,S9/G.1-3;2-H;B-2,171.69,143.57
play,7,1,514914,,,D9/F.2-H;3-H,201.81,117.47
play,7,1,572897,,,NP
sub,571873,Lucas La Point,0,0,1
play,7,1,572897,,,S9/G.2-H,169.68,141.57
play,7,1,502402,,,FC6/G.1X2(64),108.43,168.67
play,8,0,519345,,,NP
sub,451699,Richard Pena,1,0,1
play,8,0,519345,,,8/F,142.57,81.33
play,8,0,572258,,,53/G,108.43,179.72
play,8,0,594935,,,7/F,66.27,122.49
play,8,1,573669,,,D7/L,51.20,121.49
play,8,1,502095,,,PB.2-3
play,8,1,502095,,,5/PF,98.39,200.80
play,8,1,544938,,,S7/G.3-H,60.24,121.49
play,8,1,543317,,,NP
sub,541603,Ismael Tijerina,1,5,12
play,8,1,543317,,,S9/G.1-3,180.72,141.57
play,8,1,572284,,,S7/G.1-3;3-H,71.29,125.50
play,8,1,573153,,,9/SF.3-H,179.72,123.49
play,8,1,514914,,,43/G,139.56,164.66
play,9,0,554239,,,NP
sub,541603,Ismael Tijerina,1,5,10
play,9,0,594819,,,NP
sub,595466,Steve Winnick,1,0,1
play,9,0,554239,,,S8/G,115.46,109.44
play,9,0,594819,,,E4.1-2,139.56,166.67
play,9,0,592743,,,8/F.2-3,136.55,81.33
play,9,0,594886,,,4/P,144.58,163.65
play,9,0,571599,,,HP.1-2
play,9,0,594828,,,S7/L.1-3;2-H;3-H,60.24,129.52
play,9,0,519345,,,NP
sub,595212,Jarred Frierson,0,4,12
play,9,0,572258,,,NP
sub,572831,Josh Edgin,1,0,1
play,9,0,519345,,,S8/G.1XH;3-H,130.52,102.41
play,9,1,572897,,,NP
sub,595212,Jarred Frierson,0,4,10
play,9,1,572897,,,43/G,136.55,160.64
play,9,1,502402,,,K
play,9,1,573669,,,S8/G,123.49,112.45
play,9,1,502095,,,7/F,41.16,105.42
play,10,0,572258,,,E5/TH.B-2,105.42,179.72
play,10,0,594935,,,SH.2-H;B-2,122.49,192.77
play,10,0,554239,,,HP
play,10,0,594819,,,K
play,10,0,592743,,,9/F.2-3,174.70,131.53
play,10,0,594886,,,W.1-2
play,10,0,571599,,,K
play,10,1,541603,,,S6/G,102.41,164.66
play,10,1,543317,,,13/SH.1-2,129.52,192.77
play,10,1,572284,,,S9/L.2-3,182.73,135.54
play,10,1,573153,,,K
play,10,1,514914,,,NP
sub,543710,Javier Rodriguez,1,7,12
play,10,1,514914,,,S9/G.1X3;3-H,172.69,140.56
play,11,0,595212,,,NP
sub,542550,Amauris Valdez,1,7,2
play,11,0,595212,,,63/G,115.46,168.67
play,11,0,519345,,,43/G,136.55,160.64
play,11,0,572258,,,9/F,205.82,117.47
play,11,1,572897,,,8/F,127.51,78.31
play,11,1,502402,,,S7/G,72.29,126.51
play,11,1,573669,,,8/F,126.51,90.36
play,11,1,502095,,,NP
sub,598866,Blaine Sims,0,0,1
play,11,1,502095,,,SB2
play,11,1,502095,,,K23
play,12,0,594935,,,43/G,131.53,160.64
play,12,0,554239,,,13/G,131.53,183.73
play,12,0,594819,,,43/G,140.56,165.66
play,12,1,541603,,,63/G,112.45,159.64
play,12,1,543317,,,S9/F,166.67,129.52
play,12,1,542550,,,46(1)3/GDP/G4,147.59,164.66
play,13,0,592743,,,NP
sub,571560,T. J. Chism,1,0,1
play,13,0,592743,,,E6/TH.B-2,108.43,159.64
play,13,0,594886,,,7/F.?X?(74),60.24,110.44
play,13,0,571599,,,S4/G,136.55,160.64
play,13,0,595212,,,WP.1-3
play,13,0,595212,,,K
play,13,1,573153,,,K
play,13,1,514914,,,63/G,115.46,162.65
play,13,1,572897,,,HR/F,31.12,72.29
id,KinAPP201008070
info,visteam,DanAPP
info,hometeam,KinAPP
info,date,2010/08/07
start,592743,Andrelton Simmons,0,1,6
start,554239,Elmer Reyes,0,2,4
start,594886,Barrett Kleinknecht,0,3,5
start,571599,Jakob Dalfonso,0,4,9
start,594828,Evan Gattis,0,5,2
start,519345,Joseph Terdoslavich,0,6,10
start,594935,Jason Mowry,0,7,8
start,517424,Alberto Odreman,0,8,3
start,594819,Kenny Fleming,0,9,7
start,592303,David Filak,0,0,1
start,572897,ZeErika McQueen,1,1,8
start,502402,Brandon Brown,1,2,6
start,573669,Aderlin Rodriguez,1,3,5
start,502095,Lucas Stewart,1,4,3
start,544938,Albert Cordero,1,5,2
start,543317,Charles Hinojosa,1,6,7
start,572284,Nelfi Zapata,1,7,10
start,573153,John Semel,1,8,9
start,514914,Ray Van Gurp,1,9,4
start,543290,Michael Hebert,1,0,1
play,1,0,592743,,,E6/TH,109.44,166.67
play,1,0,554239,,,S7/G.1-2,73.29,122.49
play,1,0,594886,,,PB.1-2;2-3
play,1,0,594886,,,63/G.2-3;3-H,113.45,163.65
play,1,0,571599,,,S7/G.3-H,74.30,118.47
play,1,0,594828,,,CS2
play,1,0,594828,,,D7/F,52.21,95.38
play,1,0,519345,,,8/F,118.47,91.37
play,1,1,572897,,,K
play,1,1,502402,,,8/F,109.44,92.37
play,1,1,573669,,,K
play,2,0,594935,,,S9/L,179.72,122.49
play,2,0,517424,,,K
play,2,0,594819,,,CS2
play,2,0,594819,,,K23
play,2,1,502095,,,S9/L,171.69,121.49
play,2,1,544938,,,64(1)3/GDP/G6,110.44,166.67
play,2,1,543317,,,K23
play,3,0,592743,,,9/F,181.73,113.45
play,3,0,554239,,,W
play,3,0,594886,,,63/G.1-2,109.44,170.68
play,3,0,571599,,,3/G,151.61,179.72
play,3,1,572284,,,S7/G,70.28,127.51
play,3,1,573153,,,64(1)3/GDP/G6,110.44,164.66
play,3,1,514914,,,53/G,104.42,181.73
play,4,0,594828,,,53/G,101.41,179.72
play,4,0,519345,,,63/G,114.46,168.67
play,4,0,594935,,,43/G,139.56,168.67
play,4,1,572897,,,K
play,4,1,502402,,,K
play,4,1,573669,,,6/P,109.44,169.68
play,5,0,517424,,,K23
play,5,0,594819,,,7/F,71.29,110.44
play,5,0,592743,,,63/G,108.43,171.69
play,5,1,502095,,,3/G,150.60,177.71
play,5,1,544938,,,S7/L,66.27,116.47
play,5,1,543317,,,54(1)3/GDP/G5,105.42,180.72
play,6,0,554239,,,3/P,147.59,174.70
play,6,0,594886,,,S8/G,124.50,93.37
play,6,0,571599,,,S7/G.1-2,68.27,121.49
play,6,0,594828,,,54(1)3/GDP/G5,105.42,181.73
play,6,1,572284,,,63/G,112.45,168.67
play,6,1,573153,,,S9/G,179.72,120.48
play,6,1,514914,,,CS2
play,6,1,514914,,,W
play,6,1,572897,,,D7/F.1-3,64.26,94.38
play,6,1,502402,,,S7/G.2-H;3-H,82.33,123.49
play,6,1,573669,,,3/G,152.61,181.73
play,7,0,519345,,,7/F,71.29,116.47
play,7,0,594935,,,K
play,7,0,517424,,,4/P,138.55,169.68
play,7,1,502095,,,NP
sub,592786,Matthew Suschak,0,0,1
play,7,1,502095,,,S7/F,92.37,101.41
play,7,1,544938,,,S8/L.1-2,132.53,96.39
play,7,1,543317,,,34/SH.1-2;2-3,133.53,199.80
play,7,1,572284,,,IW
play,7,1,573153,,,S9/L.1-2;2-3;3-H,175.70,125.50
play,7,1,514914,,,D7/F.1-3;2-H;3-H,48.19,95.38
play,7,1,572897,,,8/SF.3-H,124.50,99.40
play,7,1,502402,,,53/G,104.42,179.72
play,8,0,594819,,,K23
play,8,0,592743,,,W
play,8,0,554239,,,K
play,8,0,594886,,,SB2
play,8,0,594886,,,K
play,8,1,573669,,,NP
sub,572911,Jamie Hayes,0,0,1
play,8,1,573669,,,23/BG,122.49,207.83
play,8,1,502095,,,6/P,110.44,166.67
play,8,1,544938,,,53/G,107.43,179.72
play,9,0,571599,,,NP
sub,595027,Michael Weldon,1,0,1
play,9,0,571599,,,8/F,134.54,90.36
play,9,0,594828,,,9/F,183.73,110.44
play,9,0,519345,,,K
id,KinAPP201008080
info,visteam,GreAPP
info,hometeam,KinAPP
info,date,2010/08/08
start,542165,Pedro Feliz,0,1,4
start,572938,Ryan Humphrey,0,2,8
start,455390,Jhonny Medrano,0,3,10
start,548300,Chris Wallace,0,4,2
start,595832,Marcus Nidiffer,0,5,3
start,571981,Telvin Nash,0,6,7
start,572995,Chris Lovett,0,7,5
start,516430,Emilio King,0,8,9
start,542605,Hector Rodriguez,0,9,6
start,595798,Ruben Alaniz,0,0,1
start,571724,Chase Greene,1,1,8
start,514914,Ray Van Gurp,1,2,4
start,573669,Aderlin Rodriguez,1,3,5
start,502095,Lucas Stewart,1,4,3
start,544938,Albert Cordero,1,5,10
start,573153,John Semel,1,6,9
start,572284,Nelfi Zapata,1,7,2
start,543317,Charles Hinojosa,1,8,7
start,541603,Ismael Tijerina,1,9,6
start,500783,Orlando Tovar,1,0,1
play,1,0,542165,,,13/G,137.55,176.71
play,1,0,572938,,,7/F,65.26,121.49
play,1,0,455390,,,K
play,1,1,571724,,,5/PF,97.39,166.67
play,1,1,514914,,,S8/G,153.61,101.41
play,1,1,573669,,,9/F,182.73,117.47
play,1,1,502095,,,CS2
play,2,0,548300,,,S7/L,81.33,137.55
play,2,0,595832,,,S7/L.1-2,73.29,127.51
play,2,0,571981,,,K
play,2,0,572995,,,K
play,2,0,516430,,,9/F,158.63,132.53
play,2,1,502095,,,43/G,126.51,181.73
play,2,1,544938,,,9/F,167.67,114.46
play,2,1,573153,,,63/G,99.40,173.69
play,3,0,542605,,,63/G,119.48,173.69
play,3,0,542165,,,43/G,132.53,153.61
play,3,0,572938,,,S5/G.B-3(E5/TH),102.41,174.70
play,3,0,455390,,,2/PF,116.47,187.75
play,3,1,572284,,,63/G,108.43,147.59
play,3,1,543317,,,53/G,107.43,165.66
play,3,1,541603,,,K
play,4,0,548300,,,1/L,110.44,189.76
play,4,0,595832,,,S8/G,108.43,148.59
play,4,0,571981,,,S8/G.1-2,127.51,129.52
play,4,0,572995,,,4/P,128.51,154.62
play,4,0,516430,,,K
play,4,1,571724,,,S6/G,98.39,157.63
play,4,1,514914,,,9/F,149.60,114.46
play,4,1,573669,,,HR/F.1-H,0.00,0.00
play,4,1,502095,,,K
play,4,1,544938,,,4/L,139.56,177.71
play,5,0,542605,,,K23
play,5,0,542165,,,S3/G,123.49,181.73
play,5,0,572938,,,K
play,5,0,455390,,,53/G,117.47,176.71
play,5,1,573153,,,S8/G,126.51,127.51
play,5,1,572284,,,WP.1-2
play,5,1,572284,,,8/F.2-3,128.51,137.55
play,5,1,543317,,,K
play,5,1,541603,,,S9/G.3-H,140.56,154.62
play,5,1,571724,,,S7/G.1-2,94.38,132.53
play,5,1,514914,,,WP.1-2;2-3
play,5,1,514914,,,63/G,107.43,177.71
play,6,0,548300,,,NP
sub,521609,Tony Feliz,1,0,1
play,6,0,548300,,,W
play,6,0,595832,,,HP.1-2
play,6,0,571981,,,S7/G.1-3;2-H,73.29,122.49
play,6,0,572995,,,NP
sub,451699,Richard Pena,1,0,1
play,6,0,572995,,,NP
sub,502316,Rafael Valenzuela,0,7,11
play,6,0,502316,,,64(1)3/GDP/G6.3-H,104.42,190.76
play,6,0,516430,,,K
play,6,1,573669,,,NP
sub,502316,Rafael Valenzuela,0,7,5
play,6,1,573669,,,K
play,6,1,502095,,,K
play,6,1,544938,,,4/L,146.59,173.69
play,7,0,542605,,,K
play,7,0,542165,,,K
play,7,0,572938,,,K
play,7,1,573153,,,NP
sub,595224,Paul Gerrish,0,0,1
play,7,1,573153,,,S6/G,109.44,174.70
play,7,1,572284,,,64(1)3/GDP/G6,101.41,184.74
play,7,1,543317,,,43/G,129.52,181.73
play,8,0,455390,,,NP
sub,502402,Brandon Brown,1,8,7
play,8,0,548300,,,NP
sub,595466,Steve Winnick,1,0,1
play,8,0,455390,,,53/G,109.44,173.69
play,8,0,548300,,,W
play,8,0,595832,,,WP.1-2
play,8,0,595832,,,63/G,102.41,168.67
play,8,0,571981,,,3/L,148.59,182.73
play,8,1,541603,,,63/G,106.43,168.67
play,8,1,571724,,,8/F,127.51,108.43
play,8,1,514914,,,S9/G,183.73,127.51
play,8,1,573669,,,63/G,108.43,169.68
play,9,0,502316,,,7/F,86.35,153.61
play,9,0,516430,,,NP
sub,504333,Carlos Mojica,0,8,11
play,9,0,504333,,,W
play,9,0,placeholder,,,NP
sub,595291,Bryce Lane,0,8,12
play,9,0,542605,,,NP
sub,595831,Jonathan Merritt,0,9,11
play,9,0,595831,,,3/G.1-2,146.59,178.71
play,9,0,542165,,,NP
sub,500767,Ricardo Garcia,0,1,11
play,9,0,500767,,,K
id,KinAPP201008090
info,visteam,PriAPP
info,hometeam,KinAPP
info,date,2010/08/09
start,595281,Kevin Kiermaier,0,1,9
start,571711,Todd Glaesmann,0,2,8
start,581660,Scott Lawson,0,3,5
start,572853,Bryan Fogle,0,4,10
start,517028,Cesar Guillen,0,5,7
start,553889,Hector Guevara,0,6,4
start,545349,Jeff Malm,0,7,3
start,517021,Gerardo Olivares,0,8,2
start,596335,Brian Harris,0,9,6
start,572015,Jacob Partridge,0,0,1
start,571724,Chase Greene,1,1,8
start,572897,ZeErika McQueen,1,2,7
start,573669,Aderlin Rodriguez,1,3,5
start,502095,Lucas Stewart,1,4,3
start,543710,Javier Rodriguez,1,5,9
start,544938,Albert Cordero,1,6,2
start,514914,Ray Van Gurp,1,7,4
start,573153,John Semel,1,8,10
start,502402,Brandon Brown,1,9,6
start,592560,Brett Mitchell,1,0,1
play,1,0,595281,,,43/G,137.55,171.69
play,1,0,571711,,,K
play,1,0,581660,,,D8/F,133.53,72.29
play,1,0,572853,,,E5/TH.2-H,100.40,183.73
play,1,0,517028,,,53/G,106.43,181.73
play,1,1,571724,,,W
play,1,1,572897,,,S6/G.1-2,114.46,165.66
play,1,1,573669,,,8/F.2-3,114.46,121.49
play,1,1,502095,,,S9/L.1X3;3-H,160.64,131.53
play,1,1,543710,,,D8/F.1-3,118.47,121.49
play,1,1,544938,,,63/G,106.43,172.69
play,2,0,553889,,,S8/L,126.51,129.52
play,2,0,545349,,,9/F,172.69,116.47
play,2,0,517021,,,D8/L.1-3,157.63,101.41
play,2,0,596335,,,63/G.2-3;3-H,113.45,161.65
play,2,0,595281,,,K
play,2,1,514914,,,E6/TH.B-2,106.43,164.66
play,2,1,573153,,,K
play,2,1,502402,,,D9/L.2-H,181.73,148.59
play,2,1,571724,,,7/F.2-3,58.23,124.50
play,2,1,572897,,,53/G,99.40,183.73
play,3,0,571711,,,T8/F,125.50,83.33
play,3,0,581660,,,S8/L.3-H,151.61,112.45
play,3,0,572853,,,46(1)3/GDP/G4,145.58,170.68
play,3,0,517028,,,9/F,178.71,134.54
play,3,1,573669,,,HR/F,35.14,79.32
play,3,1,502095,,,W
play,3,1,543710,,,E5.1-3,103.41,181.73
play,3,1,544938,,,S9/L.1-3;3-H,171.69,143.57
play,3,1,514914,,,2/PF,126.51,222.89
play,3,1,573153,,,9/F,172.69,124.50
play,3,1,502402,,,7/F,82.33,98.39
play,4,0,553889,,,NP
sub,572897,ZeErika McQueen,1,2,9
play,4,0,545349,,,NP
sub,541603,Ismael Tijerina,1,5,6
play,4,0,517021,,,NP
sub,502402,Brandon Brown,1,9,7
play,4,0,553889,,,3/PF,154.62,197.79
play,4,0,545349,,,31/G,144.58,180.72
play,4,0,517021,,,8/F,117.47,104.42
play,4,1,571724,,,NP
sub,517014,Victor Mateo,0,0,1
play,4,1,571724,,,K
play,4,1,572897,,,8/F,136.55,107.43
play,4,1,573669,,,K23
play,5,0,596335,,,W
play,5,0,595281,,,HP.1-2
play,5,0,571711,,,K
play,5,0,581660,,,NP
sub,542939,Peter Birdwell,1,0,1
play,5,0,581660,,,PB.1-2;2-3
play,5,0,581660,,,W
play,5,0,572853,,,D8/F.1-H;2-H;3-H,116.47,99.40
play,5,0,517028,,,S7/L.2-3,83.33,137.55
play,5,0,553889,,,46(1)3/GDP/G4,146.59,164.66
play,5,1,502095,,,3/G,147.59,174.70
play,5,1,541603,,,K
play,5,1,544938,,,W
play,5,1,514914,,,K
play,6,0,545349,,,D7/L,43.17,127.51
play,6,0,517021,,,K
play,6,0,596335,,,FC6.2X3(65),112.45,172.69
play,6,0,595281,,,63/G,104.42,169.68
play,6,1,573153,,,9/F,187.75,119.48
play,6,1,502402,,,63/G,107.43,165.66
play,6,1,571724,,,63/G,105.42,166.67
play,7,0,571711,,,NP
sub,595152,Hunter Carnevale,1,0,1
play,7,0,571711,,,53/G,99.40,182.73
play,7,0,581660,,,7/F,79.32,118.47
play,7,0,572853,,,K23
play,7,1,572897,,,W
play,7,1,573669,,,WP.1-2
play,7,1,573669,,,S7/L.2-3,79.32,137.55
play,7,1,502095,,,E3/TH.1-3;3-H,147.59,179.72
play,7,1,541603,,,S7/L.1-2;3-H,108.43,140.56
play,7,1,544938,,,5(1)4/G5/GDP.B-1,101.41,179.72
play,7,1,514914,,,53/G,107.43,178.71
play,8,0,517028,,,D9/L,175.70,139.56
play,8,0,553889,,,8/F.2X3(85),113.45,122.49
play,8,0,545349,,,3/G,151.61,183.73
play,8,1,573153,,,43/G,148.59,157.63
play,8,1,502402,,,7/F,63.25,105.42
play,8,1,571724,,,S8/L,127.51,106.43
play,8,1,572897,,,SB2
play,8,1,572897,,,W
play,8,1,573669,,,NP
sub,592677,C. J. Riefenhauser,0,0,1
play,8,1,573669,,,D7/L.1-H;2-H,61.24,124.50
play,8,1,502095,,,63/G,110.44,163.65
play,9,0,517021,,,NP
sub,595027,Michael Weldon,1,0,1
play,9,0,517021,,,S9/L,145.58,176.71
play,9,0,596335,,,NP
sub,596313,Kyle Holloway,0,9,11
play,9,0,595281,,,PO1(E?).1-2
play,9,0,596313,,,K
play,9,0,595281,,,63/G.2-3,107.43,160.64
play,9,0,571711,,,OA.3XH(21)
id,KinAPP201008100
info,visteam,PriAPP
info,hometeam,KinAPP
info,date,2010/08/10
start,595281,Kevin Kiermaier,0,1,8
start,571711,Todd Glaesmann,0,2,9
start,581660,Scott Lawson,0,3,5
start,572853,Bryan Fogle,0,4,10
start,596313,Kyle Holloway,0,5,2
start,553889,Hector Guevara,0,6,4
start,545349,Jeff Malm,0,7,3
start,517028,Cesar Guillen,0,8,7
start,541653,Felix Gonzalez,0,9,6
start,544836,Enny Romero,0,0,1
start,571724,Chase Greene,1,1,8
start,502402,Brandon Brown,1,2,3
start,572897,ZeErika McQueen,1,3,7
start,573669,Aderlin Rodriguez,1,4,5
start,544938,Albert Cordero,1,5,2
start,514914,Ray Van Gurp,1,6,4
start,502799,Taylor Freeman,1,7,10
start,573153,John Semel,1,8,9
start,541603,Ismael Tijerina,1,9,6
start,502022,Zachary Von Tersch,1,0,1
play,1,0,595281,,,HR/F,200.80,69.28
play,1,0,571711,,,13/G,113.45,188.76
play,1,0,581660,,,T9/G,183.73,116.47
play,1,0,572853,,,S9/L.3-H,174.70,121.49
play,1,0,596313,,,43/G.1-2,142.57,166.67
play,1,0,553889,,,43/G,132.53,174.70
play,1,1,571724,,,63/G,104.42,171.69
play,1,1,502402,,,6/P,98.39,169.68
play,1,1,572897,,,53/G,111.45,184.74
play,2,0,545349,,,7/F,64.26,120.48
play,2,0,517028,,,K
play,2,0,541653,,,S8/G,127.51,112.45
play,2,0,595281,,,S1/BG.1-2,126.51,191.77
play,2,0,571711,,,K
play,2,1,573669,,,13/G,122.49,188.76
play,2,1,544938,,,S7/G,52.21,109.44
play,2,1,514914,,,K
play,2,1,502799,,,S7/G.1-2,70.28,124.50
play,2,1,573153,,,K
play,3,0,581660,,,6/P,112.45,170.68
play,3,0,572853,,,6/P,106.43,175.70
play,3,0,596313,,,HP
play,3,0,553889,,,FC6/G.1X2(64),109.44,169.68
play,3,1,541603,,,K
play,3,1,571724,,,43/G,139.56,173.69
play,3,1,502402,,,8/F,115.46,113.45
play,4,0,545349,,,NP
sub,541596,Jhonathan Torres,1,0,1
play,4,0,545349,,,43/G,140.56,174.70
play,4,0,517028,,,4/P,137.55,172.69
play,4,0,541653,,,S9/G,176.71,113.45
play,4,0,595281,,,SB2
play,4,0,595281,,,43/G,141.57,172.69
play,4,1,572897,,,S8/G,121.49,107.43
play,4,1,573669,,,CS2
play,4,1,573669,,,4/P,134.54,171.69
play,4,1,544938,,,53/G,103.41,176.71
play,5,0,571711,,,NP
sub,597972,Chase Hutchingson,1,0,1
play,5,0,571711,,,K+PB.B-1
play,5,0,581660,,,S8/G.1-2,130.52,106.43
play,5,0,572853,,,WP.1-2;2-3
play,5,0,572853,,,3/P,140.56,179.72
play,5,0,596313,,,8/SF.3-H,119.48,77.31
play,5,0,553889,,,K
play,5,1,514914,,,W
play,5,1,502799,,,K
play,5,1,573153,,,S9/G.1-2,185.74,121.49
play,5,1,541603,,,S9/G.1-2;2-3,156.63,99.40
play,5,1,571724,,,FC6/G.1X2(64);2-3;3-H;B-1,107.43,170.68
play,5,1,502402,,,7/F,70.28,113.45
play,6,0,545349,,,NP
sub,572831,Josh Edgin,1,0,1
play,6,0,545349,,,K
play,6,0,517028,,,S8/G,105.42,109.44
play,6,0,541653,,,CS2
play,6,0,541653,,,E3,141.57,179.72
play,6,0,595281,,,SB2
play,6,0,595281,,,E6.2-H,113.45,171.69
play,6,0,571711,,,S9/G.1-3,180.72,132.53
play,6,0,581660,,,SB2
play,6,0,581660,,,S9/G.2-H;3-H;B-2,180.72,123.49
play,6,0,572853,,,S8/G.2-H,119.48,115.46
play,6,0,596313,,,BK.1-2
play,6,0,596313,,,K
play,6,1,572897,,,NP
sub,596333,Matthew Gilson,0,0,1
play,6,1,572897,,,S9/G,176.71,153.61
play,6,1,573669,,,64(1)3/GDP/G6,89.36,180.72
play,6,1,544938,,,D8/F,119.48,103.41
play,6,1,514914,,,S7/G.2-H;B-2(E7),65.26,122.49
play,6,1,502799,,,K
play,7,0,553889,,,7/F,67.27,110.44
play,7,0,545349,,,5/P,98.39,174.70
play,7,0,517028,,,W
play,7,0,541653,,,K
play,7,1,573153,,,NP
sub,596335,Brian Harris,0,3,5
play,7,1,541603,,,NP
sub,572874,Geno Glynn,0,7,3
play,7,1,573153,,,K
play,7,1,541603,,,53/G,108.43,171.69
play,7,1,571724,,,43/G,132.53,173.69
play,8,0,595281,,,NP
sub,571560,T. J. Chism,1,0,1
play,8,0,595281,,,S4/G,143.57,186.75
play,8,0,571711,,,63/G.1-2,108.43,169.68
play,8,0,596335,,,K
play,8,0,572853,,,NP
sub,541660,Alejandro Segovia,0,4,11
play,8,0,541660,,,63/G,115.46,165.66
play,8,1,502402,,,NP
sub,541660,Alejandro Segovia,0,4,10
play,8,1,502402,,,K
play,8,1,572897,,,8/F,129.52,84.34
play,8,1,573669,,,S8/G,122.49,111.45
play,8,1,544938,,,4/L,135.54,174.70
play,9,0,596313,,,8/F,139.56,93.37
play,9,0,553889,,,8/F,112.45,85.34
play,9,0,572874,,,K
play,9,1,514914,,,K
play,9,1,502799,,,S9/G,172.69,120.48
play,9,1,573153,,,8/F,123.49,94.38
play,9,1,541603,,,13/G,122.49,175.70
id,KinAPP201008110
info,visteam,PriAPP
info,hometeam,KinAPP
info,date,2010/08/11
start,595281,Kevin Kiermaier,0,1,9
start,571711,Todd Glaesmann,0,2,8
start,581660,Scott Lawson,0,3,5
start,501675,Ruben Contreras,0,4,10
start,517028,Cesar Guillen,0,5,7
start,553889,Hector Guevara,0,6,4
start,545349,Jeff Malm,0,7,3
start,517021,Gerardo Olivares,0,8,2
start,541653,Felix Gonzalez,0,9,6
start,542316,Braulio Lara,0,0,1
start,571724,Chase Greene,1,1,8
start,572897,ZeErika McQueen,1,2,7
start,573669,Aderlin Rodriguez,1,3,5
start,502095,Lucas Stewart,1,4,3
start,544938,Albert Cordero,1,5,10
start,514914,Ray Van Gurp,1,6,4
start,573153,John Semel,1,7,9
start,502799,Taylor Freeman,1,8,2
start,541603,Ismael Tijerina,1,9,6
start,514897,Eduardo Aldama,1,0,1
play,1,0,595281,,,D9/L,233.94,246.99
play,1,0,571711,,,D7/F.2-H,86.35,99.40
play,1,0,581660,,,7/F,72.29,131.53
play,1,0,501675,,,HR/F.2-H,198.80,65.26
play,1,0,517028,,,53/G,110.44,171.69
play,1,0,553889,,,K
play,1,1,571724,,,K
play,1,1,572897,,,K23
play,1,1,573669,,,S6/G,106.43,166.67
play,1,1,502095,,,W.1-2
play,1,1,544938,,,9/F,167.67,126.51
play,2,0,545349,,,9/F,185.74,126.51
play,2,0,517021,,,D9/F,189.76,128.51
play,2,0,541653,,,T9/L.2-H,184.74,123.49
play,2,0,595281,,,E4.3-H,136.55,171.69
play,2,0,571711,,,53/G.1-2,97.39,179.72
play,2,0,581660,,,K
play,2,1,514914,,,9/F,178.71,125.50
play,2,1,573153,,,13/G,123.49,189.76
play,2,1,502799,,,43/G,147.59,171.69
play,3,0,501675,,,K23
play,3,0,517028,,,T8/F,92.37,85.34
play,3,0,553889,,,8/SF.3-H,119.48,88.35
play,3,0,545349,,,S9/F,177.71,128.51
play,3,0,517021,,,FC5/G.1X2(54),101.41,181.73
play,3,1,541603,,,K
play,3,1,571724,,,53/G,110.44,175.70
play,3,1,572897,,,K
play,4,0,541653,,,K
play,4,0,595281,,,K
play,4,0,571711,,,K
play,4,1,573669,,,S6/G.B-2(E6/TH),111.45,159.64
play,4,1,502095,,,S8/F.2-3,124.50,116.47
play,4,1,544938,,,WP.1-2
play,4,1,544938,,,K
play,4,1,514914,,,63/G.3-H,111.45,170.68
play,4,1,573153,,,S1/G.2-3,111.45,164.66
play,4,1,502799,,,W.1-2
play,4,1,541603,,,W.1-2;2-3;3-H
play,4,1,571724,,,NP
sub,592434,George Jensen,0,0,1
play,4,1,571724,,,43/G,137.55,168.67
play,5,0,581660,,,S7/F,80.32,134.54
play,5,0,501675,,,8/F,134.54,109.44
play,5,0,517028,,,53/G.1-2,103.41,182.73
play,5,0,553889,,,D7/F.2-H,69.28,133.53
play,5,0,545349,,,WP.2-3
play,5,0,545349,,,31/G,153.61,174.70
play,5,1,572897,,,K
play,5,1,573669,,,9/F,171.69,128.51
play,5,1,502095,,,D7/L,76.31,123.49
play,5,1,544938,,,K
play,6,0,517021,,,NP
sub,451699,Richard Pena,1,0,1
play,6,0,517021,,,K
play,6,0,541653,,,HR/F,206.83,64.26
play,6,0,595281,,,W
play,6,0,571711,,,SB2
play,6,0,571711,,,S9/F.2-H;BX2(963),167.67,133.53
play,6,0,581660,,,S8/F,133.53,103.41
play,6,0,501675,,,43/G,133.53,170.68
play,6,1,514914,,,13/G,123.49,189.76
play,6,1,573153,,,D8/L,122.49,107.43
play,6,1,502799,,,7/F,69.28,121.49
play,6,1,541603,,,D7/L.2-H,74.30,135.54
play,6,1,571724,,,E5.2-3,101.41,185.74
play,6,1,572897,,,D7/L.1-3;3-H,69.28,120.48
play,6,1,573669,,,6/P,104.42,177.71
play,7,0,517028,,,63/G,103.41,165.66
play,7,0,553889,,,9/F,184.74,127.51
play,7,0,545349,,,K
play,7,1,502095,,,E4,138.55,165.66
play,7,1,544938,,,WP.1-2
play,7,1,544938,,,K
play,7,1,514914,,,9/F,157.63,139.56
play,7,1,573153,,,WP.2-3
play,7,1,573153,,,W
play,7,1,502799,,,NP
sub,597151,Justin Hall,0,0,1
play,7,1,502799,,,K
play,8,0,517021,,,K
play,8,0,541653,,,NP
sub,541660,Alejandro Segovia,0,9,11
play,8,0,541660,,,4/P,132.53,166.67
play,8,0,595281,,,S3/G,106.43,185.74
play,8,0,571711,,,63/G,103.41,170.68
play,8,1,541603,,,NP
sub,596335,Brian Harris,0,9,6
play,8,1,541603,,,13/G,128.51,190.76
play,8,1,571724,,,S9/G,187.75,126.51
play,8,1,572897,,,FC1/G.1X2(16);B-1,121.49,191.77
play,8,1,573669,,,K
play,9,0,581660,,,NP
sub,542939,Peter Birdwell,1,0,1
play,9,0,581660,,,W
play,9,0,501675,,,46(1)3/GDP/G4,141.57,167.67
play,9,0,517028,,,W
play,9,0,553889,,,FC6/G.1X2(64),105.42,162.65
play,9,1,502095,,,K
play,9,1,544938,,,3/P,151.61,183.73
play,9,1,514914,,,S7/G,83.33,132.53
play,9,1,573153,,,K
id,KinAPP201008150
info,visteam,BriAPP
info,hometeam,KinAPP
info,date,2010/08/15
start,543388,Jordan Keegan,0,1,7
start,596881,Qualon Millender,0,2,8
start,594895,Drew Lee,0,3,10
start,542941,Daniel Black,0,4,3
start,572794,Robert Cummings,0,5,5
start,592715,Bradley Salgado,0,6,6
start,596880,J. D. Ashbrook,0,7,9
start,594948,Sean O'Connell,0,8,2
start,595033,Ethan Wilson,0,9,4
start,518457,Josh Billeaud,0,0,1
start,571724,Chase Greene,1,1,8
start,514914,Ray Van Gurp,1,2,4
start,573669,Aderlin Rodriguez,1,3,5
start,502095,Lucas Stewart,1,4,3
start,572897,ZeErika McQueen,1,5,7
start,544938,Albert Cordero,1,6,2
start,572284,Nelfi Zapata,1,7,10
start,543317,Charles Hinojosa,1,8,9
start,541603,Ismael Tijerina,1,9,6
start,500783,Orlando Tovar,1,0,1
play,1,0,543388,,,K
play,1,0,596881,,,43/G,135.54,158.63
play,1,0,594895,,,8/F,116.47,75.30
play,1,1,571724,,,HP
play,1,1,514914,,,SB2
play,1,1,514914,,,HP
play,1,1,573669,,,PB.1-2;2-3
play,1,1,573669,,,FC5.3XH(52),98.39,183.73
play,1,1,502095,,,43/G.1-2;2-3,141.57,167.67
play,1,1,572897,,,K
play,2,0,542941,,,K
play,2,0,572794,,,K
play,2,0,592715,,,13/G,123.49,187.75
play,2,1,544938,,,E5,105.42,169.68
play,2,1,572284,,,64(1)3/GDP/G6,113.45,151.61
play,2,1,543317,,,63/G,113.45,159.64
play,3,0,596880,,,S7/G,69.28,100.40
play,3,0,594948,,,K
play,3,0,595033,,,S7/G.1-2,86.35,96.39
play,3,0,543388,,,K
play,3,0,596881,,,FC6/G.1X2(64),126.51,155.62
play,3,1,541603,,,63/G,106.43,152.61
play,3,1,571724,,,S9/L,151.61,97.39
play,3,1,514914,,,64(1)3/GDP/G6,102.41,155.62
play,4,0,594895,,,63/G,124.50,150.60
play,4,0,542941,,,K
play,4,0,572794,,,K
play,4,1,573669,,,S8/F,129.52,97.39
play,4,1,502095,,,DGR/F8.1-3,138.55,28.11
play,4,1,572897,,,63/G.2-3;3-H,117.47,155.62
play,4,1,544938,,,9/SF.3-H,164.66,74.30
play,4,1,572284,,,63/G,117.47,146.59
play,5,0,592715,,,S7/L,49.20,104.42
play,5,0,596880,,,46(1)3/GDP/G4,143.57,152.61
play,5,0,594948,,,S8/F,106.43,84.34
play,5,0,595033,,,7/F,60.24,85.34
play,5,1,543317,,,NP
sub,572944,Ethan Icard,0,0,1
play,5,1,543317,,,K
play,5,1,541603,,,W
play,5,1,571724,,,64(1)3/GDP/G6,111.45,153.61
play,6,0,543388,,,NP
sub,572831,Josh Edgin,1,0,1
play,6,0,543388,,,S7/G.BX2(74),66.27,97.39
play,6,0,596881,,,3/G,140.56,162.65
play,6,0,594895,,,43/G,136.55,150.60
play,6,1,514914,,,8/F,132.53,71.29
play,6,1,573669,,,D9/F,164.66,95.38
play,6,1,502095,,,W+PB.2-3
play,6,1,572897,,,FC4/G.1X2(46);3-H;B-1,139.56,158.63
play,6,1,544938,,,FC6/G.1X2(64),103.41,157.63
play,7,0,542941,,,13/G,130.52,190.76
play,7,0,572794,,,63/G,106.43,156.63
play,7,0,592715,,,K
play,7,1,572284,,,NP
sub,595364,Samuel Phippen,0,0,1
play,7,1,572284,,,W
play,7,1,543317,,,K
play,7,1,541603,,,3/G.1-2,158.63,172.69
play,7,1,571724,,,43/G,137.55,153.61
play,8,0,596880,,,HP
play,8,0,594948,,,K+SB2
play,8,0,595033,,,3/G.2-3,150.60,162.65
play,8,0,543388,,,D7/G.3-H,61.24,101.41
play,8,0,596881,,,4/P,138.55,151.61
play,8,1,514914,,,NP
sub,572837,Austin Evans,0,0,1
play,8,1,514914,,,W
play,8,1,573669,,,WP.1-2
play,8,1,573669,,,S8/L.2-H,117.47,91.37
play,8,1,502095,,,8/F,137.55,78.31
play,8,1,572897,,,K+SB2
play,8,1,544938,,,9/F,167.67,85.34
play,9,0,594895,,,NP
sub,595027,Michael Weldon,1,0,1
play,9,0,594895,,,W
play,9,0,542941,,,W.1-2
play,9,0,572794,,,S8/F.1-3;2-H,118.47,82.33
play,9,0,592715,,,W.1-2
play,9,0,596880,,,NP
sub,571560,T. J. Chism,1,0,1
play,9,0,596880,,,D8/F.1-H;2-H;3-H,114.46,56.22
play,9,0,594948,,,NP
sub,592660,Rangel Ravelo,0,8,11
play,9,0,592660,,,13/G,128.51,185.74
play,9,0,595033,,,1/L,132.53,191.77
play,9,0,543388,,,43/G,138.55,157.63
play,9,1,572284,,,NP
sub,555543,Chase Blackwood,0,8,2
play,9,1,543317,,,NP
sub,519170,Kevin Rath,0,0,1
play,9,1,572284,,,31/G,134.54,165.66
play,9,1,543317,,,K
play,9,1,541603,,,W
play,9,1,571724,,,K
id,KinAPP201008160
info,visteam,BriAPP
info,hometeam,KinAPP
info,date,2010/08/16
start,543388,Jordan Keegan,0,1,7
start,596881,Qualon Millender,0,2,8
start,594895,Drew Lee,0,3,6
start,542941,Daniel Black,0,4,3
start,500875,Jeffer Patino,0,5,4
start,592660,Rangel Ravelo,0,6,5
start,594990,Michael Schwartz,0,7,10
start,555543,Chase Blackwood,0,8,2
start,596882,Marcus Spencer,0,9,9
start,542890,Spencer Arroyo,0,0,1
start,571724,Chase Greene,1,1,7
start,514914,Ray Van Gurp,1,2,4
start,573669,Aderlin Rodriguez,1,3,5
start,502095,Lucas Stewart,1,4,3
start,572897,ZeErika McQueen,1,5,8
start,544938,Albert Cordero,1,6,10
start,572284,Nelfi Zapata,1,7,2
start,573153,John Semel,1,8,9
start,502402,Brandon Brown,1,9,6
start,502022,Zachary Von Tersch,1,0,1
play,1,0,543388,,,E4,101.41,181.73
play,1,0,596881,,,1/P,130.52,185.74
play,1,0,594895,,,HR/F.1-H,175.70,68.27
play,1,0,542941,,,HR/F,122.49,46.18
play,1,0,500875,,,K
play,1,0,592660,,,W
play,1,0,594990,,,W.1-2
play,1,0,555543,,,3/PF,145.58,180.72
play,1,1,571724,,,9/F,161.65,132.53
play,1,1,514914,,,S8/G,125.50,124.50
play,1,1,placeholder,,,NP
sub,541603,Ismael Tijerina,1,2,12
play,1,1,573669,,,36(1)1/GDP/G3,140.56,187.75
play,2,0,placeholder,,,NP
sub,541603,Ismael Tijerina,1,2,4
play,2,0,596882,,,K
play,2,0,543388,,,HR/F,151.61,119.48
play,2,0,596881,,,K
play,2,0,594895,,,HR/F,201.81,94.38
play,2,0,542941,,,K23
play,2,1,502095,,,4/P,135.54,172.69
play,2,1,572897,,,8/F,128.51,119.48
play,2,1,544938,,,43/G,149.60,170.68
play,3,0,500875,,,S9/G,151.61,146.59
play,3,0,592660,,,7/F,80.32,127.51
play,3,0,594990,,,3/G.1-2,135.54,181.73
play,3,0,555543,,,WP.2-3
play,3,0,555543,,,K
play,3,1,572284,,,HR/F,45.18,88.35
play,3,1,573153,,,K
play,3,1,502402,,,S7/G,67.27,121.49
play,3,1,571724,,,FC4/G.1X2(46);B-1,141.57,173.69
play,3,1,541603,,,POCS2(136)
play,4,0,596882,,,HR/F,62.25,101.41
play,4,0,543388,,,W
play,4,0,596881,,,WP.1-2
play,4,0,596881,,,S2/BG.2-3,113.45,179.72
play,4,0,594895,,,WP.1-2;3-H
play,4,0,594895,,,K
play,4,0,542941,,,NP
sub,542939,Peter Birdwell,1,0,1
play,4,0,542941,,,W
play,4,0,500875,,,54(1)3/GDP/G5,107.43,182.73
play,4,1,541603,,,K
play,4,1,573669,,,S9/G,163.65,137.55
play,4,1,502095,,,K
play,4,1,572897,,,S9/G.1-2,161.65,133.53
play,4,1,544938,,,8/F,133.53,122.49
play,5,0,592660,,,43/G,121.49,184.74
play,5,0,594990,,,D7/G,68.27,134.54
play,5,0,555543,,,53/G,108.43,176.71
play,5,0,596882,,,K
play,5,1,572284,,,K
play,5,1,573153,,,3/G,126.51,173.69
play,5,1,502402,,,K
play,6,0,543388,,,S9/L,153.61,125.50
play,6,0,596881,,,5/L.1-2(E5)(E5/TH),120.48,175.70
play,6,0,594895,,,6/P,109.44,165.66
play,6,0,542941,,,K
play,6,1,571724,,,9/F,157.63,126.51
play,6,1,541603,,,53/G,104.42,176.71
play,6,1,573669,,,9/F,156.63,136.55
play,7,0,500875,,,K
play,7,0,592660,,,13/G,123.49,189.76
play,7,0,594990,,,S9/F,163.65,122.49
play,7,0,555543,,,K
play,7,1,502095,,,NP
sub,598718,Terance Marin,0,0,1
play,7,1,502095,,,D8/L.B-3(E8),79.32,137.55
play,7,1,572897,,,53/G,168.67,128.51
play,7,1,544938,,,53/G.3-H,115.46,167.67
play,7,1,572284,,,9/F,161.65,141.57
play,8,0,596882,,,NP
sub,451699,Richard Pena,1,0,1
play,8,0,596882,,,53/G,103.41,173.69
play,8,0,543388,,,S7/G,85.34,135.54
play,8,0,596881,,,K
play,8,0,594895,,,S9/L.1-2,165.66,129.52
play,8,0,542941,,,3/G,147.59,173.69
play,8,1,573153,,,43/G,129.52,181.73
play,8,1,502402,,,9/F,187.75,144.58
play,8,1,571724,,,K
play,9,0,500875,,,K
play,9,0,592660,,,6/L,102.41,176.71
play,9,0,594990,,,DGR/F7,114.46,170.68
play,9,0,555543,,,HP
play,9,0,596882,,,7/F,80.32,133.53
play,9,1,541603,,,NP
sub,562366,Richard Marshall,0,0,1
play,9,1,541603,,,63/G,95.38,174.70
play,9,1,573669,,,K
play,9,1,502095,,,43/G,150.60,168.67
id,KinAPP201008250
info,visteam,BurAPP
info,hometeam,KinAPP
info,date,2010/08/25
start,542371,Luis Piterson,0,1,10
start,594900,Michael Liberto,0,2,6
start,573183,Ryan Stovall,0,3,4
start,571461,Geoffrey Baldwin,0,4,3
start,524188,Yunior Figueroa,0,5,5
start,543454,Alex Llanos,0,6,8
start,572935,Anthony Howard,0,7,9
start,542503,Edul Escobar,0,8,2
start,519214,Derek Rodriguez,0,9,7
start,572137,Crawford Simmons,0,0,1
start,571724,Chase Greene,1,1,8
start,514914,Ray Van Gurp,1,2,4
start,573669,Aderlin Rodriguez,1,3,5
start,502095,Lucas Stewart,1,4,3
start,544938,Albert Cordero,1,5,10
start,572284,Nelfi Zapata,1,6,2
start,573153,John Semel,1,7,9
start,543317,Charles Hinojosa,1,8,7
start,541603,Ismael Tijerina,1,9,6
start,570664,Carlos Vazquez,1,0,1
play,1,0,542371,,,9/F,171.69,135.54
play,1,0,594900,,,53/G,111.45,187.75
play,1,0,573183,,,K
play,1,1,571724,,,9/F,169.68,144.58
play,1,1,514914,,,K
play,1,1,573669,,,3/PF,145.58,204.82
play,2,0,571461,,,S9/G,169.68,143.57
play,2,0,524188,,,HR/F.1-H,33.13,80.32
play,2,0,543454,,,9/F,160.64,139.56
play,2,0,572935,,,4/P,146.59,155.62
play,2,0,542503,,,53/G,107.43,186.75
play,2,1,502095,,,4/P,140.56,152.61
play,2,1,544938,,,D9/F,171.69,137.55
play,2,1,572284,,,4/L,133.53,171.69
play,2,1,573153,,,K
play,3,0,519214,,,8/F,136.55,103.41
play,3,0,542371,,,9/F,165.66,122.49
play,3,0,594900,,,K
play,3,1,543317,,,63/G,115.46,171.69
play,3,1,541603,,,63/G,113.45,170.68
play,3,1,571724,,,63/G,117.47,169.68
play,4,0,573183,,,7/F,64.26,128.51
play,4,0,571461,,,8/F,135.54,114.46
play,4,0,524188,,,63/G,117.47,168.67
play,4,1,514914,,,3/G,141.57,184.74
play,4,1,573669,,,K
play,4,1,502095,,,43/G,132.53,171.69
play,5,0,543454,,,K
play,5,0,572935,,,5/PF,93.37,195.78
play,5,0,542503,,,6/P,113.45,156.63
play,5,1,544938,,,S8/G,121.49,137.55
play,5,1,572284,,,9/F,168.67,140.56
play,5,1,573153,,,W.1-2
play,5,1,543317,,,S7/L.1-2;2-3,88.35,144.58
play,5,1,541603,,,9/SF.2-3;3-H,178.71,136.55
play,5,1,571724,,,2/G(BATINT),127.51,203.82
play,6,0,519214,,,53/G,108.43,184.74
play,6,0,542371,,,63/G,116.47,165.66
play,6,0,594900,,,63/G,118.47,170.68
play,6,1,514914,,,3/P,136.55,195.78
play,6,1,573669,,,3/P,141.57,181.73
play,6,1,502095,,,K23
play,7,0,573183,,,NP
sub,595466,Steve Winnick,1,0,1
play,7,0,573183,,,8/F,124.50,109.44
play,7,0,571461,,,63/G,119.48,166.67
play,7,0,524188,,,13/G,123.49,199.80
play,7,1,544938,,,NP
sub,595300,Cole Lohden,0,0,1
play,7,1,544938,,,63/G,116.47,171.69
play,7,1,572284,,,HP
play,7,1,573153,,,S7/L.1-2,88.35,144.58
play,7,1,543317,,,K
play,7,1,541603,,,W.1-2;2-3
play,7,1,571724,,,K
play,8,0,543454,,,S9/L,159.64,150.60
play,8,0,572935,,,SB2
play,8,0,572935,,,K+CS3
play,8,0,542503,,,8/F,132.53,108.43
play,8,1,514914,,,S8/G,120.48,133.53
play,8,1,573669,,,9/F,182.73,137.55
play,8,1,502095,,,PO1(E?).1-2
play,8,1,502095,,,K
play,8,1,544938,,,WP.2-3
play,8,1,544938,,,T8/F.3-H,108.43,70.28
play,8,1,572284,,,W
play,8,1,573153,,,S8/F.1-H;3-H;B-3,130.52,134.54
play,8,1,543317,,,NP
sub,572708,Claudio Bavera,0,0,1
play,8,1,543317,,,S6/G.3-H;B-2(E6/TH),117.47,166.67
play,8,1,541603,,,9/F,177.71,144.58
play,9,0,519214,,,NP
sub,572831,Josh Edgin,1,0,1
play,9,0,519214,,,W
play,9,0,542371,,,13/G.1-2,124.50,193.78
play,9,0,594900,,,43/G.2-3,135.54,172.69
play,9,0,573183,,,43/G,140.56,170.68
id,KinAPP201008260
info,visteam,BurAPP
info,hometeam,KinAPP
info,date,2010/08/26
start,519214,Derek Rodriguez,0,1,9
start,594900,Michael Liberto,0,2,6
start,573183,Ryan Stovall,0,3,4
start,571461,Geoffrey Baldwin,0,4,3
start,524188,Yunior Figueroa,0,5,5
start,543454,Alex Llanos,0,6,8
start,573001,Gabe MacDougall,0,7,7
start,595379,Drew Robertson,0,8,10
start,542503,Edul Escobar,0,9,2
start,521835,Leonel Santiago,0,0,1
start,571724,Chase Greene,1,1,8
start,502402,Brandon Brown,1,2,6
start,573669,Aderlin Rodriguez,1,3,5
start,502095,Lucas Stewart,1,4,3
start,572897,ZeErika McQueen,1,5,7
start,544938,Albert Cordero,1,6,2
start,572284,Nelfi Zapata,1,7,10
start,543317,Charles Hinojosa,1,8,9
start,541603,Ismael Tijerina,1,9,4
start,543290,Michael Hebert,1,0,1
play,1,0,519214,,,E6,113.45,171.69
play,1,0,594900,,,6/P,111.45,161.65
play,1,0,573183,,,E6/TH.1-3,107.43,159.64
play,1,0,571461,,,S9/L.1-2;3-H,181.73,131.53
play,1,0,524188,,,D7/L.1-3;2-H,40.16,116.47
play,1,0,543454,,,S9/L.2-H;3-H,202.81,126.51
play,1,0,573001,,,SB2
play,1,0,573001,,,63/G.2-3,111.45,170.68
play,1,0,595379,,,S8/L.3-H,124.50,112.45
play,1,0,542503,,,K
play,1,1,571724,,,S7/G,69.28,119.48
play,1,1,502402,,,64(1)3/GDP/G6,111.45,166.67
play,1,1,573669,,,S7/G,68.27,126.51
play,1,1,502095,,,K
play,2,0,519214,,,K
play,2,0,594900,,,K
play,2,0,573183,,,W
play,2,0,571461,,,FC6/G.1X2(6),118.47,169.68
play,2,1,572897,,,K
play,2,1,544938,,,HR/F,40.16,70.28
play,2,1,572284,,,8/F,133.53,64.26
play,2,1,543317,,,E4,145.58,171.69
play,2,1,541603,,,9/F,164.66,108.43
play,3,0,524188,,,3/G,147.59,183.73
play,3,0,543454,,,W
play,3,0,573001,,,K
play,3,0,595379,,,9/F,172.69,110.44
play,3,1,571724,,,D7/F,48.19,120.48
play,3,1,502402,,,9/FF,193.78,148.59
play,3,1,573669,,,8/F,98.39,75.30
play,3,1,502095,,,K
play,4,0,542503,,,53/G,101.41,185.74
play,4,0,519214,,,K23
play,4,0,594900,,,4/P,137.55,164.66
play,4,1,572897,,,K
play,4,1,544938,,,63/G,114.46,168.67
play,4,1,572284,,,S7/L,66.27,125.50
play,4,1,543317,,,K
play,5,0,573183,,,9/F,181.73,119.48
play,5,0,571461,,,K23
play,5,0,524188,,,5/PF,90.36,194.78
play,5,1,541603,,,7/F,71.29,111.45
play,5,1,571724,,,53/G,104.42,188.76
play,5,1,502402,,,S7/L,65.26,115.46
play,5,1,573669,,,D9/F.1-H;B-3(E4/TH),223.90,116.47
play,5,1,502095,,,WP.3-H
play,5,1,502095,,,D3/L,149.60,180.72
play,5,1,572897,,,K
play,6,0,543454,,,S2/BG,132.53,202.81
play,6,0,573001,,,CS2
play,6,0,573001,,,7/F,65.26,101.41
play,6,0,595379,,,W
play,6,0,542503,,,D9/F.1-H,207.83,116.47
play,6,0,519214,,,K
play,6,1,544938,,,S9/L,186.75,120.48
play,6,1,572284,,,8/F,116.47,83.33
play,6,1,543317,,,4/L,139.56,164.66
play,6,1,541603,,,63/G,112.45,171.69
play,7,0,594900,,,NP
sub,595152,Hunter Carnevale,1,0,1
play,7,0,594900,,,K
play,7,0,573183,,,S7/G,77.31,123.49
play,7,0,571461,,,W.1-2
play,7,0,524188,,,3(B)3()/LDP,147.59,183.73
play,7,1,571724,,,3/G,145.58,183.73
play,7,1,502402,,,W
play,7,1,573669,,,NP
sub,502719,J. Leaper,0,0,1
play,7,1,573669,,,SB2
play,7,1,573669,,,S7/L.2-H;BX2(764),54.22,117.47
play,7,1,502095,,,63/G,108.43,171.69
play,8,0,543454,,,T9/F,215.86,105.42
play,8,0,573001,,,53/G,105.42,186.75
play,8,0,595379,,,W
play,8,0,542503,,,13/SH.1-2,121.49,202.81
play,8,0,519214,,,63/G,114.46,170.68
play,8,1,572897,,,63/G,120.48,169.68
play,8,1,544938,,,63/G,116.47,173.69
play,8,1,572284,,,S8/L,115.46,104.42
play,8,1,543317,,,K.1-3;B-2(E1/TH)
play,8,1,541603,,,53/G,104.42,182.73
play,9,0,594900,,,S8/F,148.59,99.40
play,9,0,573183,,,6/P,112.45,160.64
play,9,0,571461,,,K
play,9,0,524188,,,43/G,133.53,167.67
play,9,1,571724,,,K23
play,9,1,502402,,,K
play,9,1,573669,,,4/PF,171.69,175.70
id,KinAPP201008270
info,visteam,BurAPP
info,hometeam,KinAPP
info,date,2010/08/27
start,542371,Luis Piterson,0,1,4
start,594900,Michael Liberto,0,2,6
start,573183,Ryan Stovall,0,3,3
start,596306,Ryan Jenkins,0,4,10
start,524188,Yunior Figueroa,0,5,5
start,543454,Alex Llanos,0,6,8
start,573001,Gabe MacDougall,0,7,7
start,595379,Drew Robertson,0,8,2
start,519214,Derek Rodriguez,0,9,9
start,572965,Jonathon Keck,0,0,1
start,571724,Chase Greene,1,1,8
start,502402,Brandon Brown,1,2,6
start,573669,Aderlin Rodriguez,1,3,5
start,502095,Lucas Stewart,1,4,3
start,544938,Albert Cordero,1,5,10
start,572897,ZeErika McQueen,1,6,7
start,572284,Nelfi Zapata,1,7,2
start,573153,John Semel,1,8,9
start,541603,Ismael Tijerina,1,9,4
start,541596,Jhonathan Torres,1,0,1
play,1,0,542371,,,S7/L,61.24,127.51
play,1,0,594900,,,SB2
play,1,0,594900,,,6/L,110.44,167.67
play,1,0,573183,,,SB3
play,1,0,573183,,,53/G,107.43,180.72
play,1,0,596306,,,HR/F.3-H,228.92,87.35
play,1,0,524188,,,S8/F,127.51,112.45
play,1,0,543454,,,FC5/G.1X2(54),109.44,185.74
play,1,1,571724,,,S8/G,118.47,102.41
play,1,1,502402,,,64(1)3/GDP/G6,111.45,172.69
play,1,1,573669,,,9/F,188.76,116.47
play,2,0,573001,,,S7/G,61.24,122.49
play,2,0,595379,,,K
play,2,0,519214,,,S9/F.1-3,175.70,126.51
play,2,0,542371,,,6/L.3-H(E6/TH),113.45,166.67
play,2,0,594900,,,BK.1-2
play,2,0,594900,,,53/G,138.55,172.69
play,2,1,502095,,,K
play,2,1,544938,,,43/G,139.56,164.66
play,2,1,572897,,,S9/L,183.73,126.51
play,2,1,572284,,,43/G,135.54,171.69
play,3,0,573183,,,7/F,68.27,119.48
play,3,0,596306,,,S8/L,120.48,71.29
play,3,0,524188,,,64(1)3/GDP/G6,114.46,169.68
play,3,1,573153,,,3/G,151.61,180.72
play,3,1,541603,,,S8/G,121.49,101.41
play,3,1,571724,,,SB2
play,3,1,571724,,,W
play,3,1,502402,,,53/G.1-2;2-3,111.45,183.73
play,3,1,573669,,,S6/G.2-3;3-H,118.47,171.69
play,3,1,502095,,,9/F,179.72,122.49
play,4,0,543454,,,HR/F,58.23,57.23
play,4,0,573001,,,K
play,4,0,595379,,,K23
play,4,0,519214,,,K
play,4,1,544938,,,W
play,4,1,572897,,,S5/G.1-2,100.40,174.70
play,4,1,572284,,,9/F,180.72,117.47
play,4,1,573153,,,9/F,174.70,119.48
play,4,1,541603,,,43/G,139.56,168.67
play,5,0,542371,,,13/BG,118.47,203.82
play,5,0,594900,,,9/F,176.71,114.46
play,5,0,573183,,,63/G,105.42,164.66
play,5,1,571724,,,K
play,5,1,502402,,,W
play,5,1,573669,,,SB2
play,5,1,573669,,,SB3
play,5,1,573669,,,W+WP.3-H
play,5,1,502095,,,FLE2/PF
play,5,1,502095,,,K
play,5,1,544938,,,FC6/G.1X2(64),113.45,176.71
play,6,0,596306,,,S8/G,125.50,89.36
play,6,0,524188,,,NP
sub,595027,Michael Weldon,1,0,1
play,6,0,524188,,,6/P,117.47,164.66
play,6,0,543454,,,K+CS2
play,6,1,572897,,,53/G,97.39,185.74
play,6,1,572284,,,K23
play,6,1,573153,,,K
play,7,0,573001,,,K
play,7,0,595379,,,63/G,113.45,171.69
play,7,0,519214,,,7/F,57.23,116.47
play,7,1,541603,,,NP
sub,594856,Daniel Hernandez,0,0,1
play,7,1,541603,,,S7/L,81.33,118.47
play,7,1,571724,,,SB2
play,7,1,571724,,,K
play,7,1,502402,,,7/F,50.20,121.49
play,7,1,573669,,,S7/G.2-H,68.27,105.42
play,7,1,502095,,,K
play,8,0,542371,,,53/G,103.41,178.71
play,8,0,594900,,,K
play,8,0,573183,,,63/G,109.44,164.66
play,8,1,544938,,,7/F,70.28,118.47
play,8,1,572897,,,9/F,171.69,129.52
play,8,1,572284,,,K
play,9,0,596306,,,K
play,9,0,524188,,,43/G,136.55,164.66
play,9,0,543454,,,43/G,136.55,174.70
play,9,1,573153,,,NP
sub,572026,Robert Penny,0,0,1
play,9,1,573153,,,S8/L,122.49,106.43
play,9,1,placeholder,,,NP
sub,514914,Ray Van Gurp,1,8,12
play,9,1,541603,,,13/SH.1-2,126.51,201.81
play,9,1,571724,,,E5.2-3,111.45,189.76
play,9,1,502402,,,CSH;.1-3(E2)(E2/TH)
play,9,1,502402,,,43/G,104.72,156.29
id,KinAPP201008291
info,visteam,BriAPP
info,hometeam,KinAPP
info,date,2010/08/29
start,543388,Jordan Keegan,0,1,7
start,596881,Qualon Millender,0,2,8
start,594895,Drew Lee,0,3,4
start,542941,Daniel Black,0,4,3
start,592660,Rangel Ravelo,0,5,5
start,572794,Robert Cummings,0,6,10
start,592715,Bradley Salgado,0,7,6
start,555543,Chase Blackwood,0,8,2
start,596880,J. D. Ashbrook,0,9,9
start,542890,Spencer Arroyo,0,0,1
start,571724,Chase Greene,1,1,8
start,514914,Ray Van Gurp,1,2,4
start,572897,ZeErika McQueen,1,3,7
start,573669,Aderlin Rodriguez,1,4,5
start,544938,Albert Cordero,1,5,10
start,573153,John Semel,1,6,9
start,502402,Brandon Brown,1,7,3
start,502799,Taylor Freeman,1,8,2
start,541603,Ismael Tijerina,1,9,6
start,597972,Chase Huchingson,1,0,1
play,1,0,543388,,,3/G,148.59,180.72
play,1,0,596881,,,W
play,1,0,594895,,,K
play,1,0,542941,,,SB2
play,1,0,542941,,,53/G,105.42,177.71
play,1,1,571724,,,6/P,113.45,166.67
play,1,1,514914,,,13/G,124.50,193.78
play,1,1,572897,,,K23
play,2,0,592660,,,4/L,147.59,158.63
play,2,0,572794,,,W
play,2,0,592715,,,9/F,184.74,116.47
play,2,0,555543,,,WP.1-2
play,2,0,555543,,,W
play,2,0,596880,,,5/L,111.45,179.72
play,2,1,573669,,,K
play,2,1,544938,,,13/G,123.49,194.78
play,2,1,573153,,,8/F,118.47,81.33
play,3,0,543388,,,K
play,3,0,596881,,,K
play,3,0,594895,,,K
play,3,1,502402,,,K
play,3,1,502799,,,S7/G,72.29,140.56
play,3,1,541603,,,31/G.1-2,154.62,177.71
play,3,1,571724,,,K23
play,4,0,542941,,,NP
sub,521609,Tony Feliz,1,0,1
play,4,0,542941,,,9/F,171.69,110.44
play,4,0,592660,,,W
play,4,0,572794,,,31/G.1-2,145.58,169.68
play,4,0,592715,,,3/P,154.62,172.69
play,4,1,514914,,,S8/L,134.54,109.44
play,4,1,572897,,,S9/L.1-2,185.74,119.48
play,4,1,573669,,,HR/F.1-H;2-H,36.14,44.18
play,4,1,544938,,,13/G,130.52,189.76
play,4,1,573153,,,S9/G,172.69,129.52
play,4,1,502402,,,7/F,63.25,92.37
play,4,1,502799,,,K
play,5,0,555543,,,S8/F,121.49,130.52
play,5,0,596880,,,64(1)3/GDP/G6,113.45,164.66
play,5,0,543388,,,D7/F,77.31,79.32
play,5,0,596881,,,S6/G.2-3,115.46,164.66
play,5,0,594895,,,9/F,190.76,112.45
play,5,1,541603,,,8/F,121.49,86.35
play,5,1,571724,,,53/G,103.41,186.75
play,5,1,514914,,,43/G,139.56,165.66
play,6,0,542941,,,NP
sub,595466,Steve Winnick,1,0,1
play,6,0,542941,,,W
play,6,0,592660,,,E3.1-2,122.49,191.77
play,6,0,572794,,,E5.1-2;2-3,102.41,179.72
play,6,0,592715,,,12(3)3/GDP/G1.1-2;2-3,122.49,193.78
play,6,0,555543,,,1/L,126.51,187.75
play,6,1,572897,,,13/BG,125.50,196.79
play,6,1,573669,,,W
play,6,1,544938,,,FC4/G.1X2(46);B-1,154.62,165.66
play,6,1,573153,,,W.1-2
play,6,1,502402,,,5/PF,95.38,196.79
play,7,0,596880,,,W
play,7,0,543388,,,W.1-2
play,7,0,596881,,,FC4/G.1X2(46);2-3;B-1,143.57,170.68
play,7,0,594895,,,SB2
play,7,0,594895,,,7/SF.3-H,65.26,114.46
play,7,0,542941,,,D7/L.2-H,42.17,108.43
play,7,0,592660,,,NP
sub,596882,Marcus Spencer,0,4,12
play,7,0,592660,,,T8/F.2-H,137.55,53.21
play,7,0,572794,,,S9/L.3-H,180.72,115.46
play,7,0,592715,,,7/F,64.26,114.46
play,7,1,502799,,,NP
sub,594990,Michael Schwartz,0,4,3
play,7,1,502799,,,43/G,146.59,160.64
play,7,1,541603,,,S8/L,109.44,101.41
play,7,1,571724,,,WP.1-2
play,7,1,571724,,,W
play,7,1,514914,,,9/FF.2-3,191.77,153.61
play,7,1,572897,,,43/G,140.56,164.66
id,KinAPP201008292
info,visteam,BriAPP
info,hometeam,KinAPP
info,date,2010/08/29
start,543388,Jordan Keegan,0,1,8
start,500875,Jeffer Patino,0,2,5
start,594895,Drew Lee,0,3,4
start,594990,Michael Schwartz,0,4,3
start,592660,Rangel Ravelo,0,5,10
start,596880,J. D. Ashbrook,0,6,9
start,594948,Sean O'Connell,0,7,2
start,595033,Ethan Wilson,0,8,6
start,596882,Marcus Spencer,0,9,7
start,598384,Spencer Shelton,0,0,1
start,571724,Chase Greene,1,1,8
start,514914,Ray Van Gurp,1,2,4
start,573669,Aderlin Rodriguez,1,3,5
start,502095,Lucas Stewart,1,4,3
start,572897,ZeErika McQueen,1,5,7
start,572284,Nelfi Zapata,1,6,2
start,502402,Brandon Brown,1,7,6
start,542550,Amauris Valdez,1,8,10
start,543317,Charles Hinojosa,1,9,9
start,514897,Eduardo Aldama,1,0,1
play,1,0,543388,,,8/F,123.49,83.33
play,1,0,500875,,,HP
play,1,0,594895,,,43/G.1-2,148.59,161.65
play,1,0,594990,,,K
play,1,1,571724,,,K
play,1,1,514914,,,2/PF,130.52,223.90
play,1,1,573669,,,D9/F,208.84,107.43
play,1,1,502095,,,K
play,2,0,592660,,,13/G,120.48,190.76
play,2,0,596880,,,53/G,102.41,179.72
play,2,0,594948,,,K
play,2,1,572897,,,4/P,146.59,135.54
play,2,1,572284,,,K
play,2,1,502402,,,HP
play,2,1,542550,,,43/G,141.57,168.67
play,3,0,595033,,,T8/F,155.62,67.27
play,3,0,596882,,,W
play,3,0,543388,,,K
play,3,0,500875,,,S9/F.1-2;3-H,176.71,136.55
play,3,0,594895,,,5/P,100.40,177.71
play,3,0,594990,,,4/L,149.60,164.66
play,3,1,543317,,,13/G,124.50,190.76
play,3,1,571724,,,8/F,112.45,85.34
play,3,1,514914,,,63/G,117.47,161.65
play,4,0,592660,,,6/L,105.42,165.66
play,4,0,596880,,,S8/F,124.50,116.47
play,4,0,594948,,,W.1-2
play,4,0,595033,,,9/F.2-3,199.80,109.44
play,4,0,596882,,,K
play,4,1,573669,,,7/F,69.28,112.45
play,4,1,502095,,,S9/G,179.72,126.51
play,4,1,572897,,,SB2
play,4,1,572897,,,K
play,4,1,572284,,,53/G,96.39,178.71
play,5,0,543388,,,S1/BG,125.50,189.76
play,5,0,500875,,,13/SH.1-2,127.51,199.80
play,5,0,594895,,,PB.2-3
play,5,0,594895,,,S7/G.3-H,57.23,118.47
play,5,0,594990,,,HP.1-2
play,5,0,592660,,,9/F.2-3,187.75,114.46
play,5,0,596880,,,8/F,120.48,84.34
play,5,1,502402,,,13/G,120.48,187.75
play,5,1,542550,,,63/G,112.45,164.66
play,5,1,543317,,,K
play,6,0,594948,,,NP
sub,595152,Hunter Carnevale,1,0,1
play,6,0,594948,,,K
play,6,0,595033,,,K
play,6,0,596882,,,E4.B-2,129.52,159.64
play,6,0,543388,,,WP.2-3
play,6,0,543388,,,43/G,144.58,166.67
play,6,1,571724,,,S7/L,71.29,131.53
play,6,1,514914,,,53/G.1-2,104.42,178.71
play,6,1,573669,,,13/G,124.50,191.77
play,6,1,502095,,,63/G,109.44,163.65
play,7,0,500875,,,S9/G,187.75,130.52
play,7,0,594895,,,K
play,7,0,594990,,,SB2
play,7,0,594990,,,S9/L.2-H;B-2,180.72,119.48
play,7,0,592660,,,43/G.2-3,142.57,171.69
play,7,0,596880,,,53/G,99.40,171.69
play,7,1,572897,,,NP
sub,595364,Samuel Phippen,0,0,1
play,7,1,572897,,,W
play,7,1,572284,,,WP.1-2
play,7,1,572284,,,W
play,7,1,502402,,,WP.1-2;2-3
play,7,1,502402,,,53/G,109.44,184.74
play,7,1,542550,,,53/G.2-3;3-H,107.43,184.74
play,7,1,543317,,,NP
sub,502799,Taylor Freeman,1,9,11
play,7,1,502799,,,5/L,103.41,182.73
id,KinAPP201008300
info,visteam,BriAPP
info,hometeam,KinAPP
info,date,2010/08/30
start,543388,Jordan Keegan,0,1,7
start,596881,Qualon Millender,0,2,8
start,594895,Drew Lee,0,3,10
start,542941,Daniel Black,0,4,3
start,500875,Jeffer Patino,0,5,5
start,592715,Bradley Salgado,0,6,6
start,596880,J. D. Ashbrook,0,7,9
start,555543,Chase Blackwood,0,8,2
start,595033,Ethan Wilson,0,9,4
start,595473,Robert Young,0,0,1
start,571724,Chase Greene,1,1,8
start,514914,Ray Van Gurp,1,2,4
start,572897,ZeErika McQueen,1,3,7
start,502095,Lucas Stewart,1,4,3
start,544938,Albert Cordero,1,5,2
start,572284,Nelfi Zapata,1,6,10
start,573153,John Semel,1,7,9
start,502402,Brandon Brown,1,8,5
start,541603,Ismael Tijerina,1,9,6
start,570664,Carlos Vazquez,1,0,1
play,1,0,543388,,,7/F,73.29,128.51
play,1,0,596881,,,HP
play,1,0,placeholder,,,POCS2(136)
play,1,0,594895,,,D7/G,59.24,130.52
play,1,0,542941,,,7/F,67.27,124.50
play,1,1,571724,,,53/G,111.45,184.74
play,1,1,514914,,,K
play,1,1,572897,,,K
play,2,0,500875,,,8/F,93.37,94.38
play,2,0,592715,,,8/F,108.43,80.32
play,2,0,596880,,,K
play,2,1,502095,,,23/G,133.53,192.77
play,2,1,544938,,,63/G,127.51,170.68
play,2,1,572284,,,13/G,131.53,193.78
play,3,0,555543,,,63/G,117.47,171.69
play,3,0,595033,,,W
play,3,0,543388,,,K
play,3,0,596881,,,POCS2(136)
play,3,1,573153,,,8/F,126.51,89.36
play,3,1,502402,,,K
play,3,1,541603,,,8/F,131.53,87.35
play,4,0,596881,,,HP
play,4,0,594895,,,K
play,4,0,542941,,,S8/L.1-3,123.49,116.47
play,4,0,500875,,,SBH;SB2
play,4,0,500875,,,W
play,4,0,592715,,,54(1)3/GDP/G5,106.43,175.70
play,4,1,571724,,,W
play,4,1,514914,,,S7/L.1-2,76.31,138.55
play,4,1,572897,,,9/F,194.78,115.46
play,4,1,502095,,,3/G.1-2;2-3,138.55,180.72
play,4,1,544938,,,9/F,207.83,116.47
play,5,0,596880,,,5/L,98.39,179.72
play,5,0,555543,,,53/G,111.45,176.71
play,5,0,595033,,,T8/F,114.46,79.32
play,5,0,543388,,,W
play,5,0,596881,,,CSH
play,5,1,572284,,,63/G,110.44,167.67
play,5,1,573153,,,9/F,167.67,118.47
play,5,1,502402,,,K
play,6,0,596881,,,S7/L,56.22,127.51
play,6,0,594895,,,FC5/G.1X2(54);B-1,113.45,177.71
play,6,0,542941,,,E5.1-2,112.45,177.71
play,6,0,500875,,,2/PF,192.77,203.82
play,6,0,592715,,,K
play,6,1,541603,,,W
play,6,1,571724,,,PO1(13)
play,6,1,571724,,,43/G,141.57,172.69
play,6,1,514914,,,43/G,137.55,175.70
play,7,0,596880,,,NP
sub,451699,Richard Pena,1,0,1
play,7,0,596880,,,S9/L,172.69,145.58
play,7,0,555543,,,54/SH.1-2,109.44,175.70
play,7,0,595033,,,E3.2-3,144.58,182.73
play,7,0,543388,,,CS2
play,7,0,543388,,,K
play,7,1,572897,,,NP
sub,572944,Ethan Icard,0,0,1
play,7,1,572897,,,8/F,89.36,101.41
play,7,1,502095,,,5/P,106.43,179.72
play,7,1,544938,,,E6,118.47,173.69
play,7,1,572284,,,SB2
play,7,1,572284,,,9/F,199.80,116.47
play,8,0,596881,,,S7/L,82.33,118.47
play,8,0,594895,,,S7/F.1-3,95.38,136.55
play,8,0,542941,,,S9/G.1-3;3-H,155.62,164.66
play,8,0,500875,,,4(B)43()/LDP,147.59,170.68
play,8,0,592715,,,31/G,151.61,176.71
play,8,1,573153,,,NP
sub,519170,Kevin Rath,0,0,1
play,8,1,573153,,,S8/L,118.47,111.45
play,8,1,502402,,,D8/F.1-H,113.45,59.24
play,8,1,541603,,,13/SH.2-3,127.51,193.78
play,8,1,571724,,,W
play,8,1,514914,,,K
play,8,1,572897,,,W.1-2
play,8,1,502095,,,K
play,9,0,596880,,,NP
sub,595027,Michael Weldon,1,0,1
play,9,0,596880,,,63/G,110.44,171.69
play,9,0,555543,,,E6,123.49,161.65
play,9,0,595033,,,K
play,9,0,543388,,,WP.1-2
play,9,0,543388,,,43/G,137.55,168.67
play,9,1,544938,,,W
play,9,1,572284,,,PO1(23)
play,9,1,572284,,,HP
play,9,1,573153,,,8/F,114.46,97.39
play,9,1,502402,,,53/G,101.41,177.71
id,KinAPP201008310
info,visteam,BriAPP
info,hometeam,KinAPP
info,date,2010/08/31
start,543388,Jordan Keegan,0,1,7
start,596881,Qualon Millender,0,2,8
start,594895,Drew Lee,0,3,4
start,594990,Michael Schwartz,0,4,3
start,592660,Rangel Ravelo,0,5,5
start,592715,Bradley Salgado,0,6,6
start,555543,Chase Blackwood,0,7,2
start,594948,Sean O'Connell,0,8,10
start,596882,Marcus Spencer,0,9,9
start,571547,Jarrett Casey,0,0,1
start,571724,Chase Greene,1,1,8
start,514914,Ray Van Gurp,1,2,4
start,572897,ZeErika McQueen,1,3,7
start,502095,Lucas Stewart,1,4,3
start,544938,Albert Cordero,1,5,10
start,572284,Nelfi Zapata,1,6,2
start,502402,Brandon Brown,1,7,5
start,543317,Charles Hinojosa,1,8,9
start,541603,Ismael Tijerina,1,9,6
start,542939,Peter Birdwell,1,0,1
play,1,0,543388,,,W
play,1,0,596881,,,S8/G.1-3,130.52,111.45
play,1,0,594895,,,S7/L.1-2;3-H,70.28,135.54
play,1,0,594990,,,SB3;SB2
play,1,0,594990,,,K
play,1,0,592660,,,43/G.2-3;3-H,137.55,161.65
play,1,0,592715,,,K
play,1,1,571724,,,S8/L,136.55,89.36
play,1,1,514914,,,54(1)3/GDP/G5,100.40,177.71
play,1,1,572897,,,53/G,105.42,181.73
play,2,0,555543,,,HR/F,21.08,68.27
play,2,0,594948,,,K
play,2,0,596882,,,13/BG,126.51,194.78
play,2,0,543388,,,W
play,2,0,596881,,,WP.1-2
play,2,0,596881,,,53/G,102.41,179.72
play,2,1,502095,,,53/G,99.40,174.70
play,2,1,544938,,,S7/G,69.28,129.52
play,2,1,572284,,,8/F,139.56,98.39
play,2,1,502402,,,FC6/G.1X2(64),111.45,168.67
play,3,0,594895,,,8/F,129.52,75.30
play,3,0,594990,,,43/G,138.55,162.65
play,3,0,592660,,,S5/G,109.44,183.73
play,3,0,592715,,,9/F,187.75,115.46
play,3,1,543317,,,53/G,108.43,177.71
play,3,1,541603,,,43/G,138.55,166.67
play,3,1,571724,,,S8/F,130.52,113.45
play,3,1,514914,,,S9/F.1-2,173.69,145.58
play,3,1,572897,,,FC4/G.1X2(46),146.59,166.67
play,4,0,555543,,,S8/G,145.58,115.46
play,4,0,594948,,,K
play,4,0,596882,,,BK.1-2
play,4,0,596882,,,53/G,102.41,178.71
play,4,0,543388,,,K23
play,4,1,502095,,,43/G,135.54,166.67
play,4,1,544938,,,8/F,127.51,69.28
play,4,1,572284,,,S7/L,76.31,133.53
play,4,1,502402,,,8/F,135.54,88.35
play,5,0,596881,,,NP
sub,541596,Jhonathan Torres,1,0,1
play,5,0,596881,,,K
play,5,0,594895,,,W
play,5,0,594990,,,K
play,5,0,592660,,,S3/G.1-3,145.58,184.74
play,5,0,592715,,,6/P,108.43,155.62
play,5,1,543317,,,43/G,127.51,164.66
play,5,1,541603,,,43/G,133.53,168.67
play,5,1,571724,,,9/F,206.83,111.45
play,6,0,555543,,,K
play,6,0,594948,,,K
play,6,0,596882,,,K23
play,6,1,514914,,,53/G,107.43,184.74
play,6,1,572897,,,S8/G,120.48,125.50
play,6,1,502095,,,5/PF,96.39,204.82
play,6,1,544938,,,FC4/G.1X2(46),147.59,165.66
play,7,0,543388,,,K
play,7,0,596881,,,53/G,112.45,181.73
play,7,0,594895,,,6/P,106.43,158.63
play,7,1,572284,,,NP
sub,598014,Raymond Copenhaver,0,0,1
play,7,1,572284,,,S7/G,52.21,133.53
play,7,1,502402,,,FC6/G.1X2(64);B-1,103.41,165.66
play,7,1,543317,,,SB2
play,7,1,543317,,,53/G.2-3,108.43,178.71
play,7,1,541603,,,63/G,109.44,162.65
play,8,0,594990,,,NP
sub,572831,Josh Edgin,1,0,1
play,8,0,594990,,,K
play,8,0,592660,,,13/G,122.49,189.76
play,8,0,592715,,,43/G,134.54,166.67
play,8,1,571724,,,D7/F,52.21,123.49
play,8,1,514914,,,T9/F.2-H,210.84,109.44
play,8,1,572897,,,WP.3-H
play,8,1,572897,,,K
play,8,1,502095,,,9/F,195.78,124.50
play,8,1,544938,,,S7/G,85.34,124.50
play,8,1,572284,,,NP
sub,562366,Richard Marshall,0,0,1
play,8,1,572284,,,S9/G.1-2,170.68,141.57
play,8,1,502402,,,8/F,131.53,76.31
play,9,0,555543,,,D9/L,187.75,126.51
play,9,0,594948,,,53/SH.2-3,112.45,193.78
play,9,0,596882,,,K
play,9,0,543388,,,D7/G.3-H,54.22,120.48
play,9,0,596881,,,K
play,9,1,543317,,,NP
sub,502799,Taylor Freeman,1,8,11
play,9,1,502799,,,W
play,9,1,541603,,,S7/L.1-2,76.31,132.53
play,9,1,571724,,,14(1)3/GDP/G1.2-3,129.52,190.76
play,9,1,514914,,,53/G,108.43,179.72
id,PriAPP201006220
info,visteam,DanAPP
info,hometeam,PriAPP
info,date,2010/06/22
start,594886,Barrett Kleinknecht,0,1,5
start,592743,Andrelton Simmons,0,2,6
start,575508,Ramon Flores,0,3,8
start,572258,Jace Whitmer,0,4,2
start,501592,Daniel Falcon,0,5,9
start,517424,Alberto Odreman,0,6,3
start,542975,Robert Brooks,0,7,10
start,594935,Jason Mowry,0,8,7
start,573640,Jim Linger,0,9,4
start,573673,Carlos Perez,0,0,1
start,595281,Kevin Kiermaier,1,1,9
start,571711,Todd Glaesmann,1,2,8
start,581660,Scott Lawson,1,3,5
start,572853,Bryan Fogle,1,4,10
start,501675,Ruben Contreras,1,5,7
start,553889,Hector Guevara,1,6,4
start,517021,Gerardo Olivares,1,7,2
start,545349,Jeff Malm,1,8,3
start,553891,Leonardo Reginatto,1,9,6
start,544836,Enny Romero,1,0,1
play,1,0,594886,,,S7/G,77.31,133.53
play,1,0,592743,,,7/F,72.29,110.44
play,1,0,575508,,,5(B)53(1)/LDP,102.41,181.73
play,1,1,595281,,,S9/F,169.68,123.49
play,1,1,571711,,,8/F,136.55,96.39
play,1,1,placeholder,,,POCS2(136)
play,1,1,581660,,,43/G,139.56,167.67
play,2,0,572258,,,W
play,2,0,501592,,,S7/G.1-2,74.30,125.50
play,2,0,517424,,,46(1)3/GDP/G4.2-3,138.55,166.67
play,2,0,542975,,,53/G,100.40,174.70
play,2,1,572853,,,W
play,2,1,501675,,,6/P,106.43,158.63
play,2,1,553889,,,T9/F.1-H,194.78,100.40
play,2,1,517021,,,4/P,148.59,163.65
play,2,1,545349,,,W
play,2,1,553891,,,7/F,56.22,115.46
play,3,0,594935,,,W
play,3,0,573640,,,FC4/G.1X2(4);B-1,140.56,163.65
play,3,0,594886,,,6/P,103.41,156.63
play,3,0,592743,,,S5/G.1X3(35),113.45,190.76
play,3,1,595281,,,K
play,3,1,571711,,,S6/G,105.42,166.67
play,3,1,581660,,,POCS2(136)
play,3,1,581660,,,W
play,3,1,572853,,,SB2
play,3,1,572853,,,K
play,4,0,575508,,,8/F,128.51,79.32
play,4,0,572258,,,8/F,140.56,88.35
play,4,0,501592,,,K23
play,4,1,501675,,,W
play,4,1,553889,,,5(B)53(1)/LDP,109.44,183.73
play,4,1,517021,,,43/G,142.57,165.66
play,5,0,517424,,,W
play,5,0,542975,,,K+PO1(23)
play,5,0,594935,,,7/F,67.27,107.43
play,5,1,545349,,,K
play,5,1,553891,,,13/G,121.49,189.76
play,5,1,595281,,,S6/G,116.47,159.64
play,5,1,571711,,,FC6/G.1X2(64),118.47,167.67
play,6,0,573640,,,13/G,120.48,190.76
play,6,0,594886,,,9/F,194.78,105.42
play,6,0,592743,,,9/F,183.73,107.43
play,6,1,581660,,,NP
sub,543146,Kyle Farrell,0,0,1
play,6,1,581660,,,63/G,109.44,165.66
play,6,1,572853,,,K
play,6,1,501675,,,43/G,146.59,163.65
play,7,0,575508,,,NP
sub,517014,Victor Mateo,1,0,1
play,7,0,575508,,,3/PF,174.70,195.78
play,7,0,572258,,,E6/TH,97.39,167.67
play,7,0,501592,,,6/P,109.44,160.64
play,7,0,517424,,,HR/F.1-H,32.13,70.28
play,7,0,542975,,,K
play,7,1,553889,,,43/G,141.57,165.66
play,7,1,517021,,,63/G,107.43,166.67
play,7,1,545349,,,43/G,140.56,162.65
play,8,0,594935,,,43/G,137.55,165.66
play,8,0,573640,,,3/G,139.56,178.71
play,8,0,594886,,,8/F,148.59,85.34
play,8,1,553891,,,S7/G,66.27,118.47
play,8,1,595281,,,K
play,8,1,571711,,,CS2
play,8,1,571711,,,S1/G,120.48,188.76
play,8,1,581660,,,3/G,140.56,178.71
play,9,0,592743,,,53/G,111.45,180.72
play,9,0,575508,,,W
play,9,0,572258,,,SB2
play,9,0,572258,,,D7/F.2-H,64.26,105.42
play,9,0,501592,,,D9/F.2-H,195.78,103.41
play,9,0,517424,,,W
play,9,0,542975,,,HP.1-2;2-3
play,9,0,594935,,,NP
sub,543190,Bradley Furdal,1,0,1
play,9,0,594935,,,9/SF.2-3;3-H,175.70,121.49
play,9,0,573640,,,7/F,52.21,103.41
play,9,1,572853,,,53/G,98.39,177.71
play,9,1,501675,,,8/F,146.59,86.35
play,9,1,553889,,,43/G,142.57,165.66
id,PriAPP201006230
info,visteam,DanAPP
info,hometeam,PriAPP
info,date,2010/06/23
start,594935,Jason Mowry,0,1,7
start,592743,Andrelton Simmons,0,2,6
start,575508,Ramon Flores,0,3,8
start,519345,Joseph Terdoslavich,0,4,5
start,594886,Barrett Kleinknecht,0,5,10
start,572258,Jace Whitmer,0,6,2
start,501592,Daniel Falcon,0,7,9
start,517424,Alberto Odreman,0,8,3
start,595212,Jarred Frierson,0,9,4
start,543901,Ryan Weber,0,0,1
start,595281,Kevin Kiermaier,1,1,9
start,571711,Todd Glaesmann,1,2,8
start,581660,Scott Lawson,1,3,5
start,572853,Bryan Fogle,1,4,7
start,553889,Hector Guevara,1,5,4
start,517021,Gerardo Olivares,1,6,2
start,545349,Jeff Malm,1,7,3
start,541653,Felix Gonzalez,1,8,10
start,553891,Leonardo Reginatto,1,9,6
start,571479,Andrew Bellatti,1,0,1
play,1,0,594935,,,K
play,1,0,592743,,,4/L,152.61,158.63
play,1,0,575508,,,7/F,61.24,102.41
play,1,1,595281,,,63/G,124.50,163.65
play,1,1,571711,,,K
play,1,1,581660,,,53/G,104.42,168.67
play,2,0,519345,,,63/G,108.43,152.61
play,2,0,594886,,,63/G,101.41,147.59
play,2,0,572258,,,6/P,115.46,154.62
play,2,1,572853,,,W
play,2,1,553889,,,53/G.1-2,97.39,169.68
play,2,1,517021,,,8/F.2-3,106.43,73.29
play,2,1,545349,,,K
play,3,0,501592,,,6/P,127.51,144.58
play,3,0,517424,,,K
play,3,0,595212,,,K
play,3,1,541653,,,43/G,137.55,150.60
play,3,1,553891,,,S5/G.B-2(E5/TH),101.41,179.72
play,3,1,595281,,,K
play,3,1,571711,,,43/G,129.52,156.63
play,4,0,594935,,,W
play,4,0,592743,,,PO1(?3)
play,4,0,592743,,,43/G,141.57,156.63
play,4,0,575508,,,7/F,49.20,99.40
play,4,1,581660,,,D9/F,171.69,77.31
play,4,1,572853,,,WP.2-3
play,4,1,572853,,,K
play,4,1,553889,,,53/G,111.45,173.69
play,4,1,517021,,,6/L,106.43,149.60
play,5,0,519345,,,K
play,5,0,594886,,,S8/G,100.40,81.33
play,5,0,572258,,,9(B)93(1)/LDP,165.66,80.32
play,5,1,545349,,,K
play,5,1,541653,,,63/G,117.47,158.63
play,5,1,553891,,,S9/L,151.61,85.34
play,5,1,595281,,,3/G,161.65,164.66
play,6,0,501592,,,K
play,6,0,517424,,,W
play,6,0,595212,,,NP
sub,596333,Matthew Gilson,1,0,1
play,6,0,595212,,,S9/F.1-2,150.60,83.33
play,6,0,594935,,,S9/F.1-2;2-3,155.62,103.41
play,6,0,592743,,,7/SF.3-H,65.26,86.35
play,6,0,575508,,,S4/G.1-2;2-3,134.54,152.61
play,6,0,519345,,,FC6/G.1X2(6),118.47,152.61
play,6,1,571711,,,K
play,6,1,581660,,,63/G,116.47,153.61
play,6,1,572853,,,S9/F,154.62,89.36
play,6,1,553889,,,9/F,159.64,83.33
play,7,0,594886,,,9/F,143.57,88.35
play,7,0,572258,,,7/F,63.25,102.41
play,7,0,501592,,,53/G,101.41,170.68
play,7,1,517021,,,NP
sub,542201,Ronan Pacheco,0,0,1
play,7,1,517021,,,53/G,102.41,163.65
play,7,1,545349,,,63/G,110.44,152.61
play,7,1,541653,,,6/L,110.44,152.61
play,8,0,517424,,,43/G,136.55,153.61
play,8,0,595212,,,7/L,51.20,115.46
play,8,0,594935,,,43/G,137.55,153.61
play,8,1,553891,,,K23
play,8,1,595281,,,K
play,8,1,571711,,,53/G,105.42,168.67
play,9,0,592743,,,53/G,95.38,172.69
play,9,0,575508,,,4/L,141.57,155.62
play,9,0,519345,,,D7/F,67.27,97.39
play,9,0,594886,,,7/F,64.26,94.38
play,9,1,581660,,,43/G,136.55,152.61
play,9,1,572853,,,S7/L,59.24,100.40
play,9,1,553889,,,NP
sub,501675,Ruben Contreras,1,4,12
play,9,1,553889,,,FC6/G.1X2(64);B-1,109.44,150.60
play,9,1,517021,,,FC6/G.1X2(64),121.49,148.59
id,PriAPP201006240
info,visteam,DanAPP
info,hometeam,PriAPP
info,date,2010/06/24
start,575508,Ramon Flores,0,1,8
start,592743,Andrelton Simmons,0,2,6
start,594886,Barrett Kleinknecht,0,3,4
start,519345,Joseph Terdoslavich,0,4,5
start,594828,Evan Gattis,0,5,2
start,501592,Daniel Falcon,0,6,9
start,517424,Alberto Odreman,0,7,3
start,595176,Ryan Delgado,0,8,10
start,506916,Bobby Rauh,0,9,7
start,573062,Aaron Northcraft,0,0,1
start,553891,Leonardo Reginatto,1,1,6
start,571711,Todd Glaesmann,1,2,8
start,501675,Ruben Contreras,1,3,9
start,572853,Bryan Fogle,1,4,7
start,541660,Alejandro Segovia,1,5,2
start,596335,Brian Harris,1,6,4
start,541653,Felix Gonzalez,1,7,5
start,545349,Jeff Malm,1,8,3
start,596334,Zane Williams,1,9,10
start,542316,Braulio Lara,1,0,1
play,1,0,575508,,,K
play,1,0,592743,,,E5/TH,105.42,175.70
play,1,0,placeholder,,,PO1(E?).1-2
play,1,0,594886,,,S7/G.2-H,75.30,125.50
play,1,0,519345,,,WP.1-2
play,1,0,519345,,,9/F,198.80,132.53
play,1,0,594828,,,8/L,129.52,71.29
play,1,1,553891,,,D9/F,150.60,117.47
play,1,1,571711,,,7/L,69.28,122.49
play,1,1,501675,,,K
play,1,1,572853,,,SB3
play,1,1,572853,,,53/G,113.45,181.73
play,2,0,501592,,,43/G,133.53,163.65
play,2,0,517424,,,63/G,110.44,169.68
play,2,0,595176,,,63/G,113.45,165.66
play,2,1,541660,,,43/G,133.53,178.71
play,2,1,596335,,,HP
play,2,1,541653,,,CS2
play,2,1,541653,,,63/G,112.45,182.73
play,3,0,506916,,,E5/TH.B-2,104.42,182.73
play,3,0,575508,,,K23
play,3,0,592743,,,53/G.2-H(E3/TH),110.44,179.72
play,3,0,594886,,,7/F,63.25,130.52
play,3,1,545349,,,43/G,147.59,168.67
play,3,1,596334,,,K
play,3,1,553891,,,3/PF,211.85,214.86
play,4,0,519345,,,K
play,4,0,594828,,,S7/G,73.29,130.52
play,4,0,501592,,,64(1)3/GDP/G6,118.47,170.68
play,4,1,571711,,,HP
play,4,1,501675,,,CS2
play,4,1,501675,,,6/P,113.45,172.69
play,4,1,572853,,,K
play,5,0,517424,,,D9/F,147.59,130.52
play,5,0,595176,,,E6.2-3,109.44,179.72
play,5,0,506916,,,W.1-2
play,5,0,575508,,,S9/F.1-2;2-3;3-H,159.64,138.55
play,5,0,592743,,,S6/G.1-2;2-3;3-H,114.46,168.67
play,5,0,594886,,,8/SF.2-3;3-H,117.47,87.35
play,5,0,519345,,,NP
sub,592176,Wade Broyles,1,0,1
play,5,0,519345,,,W.1-2
play,5,0,594828,,,S8/L.1-2;2-H;3-H,104.42,109.44
play,5,0,501592,,,K
play,5,0,517424,,,WP.1-2;2-3
play,5,0,517424,,,8/L,103.41,98.39
play,5,1,541660,,,NP
sub,542975,Robert Brooks,0,2,4
play,5,1,596335,,,NP
sub,594886,Barrett Kleinknecht,0,3,6
play,5,1,541660,,,63/G,128.51,172.69
play,5,1,596335,,,K
play,5,1,541653,,,D7/F,82.33,123.49
play,5,1,545349,,,D9/F.2-H,184.74,131.53
play,5,1,596334,,,W+WP.2-3
play,5,1,553891,,,9/F,176.71,131.53
play,6,0,595176,,,K
play,6,0,506916,,,K
play,6,0,575508,,,53/G,107.43,184.74
play,6,1,571711,,,NP
sub,543826,Tyler Stovall,0,0,1
play,6,1,571711,,,K
play,6,1,501675,,,K
play,6,1,572853,,,S7/G,89.36,140.56
play,6,1,541660,,,41/G,132.53,175.70
play,7,0,542975,,,13/G,114.46,181.73
play,7,0,594886,,,K
play,7,0,519345,,,43/G,142.57,174.70
play,7,1,596335,,,NP
sub,571599,Jakob Dalfonso,0,7,3
play,7,1,541653,,,NP
sub,592786,Matthew Suschak,0,0,1
play,7,1,545349,,,NP
sub,594819,Kenny Fleming,0,6,7
play,7,1,596334,,,NP
sub,506916,Bobby Rauh,0,9,9
play,7,1,596335,,,3/PF,191.77,216.87
play,7,1,541653,,,S8/G,106.43,125.50
play,7,1,545349,,,FC3/G.1X2(36);B-1,142.57,181.73
play,7,1,596334,,,K
play,8,0,594828,,,NP
sub,595263,Mickey Jannis,1,0,1
play,8,0,594828,,,53/G,113.45,175.70
play,8,0,594819,,,63/G,113.45,168.67
play,8,0,571599,,,3/G,135.54,181.73
play,8,1,553891,,,4/P,133.53,179.72
play,8,1,571711,,,K
play,8,1,501675,,,W
play,8,1,572853,,,NP
sub,576168,Dalton Acord,0,0,1
play,8,1,572853,,,S5/G.1-2,109.44,182.73
play,8,1,541660,,,K
play,9,0,595176,,,K
play,9,0,506916,,,53/G,114.46,179.72
play,9,0,575508,,,S6/G,98.39,173.69
play,9,0,542975,,,43/G,136.55,174.70
play,9,1,596335,,,W
play,9,1,541653,,,WP.1-2
play,9,1,541653,,,WP.2-3
play,9,1,541653,,,7/F,99.40,147.59
play,9,1,545349,,,S4/G.3-H,137.55,167.67
play,9,1,596334,,,W.1-2
play,9,1,553891,,,S9/G.1-2;2-3,140.56,139.56
play,9,1,571711,,,NP
sub,542562,Edigson Mora,0,0,1
play,9,1,571711,,,FC6/G.1X2(64);2-3;3-H;B-1,106.43,170.68
play,9,1,501675,,,43/G,141.57,168.67
id,PriAPP201006280
info,visteam,PulAPP
info,hometeam,PriAPP
info,date,2010/06/28
start,500726,Mario Yepez,0,1,8
start,500716,Jorge Agudelo,0,2,7
start,517539,Ramon Morla,0,3,5
start,595467,James Wood,0,4,9
start,571708,Andrew Giobbi,0,5,10
start,573095,Derek Poppert,0,6,4
start,595351,Ethan Paquette,0,7,3
start,500719,Larry Gonzalez,0,8,2
start,595400,Jake Schlander,0,9,6
start,500033,Jessie Nava,0,0,1
start,595281,Kevin Kiermaier,1,1,9
start,571711,Todd Glaesmann,1,2,8
start,581660,Scott Lawson,1,3,3
start,501675,Ruben Contreras,1,4,7
start,541660,Alejandro Segovia,1,5,2
start,553889,Hector Guevara,1,6,10
start,553891,Leonardo Reginatto,1,7,6
start,541653,Felix Gonzalez,1,8,4
start,596335,Brian Harris,1,9,5
start,571479,Andrew Bellatti,1,0,1
play,1,0,500726,,,K
play,1,0,500716,,,53/G,107.43,178.71
play,1,0,517539,,,K
play,1,1,595281,,,2/PF,117.47,222.89
play,1,1,571711,,,HP
play,1,1,581660,,,S9/G.1-3,188.76,125.50
play,1,1,501675,,,46(1)3/GDP/G4,135.54,162.65
play,2,0,595467,,,D7/F,63.25,115.46
play,2,0,571708,,,K
play,2,0,573095,,,53/G,114.46,177.71
play,2,0,595351,,,7/F,64.26,132.53
play,2,1,541660,,,K
play,2,1,553889,,,D7/F,67.27,120.48
play,2,1,553891,,,9/F.2-3,190.76,113.45
play,2,1,541653,,,63/G,122.49,166.67
play,3,0,500719,,,13/G,123.49,197.79
play,3,0,595400,,,K
play,3,0,500726,,,K
play,3,1,596335,,,9/L,184.74,128.51
play,3,1,595281,,,43/G,137.55,179.72
play,3,1,571711,,,K
play,4,0,500716,,,E4,138.55,168.67
play,4,0,517539,,,8/L,124.50,80.32
play,4,0,595467,,,S9/G.1-2,178.71,110.44
play,4,0,571708,,,S9/G.1X2(96);2-3,192.77,113.45
play,4,0,573095,,,S4/G.1-2;3-H,136.55,173.69
play,4,0,595351,,,13/G,121.49,197.79
play,4,1,581660,,,K
play,4,1,501675,,,43/G,138.55,170.68
play,4,1,541660,,,43/G,130.52,165.66
play,5,0,500719,,,53/G,106.43,174.70
play,5,0,595400,,,E6/TH,116.47,161.65
play,5,0,500726,,,6/P,118.47,164.66
play,5,0,500716,,,S9/G.1-3,176.71,122.49
play,5,0,517539,,,CS2;3-H
play,5,1,553889,,,4/P,137.55,172.69
play,5,1,553891,,,S5/BG.B-3(E5/TH),99.40,183.73
play,5,1,541653,,,53/G,101.41,181.73
play,5,1,596335,,,K
play,6,0,517539,,,7/F,76.31,117.47
play,6,0,595467,,,43/G,138.55,165.66
play,6,0,571708,,,53/G,105.42,178.71
play,6,1,595281,,,W
play,6,1,571711,,,8/F,125.50,82.33
play,6,1,581660,,,WP.1-2
play,6,1,581660,,,S8/G.2-H;B-2,140.56,70.28
play,6,1,501675,,,NP
sub,595138,Timothy Boyce,0,0,1
play,6,1,501675,,,41/G.2-3,132.53,170.68
play,6,1,541660,,,D7/L.3-H,70.28,124.50
play,6,1,553889,,,D7/F.2-H,64.26,123.49
play,6,1,553891,,,K
play,7,0,573095,,,NP
sub,543190,Bradley Furdal,1,0,1
play,7,0,573095,,,3/P,150.60,189.76
play,7,0,595351,,,1/L,129.52,200.80
play,7,0,500719,,,7/F,90.36,118.47
play,7,1,541653,,,K
play,7,1,596335,,,S8/G,112.45,82.33
play,7,1,595281,,,FC4/G.1X2(46);B-1,136.55,169.68
play,7,1,571711,,,WP.1-2
play,7,1,571711,,,53/G,103.41,177.71
play,8,0,595400,,,9/F,165.66,110.44
play,8,0,500726,,,W
play,8,0,500716,,,W.1-2
play,8,0,517539,,,NP
sub,596332,Garret Carruth,1,0,1
play,8,0,517539,,,S4/G.1-2;2-3,128.51,164.66
play,8,0,595467,,,S8/G.1-2;2-3;3-H,119.48,80.32
play,8,0,571708,,,E6.1-2;2-3;3-H,110.44,166.67
play,8,0,573095,,,13/SH.1-2;2-3;3-H,123.49,196.79
play,8,0,595351,,,D7/F.2-H;3-H,69.28,126.51
play,8,0,500719,,,CS3
play,8,1,581660,,,NP
sub,542940,Matthew Bischoff,0,0,1
play,8,1,581660,,,K
play,8,1,501675,,,W
play,8,1,541660,,,64(1)3/GDP/G6,120.48,168.67
play,9,0,500719,,,13/G,127.51,204.82
play,9,0,595400,,,W
play,9,0,500726,,,K
play,9,0,500716,,,SB2
play,9,0,500716,,,63/G,119.48,162.65
play,9,1,553889,,,8/F,120.48,86.35
play,9,1,553891,,,K
play,9,1,541653,,,63/G,109.44,166.67
id,PriAPP201006290
info,visteam,PulAPP
info,hometeam,PriAPP
info,date,2010/06/29
start,542991,Jarrett Burgess,0,1,8
start,500726,Mario Yepez,0,2,7
start,517539,Ramon Morla,0,3,5
start,595467,James Wood,0,4,9
start,500716,Jorge Agudelo,0,5,4
start,595351,Ethan Paquette,0,6,3
start,573095,Derek Poppert,0,7,10
start,542546,Hassiel Jimenez,0,8,2
start,595400,Jake Schlander,0,9,6
start,570884,George Mieses,0,0,1
start,553891,Leonardo Reginatto,1,1,6
start,571711,Todd Glaesmann,1,2,8
start,595281,Kevin Kiermaier,1,3,9
start,572853,Bryan Fogle,1,4,7
start,541660,Alejandro Segovia,1,5,2
start,553889,Hector Guevara,1,6,4
start,596335,Brian Harris,1,7,5
start,545349,Jeff Malm,1,8,3
start,596334,Zane Williams,1,9,10
start,542316,Braulio Lara,1,0,1
play,1,0,542991,,,43/G,137.55,171.69
play,1,0,500726,,,K
play,1,0,517539,,,K+WP.B-1
play,1,0,595467,,,7/F,64.26,113.45
play,1,1,553891,,,D7/F,90.36,107.43
play,1,1,571711,,,13/SH.2-3,133.53,193.78
play,1,1,595281,,,T7/F.3-H,57.23,109.44
play,1,1,572853,,,13/G,124.50,191.77
play,1,1,541660,,,8/F,115.46,86.35
play,2,0,500716,,,S9/G,186.75,143.57
play,2,0,595351,,,8/F,138.55,91.37
play,2,0,573095,,,SB2
play,2,0,573095,,,K
play,2,0,542546,,,8/F,117.47,87.35
play,2,1,553889,,,8/F,118.47,111.45
play,2,1,596335,,,E3,150.60,183.73
play,2,1,545349,,,3/G.1-2,131.53,185.74
play,2,1,596334,,,K
play,3,0,595400,,,S9/L,147.59,148.59
play,3,0,542991,,,K
play,3,0,500726,,,POCS2(136)
play,3,0,500726,,,9/L,150.60,125.50
play,3,1,553891,,,63/G,111.45,172.69
play,3,1,571711,,,63/G,122.49,167.67
play,3,1,595281,,,S1/BG,123.49,198.80
play,3,1,572853,,,CS2
play,4,0,517539,,,53/G,108.43,171.69
play,4,0,595467,,,31/G,142.57,184.74
play,4,0,500716,,,K
play,4,1,572853,,,K
play,4,1,541660,,,S8/G,129.52,107.43
play,4,1,553889,,,WP.1-2
play,4,1,553889,,,4/P,154.62,174.70
play,4,1,596335,,,E6.2XH(65),123.49,177.71
play,5,0,595351,,,HP
play,5,0,573095,,,4/L,142.57,170.68
play,5,0,542546,,,7/F,56.22,118.47
play,5,0,595400,,,53/G,114.46,177.71
play,5,1,545349,,,W
play,5,1,596334,,,54(1)3/GDP/G5,96.39,182.73
play,5,1,553891,,,D9/F,163.65,125.50
play,5,1,571711,,,63/G,117.47,169.68
play,6,0,542991,,,8/F,65.26,91.37
play,6,0,500726,,,S7/G,96.39,125.50
play,6,0,517539,,,WP.1-2
play,6,0,517539,,,1/L,126.51,188.76
play,6,0,595467,,,K23
play,6,1,595281,,,K
play,6,1,572853,,,53/G,112.45,177.71
play,6,1,541660,,,K
play,7,0,500716,,,NP
sub,592176,Wade Broyles,1,0,1
play,7,0,500716,,,63/G,119.48,167.67
play,7,0,595351,,,63/G,112.45,171.69
play,7,0,573095,,,K
play,7,1,553889,,,NP
sub,594842,Tim Griffin,0,0,1
play,7,1,553889,,,K
play,7,1,596335,,,K
play,7,1,545349,,,K
play,8,0,542546,,,K
play,8,0,595400,,,8/F,128.51,99.40
play,8,0,542991,,,9/F,185.74,126.51
play,8,1,596334,,,K
play,8,1,553891,,,8/F,123.49,100.40
play,8,1,571711,,,E6,117.47,173.69
play,8,1,595281,,,PO1(13)
play,9,0,500726,,,43/G,147.59,173.69
play,9,0,517539,,,E6/TH,118.47,172.69
play,9,0,595467,,,S/G.1X2,139.56,175.70
play,9,0,500716,,,K
id,PriAPP201006300
info,visteam,PulAPP
info,hometeam,PriAPP
info,date,2010/06/30
start,542991,Jarrett Burgess,0,1,8
start,500726,Mario Yepez,0,2,7
start,517539,Ramon Morla,0,3,5
start,595467,James Wood,0,4,9
start,500716,Jorge Agudelo,0,5,4
start,571708,Andrew Giobbi,0,6,2
start,595351,Ethan Paquette,0,7,3
start,573095,Derek Poppert,0,8,10
start,595400,Jake Schlander,0,9,6
start,500722,Yovanny Olivero,0,0,1
start,595281,Kevin Kiermaier,1,1,10
start,571711,Todd Glaesmann,1,2,8
start,581660,Scott Lawson,1,3,5
start,572853,Bryan Fogle,1,4,7
start,501675,Ruben Contreras,1,5,9
start,517021,Gerardo Olivares,1,6,2
start,553891,Leonardo Reginatto,1,7,6
start,545349,Jeff Malm,1,8,3
start,541653,Felix Gonzalez,1,9,4
start,542311,Eliazer Suero,1,0,1
play,1,0,542991,,,K
play,1,0,500726,,,S9/F,202.81,123.49
play,1,0,517539,,,K
play,1,0,595467,,,S9/F.1-3,172.69,128.51
play,1,0,500716,,,SB2
play,1,0,500716,,,4/P,144.58,159.64
play,1,1,595281,,,E6,110.44,159.64
play,1,1,571711,,,K
play,1,1,581660,,,K
play,1,1,572853,,,D8/F.1-H,115.46,62.25
play,1,1,501675,,,K23
play,2,0,571708,,,S9/F,171.69,122.49
play,2,0,595351,,,W.1-2
play,2,0,573095,,,34/SH.1-2;2-3,139.56,187.75
play,2,0,595400,,,43/G.2-3;3-H,139.56,158.63
play,2,0,542991,,,K23
play,2,1,517021,,,HR/F,35.14,29.12
play,2,1,553891,,,S8/G,104.42,122.49
play,2,1,545349,,,CS2
play,2,1,545349,,,63/G,107.43,164.66
play,2,1,541653,,,53/G,106.43,182.73
play,3,0,500726,,,7/F,64.26,107.43
play,3,0,517539,,,D8/F,112.45,67.27
play,3,0,595467,,,K
play,3,0,500716,,,SB3
play,3,0,500716,,,S8/G.3-H,124.50,88.35
play,3,0,571708,,,SB2
play,3,0,571708,,,HP
play,3,0,595351,,,SB3
play,3,0,595351,,,63/G,120.48,165.66
play,3,1,595281,,,K
play,3,1,571711,,,S5/G,106.43,171.69
play,3,1,581660,,,W.1-2
play,3,1,572853,,,D9/F.1-3;2-H,192.77,95.38
play,3,1,501675,,,8/SF.2-3;3-H,120.48,83.33
play,3,1,517021,,,D7/F.3-H,48.19,93.37
play,3,1,553891,,,NP
sub,597055,Bryan Leigh,0,0,1
play,3,1,553891,,,E8.2-H;B-2,124.50,81.33
play,3,1,545349,,,K
play,4,0,573095,,,NP
sub,517014,Victor Mateo,1,0,1
play,4,0,573095,,,S7/G,85.34,136.55
play,4,0,595400,,,4/P,145.58,164.66
play,4,0,542991,,,K
play,4,0,500726,,,CS2
play,4,1,541653,,,S9/F,168.67,121.49
play,4,1,595281,,,FC2/B.1X2(26);B-1,124.50,205.82
play,4,1,571711,,,SB2
play,4,1,571711,,,W
play,4,1,581660,,,46(1)3/GDP/G4,144.58,164.66
play,5,0,500726,,,6/L,116.47,168.67
play,5,0,517539,,,9/F,184.74,95.38
play,5,0,595467,,,8/F,111.45,92.37
play,5,1,572853,,,53/G,105.42,172.69
play,5,1,501675,,,HP
play,5,1,517021,,,8/F,119.48,96.39
play,5,1,553891,,,SB2
play,5,1,553891,,,W
play,5,1,545349,,,E4.1-3;2-H,137.55,165.66
play,5,1,541653,,,S9/F.3-H;BX2(96),178.71,124.50
play,6,0,500716,,,7/F,68.27,107.43
play,6,0,571708,,,S9/F,162.65,122.49
play,6,0,595351,,,53/G.1-2,99.40,178.71
play,6,0,573095,,,8/F,103.41,79.32
play,6,1,595281,,,NP
sub,595280,Ryan Kiel,0,0,1
play,6,1,595281,,,K
play,6,1,571711,,,K
play,6,1,581660,,,W
play,6,1,572853,,,K
play,7,0,595400,,,S9/L,181.73,126.51
play,7,0,542991,,,K
play,7,0,500726,,,FC4/G.1X2(46);B-1,145.58,164.66
play,7,0,517539,,,W.1-2
play,7,0,595467,,,NP
sub,592434,George Jensen,1,0,1
play,7,0,595467,,,43/G,133.53,161.65
play,7,1,501675,,,3/PF,154.62,198.80
play,7,1,517021,,,K
play,7,1,553891,,,S9/F,173.69,135.54
play,7,1,545349,,,W.1-2
play,7,1,541653,,,FC5/G.2X3(5),107.43,182.73
play,8,0,500716,,,S8/G,125.50,103.41
play,8,0,571708,,,6(B)63(1)/LDP,114.46,165.66
play,8,0,595351,,,63/G,117.47,164.66
play,8,1,595281,,,NP
sub,544731,Yao Wen Chang,0,0,1
play,8,1,595281,,,S9/G,177.71,130.52
play,8,1,571711,,,K
play,8,1,581660,,,S8/G.1-2,132.53,105.42
play,8,1,572853,,,S8/F.1-2;2-3,118.47,100.40
play,8,1,501675,,,S8/G.1-2;2-3;3-H,111.45,112.45
play,8,1,517021,,,6/P,113.45,167.67
play,8,1,553891,,,S9/F.1-2;2-H;3-H,180.72,128.51
play,8,1,545349,,,FC6/G.1X2(64),115.46,168.67
play,9,0,573095,,,6/P,106.43,157.63
play,9,0,595400,,,K
play,9,0,542991,,,K
id,PriAPP201007040
info,visteam,BluAPP
info,hometeam,PriAPP
info,date,2010/07/04
start,525988,Moises Ciriaco,0,1,4
start,501531,Luis Ramirez,0,2,9
start,572245,Brenden Webb,0,3,8
start,573220,Joseph Velleggia,0,4,10
start,543848,Corey Thomas,0,5,3
start,572000,Michael Ohlman,0,6,2
start,594934,Michael Mosby,0,7,5
start,595041,Vincent Zazueta,0,8,6
start,543024,Edwin Cintron,0,9,7
start,543496,Jarret Martin,0,0,1
start,595281,Kevin Kiermaier,1,1,9
start,571711,Todd Glaesmann,1,2,8
start,581660,Scott Lawson,1,3,3
start,501675,Ruben Contreras,1,4,7
start,541660,Alejandro Segovia,1,5,10
start,553889,Hector Guevara,1,6,4
start,517021,Gerardo Olivares,1,7,2
start,553891,Leonardo Reginatto,1,8,6
start,596335,Brian Harris,1,9,5
start,542316,Braulio Lara,1,0,1
play,1,0,525988,,,S8/G,105.42,74.30
play,1,0,501531,,,7/F,75.30,102.41
play,1,0,572245,,,T8/F.1-H,147.59,57.23
play,1,0,573220,,,K
play,1,0,543848,,,K
play,1,1,595281,,,K
play,1,1,571711,,,53/G,99.40,174.70
play,1,1,581660,,,W
play,1,1,501675,,,FC4/G.1X2(46),139.56,157.63
play,2,0,572000,,,S8/F,117.47,63.25
play,2,0,594934,,,K
play,2,0,595041,,,E3/TH.1-2,145.58,172.69
play,2,0,543024,,,K
play,2,0,525988,,,FC6/G.1X2(64),116.47,154.62
play,2,1,541660,,,K23
play,2,1,553889,,,K
play,2,1,517021,,,S8/F,128.51,73.29
play,2,1,553891,,,FC6/G.1X2(64),101.41,155.62
play,3,0,501531,,,3/L,149.60,170.68
play,3,0,572245,,,W
play,3,0,573220,,,SB2
play,3,0,573220,,,BK.2-3
play,3,0,573220,,,S5/G.3-H,102.41,172.69
play,3,0,543848,,,HP.1-2
play,3,0,572000,,,D8/L.1-3;2-H,89.36,80.32
play,3,0,594934,,,K
play,3,0,595041,,,13/G,129.52,185.74
play,3,1,596335,,,13/G,120.48,181.73
play,3,1,595281,,,K
play,3,1,571711,,,31/G,160.64,165.66
play,4,0,543024,,,8/F,96.39,76.31
play,4,0,525988,,,4/P,143.57,153.61
play,4,0,501531,,,W
play,4,0,572245,,,NP
sub,592176,Wade Broyles,1,0,1
play,4,0,572245,,,343/G3,148.59,163.65
play,4,1,581660,,,NP
sub,571559,Anderson Childers,0,1,4
play,4,1,581660,,,W
play,4,1,501675,,,POCS2(136)
play,4,1,501675,,,63/G,114.46,150.60
play,4,1,541660,,,43/G,148.59,153.61
play,5,0,573220,,,K
play,5,0,543848,,,3/PF,169.68,174.70
play,5,0,572000,,,K
play,5,1,553889,,,63/G,125.50,157.63
play,5,1,517021,,,53/G,103.41,160.64
play,5,1,553891,,,S4/G,152.61,153.61
play,5,1,596335,,,K
play,6,0,594934,,,9/F,177.71,88.35
play,6,0,595041,,,9/F,163.65,92.37
play,6,0,543024,,,K
play,6,1,595281,,,S6/G,106.43,155.62
play,6,1,571711,,,WP.1-2
play,6,1,571711,,,W
play,6,1,581660,,,NP
sub,575248,Andrew Huebner,0,0,1
play,6,1,581660,,,4/P,145.58,146.59
play,6,1,501675,,,CS3;.1-2
play,6,1,501675,,,K
play,7,0,571559,,,W
play,7,0,501531,,,5/PF,88.35,178.71
play,7,0,572245,,,CS2
play,7,0,572245,,,7/F,46.18,102.41
play,7,1,541660,,,NP
sub,489314,Jeremy Shelby,0,3,8
play,7,1,541660,,,13/G,124.50,180.72
play,7,1,553889,,,13/G,121.49,203.82
play,7,1,517021,,,W
play,7,1,553891,,,FC6/G.1X2(64),115.46,151.61
play,8,0,573220,,,K
play,8,0,543848,,,S8/F,91.37,82.33
play,8,0,572000,,,K
play,8,0,594934,,,CS2
play,8,1,596335,,,8/F,101.41,64.26
play,8,1,595281,,,K
play,8,1,571711,,,K
play,9,0,595041,,,NP
sub,596332,Garret Carruth,1,0,1
play,9,0,594934,,,K
play,9,0,595041,,,53/G,102.41,163.65
play,9,0,543024,,,K23
play,9,1,581660,,,NP
sub,571540,Dustin Carder,0,0,1
play,9,1,581660,,,43/G,132.53,157.63
play,9,1,501675,,,8/F,136.55,79.32
play,9,1,541660,,,E6,117.47,151.61
play,9,1,553889,,,8/F,136.55,79.32
id,PriAPP201007050
info,visteam,BluAPP
info,hometeam,PriAPP
info,date,2010/07/05
start,572932,Kyle Hoppy,0,1,7
start,595611,Riley Hornback,0,2,10
start,572245,Brenden Webb,0,3,8
start,543848,Corey Thomas,0,4,3
start,572803,Brad Decater,0,5,5
start,501531,Luis Ramirez,0,6,9
start,525988,Moises Ciriaco,0,7,4
start,516653,Dashenko Ricardo,0,8,2
start,500161,Javier Santana,0,9,6
start,516671,Angel Cespedes,0,0,1
start,553891,Leonardo Reginatto,1,1,6
start,571711,Todd Glaesmann,1,2,8
start,595281,Kevin Kiermaier,1,3,9
start,572853,Bryan Fogle,1,4,7
start,517021,Gerardo Olivares,1,5,2
start,541653,Felix Gonzalez,1,6,4
start,596335,Brian Harris,1,7,5
start,545349,Jeff Malm,1,8,3
start,596334,Zane Williams,1,9,10
start,542311,Eliazer Suero,1,0,1
play,1,0,572932,,,43/G,135.54,169.68
play,1,0,595611,,,S9/F,164.66,143.57
play,1,0,572245,,,S9/F.1-2,165.66,143.57
play,1,0,543848,,,HP.1-2;2-3
play,1,0,572803,,,64(1)3/GDP/G6,114.46,167.67
play,1,1,553891,,,43/G,138.55,170.68
play,1,1,571711,,,K
play,1,1,595281,,,S8/F,125.50,136.55
play,1,1,572853,,,FC4/G.1X2(4),134.54,168.67
play,2,0,501531,,,S7/F,85.34,143.57
play,2,0,525988,,,S7/F.1-2,75.30,139.56
play,2,0,516653,,,K
play,2,0,500161,,,FC6/G.1X2(64);2-3;B-1,114.46,165.66
play,2,0,572932,,,43/G,140.56,171.69
play,2,1,517021,,,3/PF,143.57,205.82
play,2,1,541653,,,31/G,144.58,180.72
play,2,1,596335,,,HP
play,2,1,545349,,,FC4/G.1X2(46),134.54,170.68
play,3,0,595611,,,K
play,3,0,572245,,,43/G,142.57,172.69
play,3,0,543848,,,63/G,116.47,166.67
play,3,1,596334,,,4/P,138.55,162.65
play,3,1,553891,,,W
play,3,1,571711,,,4/P,146.59,165.66
play,3,1,595281,,,43/G,144.58,170.68
play,4,0,572803,,,S3/G,144.58,183.73
play,4,0,501531,,,9/F,179.72,122.49
play,4,0,525988,,,6/P,109.44,154.62
play,4,0,516653,,,K
play,4,1,572853,,,K
play,4,1,517021,,,E9.B-2,187.75,112.45
play,4,1,541653,,,S8/F.2XH;B-2,124.50,132.53
play,4,1,596335,,,43/G,140.56,172.69
play,5,0,500161,,,8/F,123.49,94.38
play,5,0,572932,,,W
play,5,0,595611,,,W.1-2
play,5,0,572245,,,46(1)3/GDP/G4,139.56,169.68
play,5,1,545349,,,K
play,5,1,596334,,,63/G,111.45,169.68
play,5,1,553891,,,E1,123.49,204.82
play,5,1,571711,,,8/F,140.56,77.31
play,6,0,543848,,,NP
sub,592434,George Jensen,1,0,1
play,6,0,543848,,,K
play,6,0,572803,,,43/G,143.57,172.69
play,6,0,501531,,,E3,160.64,144.58
play,6,0,525988,,,FC4/G.1X2(4),135.54,173.69
play,6,1,595281,,,S5/BG,110.44,194.78
play,6,1,572853,,,8/F,125.50,73.29
play,6,1,517021,,,54(1)3/GDP/G5,105.42,184.74
play,7,0,516653,,,S7/F,81.33,138.55
play,7,0,500161,,,E2/TH.1-2,122.49,202.81
play,7,0,572932,,,PO2(26)
play,7,0,572932,,,3/G.1-2,142.57,183.73
play,7,0,595611,,,5/PF,100.40,200.80
play,7,1,541653,,,S5/BG,111.45,193.78
play,7,1,596335,,,13/SH.1-2,123.49,201.81
play,7,1,545349,,,S8/F.2-3,129.52,141.57
play,7,1,596334,,,FC3.1-2;3XH(32),126.51,202.81
play,7,1,553891,,,K
play,8,0,572245,,,K
play,8,0,543848,,,S7/F,85.34,148.59
play,8,0,572803,,,FC4/G.1X2(46);B-1,138.55,167.67
play,8,0,501531,,,S7/F.1-2,83.33,147.59
play,8,0,525988,,,S6/G.2XH(62),115.46,174.70
play,8,1,571711,,,NP
sub,595315,Steven Mazur,0,0,1
play,8,1,571711,,,K
play,8,1,595281,,,53/G,108.43,181.73
play,8,1,572853,,,K
play,9,0,516653,,,NP
sub,501675,Ruben Contreras,1,2,9
play,9,0,500161,,,NP
sub,595281,Kevin Kiermaier,1,3,8
play,9,0,516653,,,S7/F.B-2(E7),80.32,128.51
play,9,0,595611,,,NP
sub,489314,Jeremy Shelby,0,8,12
play,9,0,500161,,,24/SH.2-3,120.48,198.80
play,9,0,572932,,,FC4.3XH(42),135.54,181.73
play,9,0,595611,,,WP.1-2
play,9,0,595611,,,3/P,151.61,166.67
play,9,1,517021,,,NP
sub,572000,Michael Ohlman,0,8,2
play,9,1,541653,,,NP
sub,504322,Sam Taveras,0,0,1
play,9,1,517021,,,W
play,9,1,545349,,,NP
sub,553889,Hector Guevara,1,5,12
play,9,1,541653,,,K
play,9,1,596335,,,8/F,119.48,87.35
play,9,1,545349,,,13/G,123.49,196.79
play,10,0,572245,,,NP
sub,541660,Alejandro Segovia,1,5,2
play,10,0,543848,,,NP
sub,596333,Matthew Gilson,1,0,1
play,10,0,572245,,,W
play,10,0,543848,,,53/SH.1-2,114.46,195.78
play,10,0,572803,,,E4.2-H,135.54,165.66
play,10,0,501531,,,K
play,10,0,525988,,,FC6/G.1X2(64),114.46,167.67
play,10,1,596334,,,6/P,119.48,157.63
play,10,1,553891,,,K
play,10,1,501675,,,E4,139.56,162.65
play,10,1,595281,,,WP.1-2
play,10,1,595281,,,43/G,137.55,172.69
id,PriAPP201007060
info,visteam,BluAPP
info,hometeam,PriAPP
info,date,2010/07/06
start,572932,Kyle Hoppy,0,1,7
start,525988,Moises Ciriaco,0,2,4
start,572245,Brenden Webb,0,3,10
start,543848,Corey Thomas,0,4,3
start,572803,Brad Decater,0,5,5
start,572000,Michael Ohlman,0,6,2
start,501531,Luis Ramirez,0,7,9
start,489314,Jeremy Shelby,0,8,8
start,595041,Vincent Zazueta,0,9,6
start,571458,David Baker,0,0,1
start,595281,Kevin Kiermaier,1,1,9
start,571711,Todd Glaesmann,1,2,8
start,581660,Scott Lawson,1,3,5
start,501675,Ruben Contreras,1,4,7
start,541653,Felix Gonzalez,1,5,10
start,553889,Hector Guevara,1,6,4
start,553891,Leonardo Reginatto,1,7,6
start,545349,Jeff Malm,1,8,3
start,596334,Zane Williams,1,9,2
start,572015,Jacob Partridge,1,0,1
play,1,0,572932,,,K
play,1,0,525988,,,E5,101.41,181.73
play,1,0,572245,,,W.1-2
play,1,0,543848,,,WP.1-2;2-3
play,1,0,543848,,,S7/F.2-3;3-H,52.21,130.52
play,1,0,572803,,,9/F,158.63,141.57
play,1,0,572000,,,SB2
play,1,0,572000,,,W
play,1,0,501531,,,43/G,141.57,173.69
play,1,1,595281,,,63/G,112.45,167.67
play,1,1,571711,,,63/G,111.45,167.67
play,1,1,581660,,,W
play,1,1,501675,,,7/FF,16.06,176.71
play,2,0,489314,,,S5/BG,106.43,176.71
play,2,0,placeholder,,,POCS2(136)
play,2,0,595041,,,S9/F,146.59,148.59
play,2,0,572932,,,S9/G.1-3,148.59,144.58
play,2,0,525988,,,S8/G.1-2;3-H,100.40,116.47
play,2,0,572245,,,2/PF,50.20,201.81
play,2,0,543848,,,6/P,113.45,165.66
play,2,1,541653,,,31/G,147.59,179.72
play,2,1,553889,,,K
play,2,1,553891,,,63/G,117.47,172.69
play,3,0,572803,,,D9/F,197.79,114.46
play,3,0,572000,,,WP.2-3
play,3,0,572000,,,K
play,3,0,501531,,,K
play,3,0,489314,,,K
play,3,1,545349,,,K
play,3,1,596334,,,W
play,3,1,595281,,,W.1-2
play,3,1,571711,,,S7/F.1-2;2-3,53.21,123.49
play,3,1,581660,,,3/L,147.59,178.71
play,3,1,501675,,,K
play,4,0,595041,,,NP
sub,517014,Victor Mateo,1,0,1
play,4,0,595041,,,63/G,121.49,169.68
play,4,0,572932,,,S6/G,119.48,171.69
play,4,0,525988,,,6/P,98.39,149.60
play,4,0,572245,,,S9/F.1-2,144.58,146.59
play,4,0,543848,,,K
play,4,1,541653,,,K+PB.B-1
play,4,1,553889,,,8/F,118.47,89.36
play,4,1,553891,,,K
play,4,1,545349,,,SB2
play,4,1,545349,,,K
play,5,0,572803,,,D8/F,113.45,98.39
play,5,0,572000,,,D9/F.2-H,180.72,121.49
play,5,0,501531,,,7/F,71.29,109.44
play,5,0,489314,,,S5/G,102.41,179.72
play,5,0,595041,,,46(1)3/GDP/G4,147.59,167.67
play,5,1,596334,,,4/P,132.53,168.67
play,5,1,595281,,,K
play,5,1,571711,,,K
play,6,0,572932,,,7/FF,32.13,141.57
play,6,0,525988,,,E5/TH.B-2,108.43,177.71
play,6,0,572245,,,3/G.2-3,156.63,176.71
play,6,0,543848,,,8/F,104.42,98.39
play,6,1,581660,,,NP
sub,543637,Zachary Petersime,0,0,1
play,6,1,581660,,,43/G,152.61,153.61
play,6,1,501675,,,43/G,150.60,170.68
play,6,1,541653,,,6/L,129.52,168.67
play,7,0,572803,,,NP
sub,595263,Mickey Jannis,1,0,1
play,7,0,572803,,,31/G,136.55,169.68
play,7,0,572000,,,K
play,7,0,501531,,,K
play,7,1,553889,,,13/G,128.51,197.79
play,7,1,553891,,,8/F,106.43,96.39
play,7,1,545349,,,S8/G,104.42,108.43
play,7,1,596334,,,PB.1-2
play,7,1,596334,,,3/G,145.58,188.76
play,8,0,489314,,,43/G,148.59,164.66
play,8,0,595041,,,E4,132.53,182.73
play,8,0,572932,,,SB2
play,8,0,572932,,,63/G.2-3,124.50,159.64
play,8,0,525988,,,7/F,91.37,119.48
play,8,1,595281,,,W
play,8,1,571711,,,7/F,56.22,124.50
play,8,1,581660,,,S7/L.1-2,85.34,129.52
play,8,1,501675,,,K
play,8,1,541653,,,E4.1-2;2-3,147.59,167.67
play,8,1,553889,,,S8/L.1-2;2-3;3-H,112.45,104.42
play,8,1,553891,,,NP
sub,571540,Dustin Carder,0,0,1
play,8,1,553891,,,63/G,113.45,163.65
play,9,0,572245,,,63/G,114.46,165.66
play,9,0,543848,,,S7/G,54.22,118.47
play,9,0,572803,,,S5/G.1-2,109.44,178.71
play,9,0,572000,,,K
play,9,0,501531,,,13/G,0.00,0.00
play,9,1,545349,,,13/G,124.50,195.78
play,9,1,596334,,,S8/G,106.43,97.39
play,9,1,595281,,,E7.1-3;B-2,62.25,128.51
play,9,1,571711,,,WP.2-3;3-H
play,9,1,571711,,,W
play,9,1,581660,,,SH.1-2;3-H;B-1,123.49,199.80
play,9,1,501675,,,S9/G.1-2;2-H,164.66,141.57
id,PriAPP201007070
info,visteam,EliAPP
info,hometeam,PriAPP
info,date,2010/07/07
start,542454,Daniel Santana,0,1,6
start,527033,Hyeong-rok Choi,0,2,10
start,542455,Oswaldo Arcia,0,3,8
start,571861,Kyle Knudson,0,4,2
start,594973,Lance Ray,0,5,9
start,594896,Andy Leer,0,6,5
start,592184,Brian Burke,0,7,3
start,475774,Gunner Glad,0,8,7
start,572993,Nick Lockwood,0,9,4
start,542565,Adrian Salcedo,0,0,1
start,595281,Kevin Kiermaier,1,1,9
start,571711,Todd Glaesmann,1,2,8
start,581660,Scott Lawson,1,3,5
start,501675,Ruben Contreras,1,4,10
start,541660,Alejandro Segovia,1,5,2
start,553889,Hector Guevara,1,6,4
start,517028,Cesar Guillen,1,7,7
start,545349,Jeff Malm,1,8,3
start,596335,Brian Harris,1,9,6
start,544836,Enny Romero,1,0,1
play,1,0,542454,,,K
play,1,0,527033,,,K
play,1,0,542455,,,S7/G,66.27,124.50
play,1,0,571861,,,K
play,1,1,595281,,,43/G,151.61,167.67
play,1,1,571711,,,S1/BG,123.49,198.80
play,1,1,581660,,,S5/G.1-3(E5)(E5/TH);B-2,107.43,181.73
play,1,1,501675,,,7/SF.3-H,55.22,115.46
play,1,1,541660,,,D9/F.2-H,180.72,112.45
play,1,1,553889,,,43/G,148.59,168.67
play,2,0,594973,,,8/F,116.47,86.35
play,2,0,594896,,,K
play,2,0,592184,,,S5/G,104.42,182.73
play,2,0,475774,,,HP.1-2
play,2,0,572993,,,13/G,132.53,199.80
play,2,1,517028,,,7/F,62.25,108.43
play,2,1,545349,,,43/G,134.54,177.71
play,2,1,596335,,,D7/F,90.36,104.42
play,2,1,595281,,,K
play,3,0,542454,,,8/F,115.46,88.35
play,3,0,527033,,,K
play,3,0,542455,,,S7/F,61.24,112.45
play,3,0,571861,,,FC6/G.1X2(64),123.49,172.69
play,3,1,571711,,,63/G,117.47,168.67
play,3,1,581660,,,43/G,134.54,177.71
play,3,1,501675,,,7/F,61.24,118.47
play,4,0,594973,,,HP
play,4,0,594896,,,K
play,4,0,592184,,,SB2
play,4,0,592184,,,3/G.2-3,139.56,179.72
play,4,0,475774,,,K
play,4,1,541660,,,43/G,143.57,172.69
play,4,1,553889,,,63/G,107.43,171.69
play,4,1,517028,,,S9/L,180.72,133.53
play,4,1,545349,,,CS2
play,5,0,572993,,,NP
sub,595371,Chris Rearick,1,0,1
play,5,0,572993,,,S2/G,124.50,196.79
play,5,0,542454,,,D7/F.1-H,48.19,109.44
play,5,0,527033,,,W
play,5,0,542455,,,E4.1-3(E2)(E2);2-H,144.58,178.71
play,5,0,571861,,,S9/F.1-3;3-H,172.69,134.54
play,5,0,594973,,,S7/F.1-2,85.34,139.56
play,5,0,594896,,,K
play,5,0,592184,,,K
play,5,0,475774,,,563/G5,106.43,179.72
play,5,1,545349,,,K
play,5,1,596335,,,9/F,154.62,127.51
play,5,1,595281,,,3/G,144.58,186.75
play,6,0,572993,,,13/G,117.47,189.76
play,6,0,542454,,,9/F,167.67,127.51
play,6,0,527033,,,E6,107.43,167.67
play,6,0,542455,,,S9/G.1-2,149.60,142.57
play,6,0,571861,,,FC6/G.1X2(64),101.41,167.67
play,6,1,571711,,,53/G,100.40,180.72
play,6,1,581660,,,K
play,6,1,501675,,,3/G,149.60,192.77
play,7,0,594973,,,K
play,7,0,594896,,,D8/F,82.33,87.35
play,7,0,592184,,,S9/F.2-3,136.55,124.50
play,7,0,475774,,,3/PF,187.75,207.83
play,7,0,572993,,,E2.1-2;B-1,94.42,94.12
play,7,0,542454,,,FC6/G.1X2(64),117.47,167.67
play,7,1,541660,,,D7/G,79.32,139.56
play,7,1,553889,,,HP
play,7,1,517028,,,S8/G.1-2;2-3,95.38,106.43
play,7,1,545349,,,NP
sub,572809,Clinton Dempster,0,0,1
play,7,1,545349,,,HP.1-2;2-3;3-H
play,7,1,596335,,,4(1)3/G4/GDP.2-3;3-H,142.57,175.70
play,7,1,595281,,,K
play,8,0,527033,,,NP
sub,596332,Garret Carruth,1,0,1
play,8,0,527033,,,D7/F,81.33,98.39
play,8,0,542455,,,BK.2-3
play,8,0,542455,,,S8/G.3-H,99.40,113.45
play,8,0,571861,,,K
play,8,0,594973,,,S9/G.1-2,155.62,136.55
play,8,0,594896,,,WP.1-2;2-3
play,8,0,594896,,,HR/F.2-H;3-H,47.19,42.17
play,8,0,592184,,,K
play,8,0,475774,,,D8/F,87.35,95.38
play,8,0,572993,,,63/G,109.44,167.67
play,8,1,571711,,,NP
sub,592382,Matthew Hauser,0,0,1
play,8,1,571711,,,9/F,188.76,131.53
play,8,1,581660,,,K
play,8,1,501675,,,4/P,141.57,166.67
play,9,0,542454,,,43/G,132.53,167.67
play,9,0,527033,,,63/G,115.46,170.68
play,9,0,542455,,,HP
play,9,0,571861,,,43/G,138.55,173.69
play,9,1,541660,,,13/G,124.50,198.80
play,9,1,553889,,,HP
play,9,1,517028,,,S9/F.1-2,140.56,144.58
play,9,1,545349,,,K
play,9,1,596335,,,3/G,142.57,183.73
id,PriAPP201007080
info,visteam,EliAPP
info,hometeam,PriAPP
info,date,2010/07/08
start,542454,Daniel Santana,0,1,6
start,594973,Lance Ray,0,2,3
start,542455,Oswaldo Arcia,0,3,8
start,594896,Andy Leer,0,4,5
start,543611,Daniel Ortiz,0,5,7
start,573121,Nathaniel Roberts,0,6,10
start,475774,Gunner Glad,0,7,9
start,516612,Jhonatan Arias,0,8,2
start,594849,Jamaal Hawkins,0,9,4
start,543908,Blayne Weller,0,0,1
start,553891,Leonardo Reginatto,1,1,6
start,571711,Todd Glaesmann,1,2,8
start,595281,Kevin Kiermaier,1,3,10
start,572853,Bryan Fogle,1,4,7
start,517021,Gerardo Olivares,1,5,2
start,553889,Hector Guevara,1,6,4
start,517028,Cesar Guillen,1,7,9
start,545349,Jeff Malm,1,8,3
start,541653,Felix Gonzalez,1,9,5
start,571479,Andrew Bellatti,1,0,1
play,1,0,542454,,,63/G,115.46,171.69
play,1,0,594973,,,D7/F,46.18,121.49
play,1,0,542455,,,6/L,107.43,176.71
play,1,0,594896,,,K
play,1,1,553891,,,4/P,140.56,170.68
play,1,1,571711,,,D9/F,158.63,122.49
play,1,1,595281,,,K23
play,1,1,572853,,,CS3
play,2,0,543611,,,W
play,2,0,573121,,,FC5/G.1X2(54);BX2(34),107.43,181.73
play,2,0,475774,,,9/F,185.74,126.51
play,2,1,572853,,,K
play,2,1,517021,,,8/F,118.47,78.31
play,2,1,553889,,,43/G,133.53,173.69
play,3,0,516612,,,5/PF,33.13,196.79
play,3,0,594849,,,D8/F,110.44,93.37
play,3,0,542454,,,K
play,3,0,594973,,,PO2(?6)
play,3,1,517028,,,43/G,133.53,178.71
play,3,1,545349,,,E3,144.58,185.74
play,3,1,541653,,,FC4/G.1X2(4);B-1,131.53,173.69
play,3,1,553891,,,E6.1-2,117.47,175.70
play,3,1,571711,,,FC6/G.1X2(64),107.43,177.71
play,4,0,594973,,,S8/F,108.43,83.33
play,4,0,542455,,,46(1)3/GDP/G4,141.57,171.69
play,4,0,594896,,,E8.B-2,110.44,73.29
play,4,0,543611,,,9/F,161.65,117.47
play,4,1,595281,,,1/P,122.49,199.80
play,4,1,572853,,,8/F,128.51,105.42
play,4,1,517021,,,K
play,5,0,573121,,,13/G,128.51,196.79
play,5,0,475774,,,63/G,106.43,177.71
play,5,0,516612,,,K
play,5,1,553889,,,S7/G,55.22,136.55
play,5,1,517028,,,FC5/G.1X2(54);B-1,107.43,177.71
play,5,1,545349,,,HR/F.1-H,191.77,47.19
play,5,1,541653,,,K
play,5,1,553891,,,S9/G,191.77,150.60
play,5,1,571711,,,S6/G.1-2,99.40,167.67
play,5,1,595281,,,S8/G.1-3;2-H;B-2,105.42,114.46
play,5,1,572853,,,7/F,60.24,140.56
play,6,0,594849,,,HR/F,63.25,43.17
play,6,0,542454,,,3/BG,144.58,189.76
play,6,0,594973,,,W
play,6,0,542455,,,D8/F.1-H,143.57,91.37
play,6,0,594896,,,NP
sub,596333,Matthew Gilson,1,0,1
play,6,0,594896,,,9/F.2-3,154.62,133.53
play,6,0,543611,,,9/F,185.74,127.51
play,6,1,517021,,,K
play,6,1,553889,,,E6/TH.B-2,115.46,175.70
play,6,1,517028,,,43/G.2-3,137.55,176.71
play,6,1,545349,,,K
play,7,0,573121,,,5/PF,34.14,190.76
play,7,0,475774,,,53/G,100.40,180.72
play,7,0,516612,,,HR/F,16.06,66.27
play,7,0,594849,,,E6,107.43,177.71
play,7,0,542454,,,FC6/G.1X2(64),118.47,168.67
play,7,1,541653,,,NP
sub,572155,Sam Spangler,0,0,1
play,7,1,541653,,,K
play,7,1,553891,,,D7/F,52.21,113.45
play,7,1,571711,,,K
play,7,1,595281,,,W
play,7,1,572853,,,SB3
play,7,1,572853,,,53/G,106.43,181.73
play,8,0,594973,,,S8/G,123.49,129.52
play,8,0,542455,,,FC4/G.1X2(46);B-1,142.57,172.69
play,8,0,594896,,,FC5/G.1X2(54);B-1,106.43,180.72
play,8,0,543611,,,K
play,8,1,517021,,,K
play,8,1,553889,,,1/L,120.48,197.79
play,8,1,517028,,,S7/G,53.21,125.50
play,8,1,545349,,,POCS2(136)
play,9,0,573121,,,S9/G,133.53,130.52
play,9,0,475774,,,6/L,98.39,169.68
play,9,0,516612,,,SB2;1-3(E2)(E2/TH)
play,9,0,516612,,,K
play,9,0,594849,,,K
play,9,1,545349,,,K
play,9,1,541653,,,43/G,136.55,164.66
play,9,1,553891,,,K
play,10,0,542454,,,NP
sub,592176,Wade Broyles,1,0,1
play,10,0,542454,,,D7/G,72.29,126.51
play,10,0,594973,,,T8/F.2-H;B-H,122.49,78.31
play,10,0,542455,,,K
play,10,0,594896,,,K
play,10,0,543611,,,3/P,148.59,184.74
play,10,1,571711,,,NP
sub,518701,Nelvin Fuentes,0,0,1
play,10,1,571711,,,W
play,10,1,595281,,,S7/G.1-2,83.33,131.53
play,10,1,572853,,,K
play,10,1,517021,,,E5/TH.1-2;2-3,94.38,178.71
play,10,1,553889,,,K
play,10,1,517028,,,4/P,139.56,169.68
id,PriAPP201007090
info,visteam,EliAPP
info,hometeam,PriAPP
info,date,2010/07/09
start,542454,Daniel Santana,0,1,6
start,475774,Gunner Glad,0,2,9
start,542455,Oswaldo Arcia,0,3,8
start,594896,Andy Leer,0,4,5
start,592184,Brian Burke,0,5,3
start,543611,Daniel Ortiz,0,6,7
start,516612,Jhonatan Arias,0,7,2
start,594849,Jamaal Hawkins,0,8,10
start,572993,Nick Lockwood,0,9,4
start,594951,Ryan O'Rourke,0,0,1
start,553891,Leonardo Reginatto,1,1,6
start,571711,Todd Glaesmann,1,2,8
start,581660,Scott Lawson,1,3,5
start,572853,Bryan Fogle,1,4,7
start,501675,Ruben Contreras,1,5,9
start,541660,Alejandro Segovia,1,6,2
start,553889,Hector Guevara,1,7,4
start,545349,Jeff Malm,1,8,3
start,517028,Cesar Guillen,1,9,10
start,542316,Braulio Lara,1,0,1
play,1,0,542454,,,S9/F,154.62,134.54
play,1,0,475774,,,8/F,126.51,83.33
play,1,0,542455,,,D8/F.1-H,133.53,68.27
play,1,0,594896,,,53/G.2-3,106.43,181.73
play,1,0,592184,,,K
play,1,1,553891,,,43/G,136.55,173.69
play,1,1,571711,,,5/BP,111.45,193.78
play,1,1,581660,,,K23
play,2,0,543611,,,S5/G,103.41,179.72
play,2,0,516612,,,2/PF,124.50,229.92
play,2,0,594849,,,54(1)3/GDP/G5,104.42,180.72
play,2,1,572853,,,D7/F,66.27,119.48
play,2,1,501675,,,23/SH.2-3,122.49,204.82
play,2,1,541660,,,8/SF.3-H,120.48,95.38
play,2,1,553889,,,D8/G,32.13,116.47
play,2,1,545349,,,43/G,133.53,170.68
play,3,0,placeholder,,,NP
sub,596335,Brian Harris,1,1,6
play,3,0,572993,,,8/L,128.51,103.41
play,3,0,542454,,,4/P,128.51,177.71
play,3,0,475774,,,8/F,124.50,97.39
play,3,1,517028,,,13/G,128.51,189.76
play,3,1,596335,,,K
play,3,1,571711,,,HR/L,229.92,94.38
play,3,1,581660,,,23/BG,127.51,200.80
play,4,0,542455,,,43/G,135.54,172.69
play,4,0,594896,,,K
play,4,0,592184,,,13/G,131.53,184.74
play,4,1,572853,,,S8/G,124.50,110.44
play,4,1,501675,,,S7/G.1-2,68.27,129.52
play,4,1,541660,,,S7/L.1-2;2-3,80.32,131.53
play,4,1,553889,,,K
play,4,1,545349,,,K
play,4,1,517028,,,S9/G.1-3;2-H;3-H;B-2(E9),175.70,134.54
play,4,1,596335,,,K23
play,5,0,543611,,,8/L,136.55,101.41
play,5,0,516612,,,D7/F,124.50,108.43
play,5,0,594849,,,W
play,5,0,572993,,,K
play,5,0,542454,,,4/P,128.51,175.70
play,5,1,571711,,,13/G,129.52,187.75
play,5,1,581660,,,K
play,5,1,572853,,,43/G,134.54,168.67
play,6,0,475774,,,7/F,74.30,114.46
play,6,0,542455,,,43/G,130.52,170.68
play,6,0,594896,,,K
play,6,1,501675,,,NP
sub,501717,Jean Mijares,0,0,1
play,6,1,501675,,,W
play,6,1,541660,,,CS2
play,6,1,541660,,,K23
play,6,1,553889,,,K
play,7,0,592184,,,E9.B-3,176.71,133.53
play,7,0,543611,,,S8/G.3-H,118.47,116.47
play,7,0,516612,,,W.1-2
play,7,0,594849,,,K
play,7,0,572993,,,K
play,7,0,542454,,,FC5/G.1X2(54),98.39,178.71
id,PriAPP201007140
info,visteam,BriAPP
info,hometeam,PriAPP
info,date,2010/07/14
start,543388,Jordan Keegan,0,1,7
start,596881,Qualon Millender,0,2,8
start,506999,John Spatola,0,3,9
start,542941,Daniel Black,0,4,3
start,594990,Michael Schwartz,0,5,10
start,555543,Chase Blackwood,0,6,2
start,592660,Rangel Ravelo,0,7,5
start,595033,Ethan Wilson,0,8,6
start,500875,Jeffer Patino,0,9,4
start,460094,Matt Long,0,0,1
start,595281,Kevin Kiermaier,1,1,9
start,571711,Todd Glaesmann,1,2,8
start,581660,Scott Lawson,1,3,5
start,501675,Ruben Contreras,1,4,10
start,541660,Alejandro Segovia,1,5,2
start,553889,Hector Guevara,1,6,4
start,517028,Cesar Guillen,1,7,7
start,545349,Jeff Malm,1,8,3
start,541653,Felix Gonzalez,1,9,6
start,571479,Andrew Bellatti,1,0,1
play,1,0,543388,,,9/F,177.71,86.35
play,1,0,596881,,,13/G,121.49,180.72
play,1,0,506999,,,31/G,146.59,165.66
play,1,1,595281,,,13/G,122.49,187.75
play,1,1,571711,,,53/G,100.40,175.70
play,1,1,581660,,,43/G,142.57,153.61
play,2,0,542941,,,D9/F,164.66,91.37
play,2,0,594990,,,K
play,2,0,555543,,,K
play,2,0,592660,,,WP.2-3
play,2,0,592660,,,S9/F.3-H,167.67,96.39
play,2,0,595033,,,PB.1-2
play,2,0,595033,,,K
play,2,1,501675,,,S1/BG.B-2(E1/TH),119.48,191.77
play,2,1,541660,,,WP.2-H(E2/TH)
play,2,1,541660,,,HP
play,2,1,553889,,,36(1)3/GDP/G3,157.63,173.69
play,2,1,517028,,,53/G,108.43,174.70
play,3,0,500875,,,7/F,47.19,106.43
play,3,0,543388,,,4/P,141.57,151.61
play,3,0,596881,,,43/G,133.53,154.62
play,3,1,placeholder,,,NP
sub,571765,Matthew Heidenreich,0,0,1
play,3,1,545349,,,53/G,108.43,165.66
play,3,1,541653,,,S5/BG,106.43,178.71
play,3,1,595281,,,9/F,182.73,86.35
play,3,1,571711,,,S8/F.1-3,108.43,74.30
play,3,1,581660,,,43/G,136.55,151.61
play,4,0,506999,,,13/G,129.52,189.76
play,4,0,542941,,,9/F,162.65,79.32
play,4,0,594990,,,6/P,116.47,153.61
play,4,1,501675,,,31/G,150.60,164.66
play,4,1,541660,,,63/G,108.43,152.61
play,4,1,553889,,,43/G,142.57,157.63
play,5,0,555543,,,63/G,120.48,149.60
play,5,0,592660,,,9/F,158.63,88.35
play,5,0,595033,,,K
play,5,1,517028,,,E6,108.43,152.61
play,5,1,545349,,,CS2
play,5,1,545349,,,W
play,5,1,541653,,,63/G.1-2,108.43,144.58
play,5,1,595281,,,K
play,6,0,500875,,,6/P,105.42,154.62
play,6,0,543388,,,K
play,6,0,596881,,,63/G,115.46,153.61
play,6,1,571711,,,13/G,135.54,186.75
play,6,1,581660,,,S8/F,101.41,92.37
play,6,1,501675,,,SB2
play,6,1,501675,,,63/G.2-3,110.44,149.60
play,6,1,541660,,,E6/TH.3-H,114.46,156.63
play,6,1,553889,,,SB2
play,6,1,553889,,,PB.2-3
play,6,1,553889,,,S7/F.3-H,85.34,79.32
play,6,1,517028,,,7/F,91.37,89.36
play,7,0,506999,,,NP
sub,595263,Mickey Jannis,1,0,1
play,7,0,506999,,,6/P,106.43,142.57
play,7,0,542941,,,K
play,7,0,594990,,,W
play,7,0,555543,,,D7/F.1XH,52.21,98.39
play,7,1,545349,,,43/G,142.57,149.60
play,7,1,541653,,,7/F,77.31,101.41
play,7,1,595281,,,K
play,8,0,592660,,,S4/G,139.56,155.62
play,8,0,595033,,,9/F,154.62,82.33
play,8,0,500875,,,64(1)3/GDP/G6,114.46,153.61
play,8,1,571711,,,NP
sub,571547,Jarrett Casey,0,0,1
play,8,1,571711,,,D7/F,34.14,107.43
play,8,1,581660,,,WP.2-3
play,8,1,581660,,,HR/F.3-H,219.88,53.21
play,8,1,501675,,,K
play,8,1,541660,,,8/F,122.49,76.31
play,8,1,553889,,,S4/G,126.51,161.65
play,8,1,517028,,,K
play,9,0,543388,,,53/G,105.42,169.68
play,9,0,596881,,,K
play,9,0,506999,,,S6/G,112.45,156.63
play,9,0,542941,,,K
id,PriAPP201007150
info,visteam,BriAPP
info,hometeam,PriAPP
info,date,2010/07/15
start,543388,Jordan Keegan,0,1,8
start,596880,J. D. Ashbrook,0,2,7
start,542941,Daniel Black,0,3,2
start,506999,John Spatola,0,4,9
start,572794,Robert Cummings,0,5,10
start,594990,Michael Schwartz,0,6,3
start,592660,Rangel Ravelo,0,7,5
start,595033,Ethan Wilson,0,8,6
start,592715,Bradley Salgado,0,9,4
start,542890,Spencer Arroyo,0,0,1
start,595281,Kevin Kiermaier,1,1,10
start,571711,Todd Glaesmann,1,2,8
start,581660,Scott Lawson,1,3,5
start,501675,Ruben Contreras,1,4,9
start,541660,Alejandro Segovia,1,5,2
start,553889,Hector Guevara,1,6,4
start,517028,Cesar Guillen,1,7,7
start,572874,Geno Glynn,1,8,3
start,541653,Felix Gonzalez,1,9,6
start,542316,Braulio Lara,1,0,1
play,1,0,543388,,,K
play,1,0,596880,,,3/G,139.56,182.73
play,1,0,542941,,,53/G,99.40,181.73
play,1,1,595281,,,K
play,1,1,571711,,,43/G,138.55,176.71
play,1,1,581660,,,HP
play,1,1,501675,,,WP.1-2
play,1,1,501675,,,3/G,135.54,175.70
play,2,0,506999,,,W
play,2,0,572794,,,S8/G.1-2,141.57,137.55
play,2,0,594990,,,K
play,2,0,592660,,,46(1)3/GDP/G4,139.56,171.69
play,2,1,541660,,,8/F,137.55,77.31
play,2,1,553889,,,S9/G,156.63,151.61
play,2,1,517028,,,D8/F.1XH;B-3,120.48,67.27
play,2,1,572874,,,W
play,2,1,541653,,,FC6/G.1X2(64),105.42,170.68
play,3,0,595033,,,W
play,3,0,592715,,,CS2
play,3,0,592715,,,53/G,102.41,171.69
play,3,0,543388,,,K+WP.B-1
play,3,0,596880,,,CS2
play,3,1,595281,,,K
play,3,1,571711,,,9/F,190.76,110.44
play,3,1,581660,,,7/F,47.19,99.40
play,4,0,596880,,,63/G,102.41,182.73
play,4,0,542941,,,53/G,99.40,179.72
play,4,0,506999,,,S9/L,156.63,146.59
play,4,0,572794,,,D9/F.1-3,183.73,116.47
play,4,0,594990,,,53/G,105.42,178.71
play,4,1,501675,,,63/G,100.40,176.71
play,4,1,541660,,,9/F,147.59,147.59
play,4,1,553889,,,63/G,105.42,172.69
play,5,0,592660,,,HR/F,43.17,81.33
play,5,0,595033,,,1/G,124.50,190.76
play,5,0,592715,,,W
play,5,0,543388,,,K
play,5,0,596880,,,WP.1-2
play,5,0,596880,,,W
play,5,0,542941,,,53/G,110.44,174.70
play,5,1,517028,,,K
play,5,1,572874,,,S7/L,104.42,135.54
play,5,1,541653,,,FC1/G.1X2(16);B-2(E6/TH),127.51,186.75
play,5,1,595281,,,K
play,6,0,506999,,,NP
sub,592677,C. J. Riefenhauser,1,0,1
play,6,0,506999,,,K
play,6,0,572794,,,W
play,6,0,594990,,,K
play,6,0,592660,,,W.1-2
play,6,0,595033,,,S9/L.1-3;2-H;B-2,139.56,155.62
play,6,0,592715,,,63/G,107.43,176.71
play,6,1,571711,,,9/F,189.76,104.42
play,6,1,581660,,,8/F,115.46,96.39
play,6,1,501675,,,S8/G.BX2(86),133.53,125.50
play,7,0,543388,,,NP
sub,596333,Matthew Gilson,1,0,1
play,7,0,543388,,,S7/G,100.40,151.61
play,7,0,596880,,,54(1)3/GDP/G5,107.43,172.69
play,7,0,542941,,,63/G,112.45,180.72
play,7,1,541660,,,NP
sub,518457,Josh Billeaud,0,0,1
play,7,1,541660,,,63/G,108.43,169.68
play,7,1,553889,,,W
play,7,1,517028,,,WP.1-2
play,7,1,517028,,,3/G.2-3,137.55,183.73
play,7,1,572874,,,8/F,120.48,76.31
play,8,0,506999,,,K
play,8,0,572794,,,31/G,146.59,170.68
play,8,0,594990,,,W
play,8,0,592660,,,9/F,199.80,100.40
play,8,1,541653,,,4/P,127.51,167.67
play,8,1,595281,,,43/G,142.57,171.69
play,8,1,571711,,,K
play,9,0,595033,,,9/F,175.70,118.47
play,9,0,592715,,,K
play,9,0,543388,,,K
play,9,1,581660,,,NP
sub,534743,Kevin Moran,0,0,1
play,9,1,581660,,,W
play,9,1,501675,,,WP.1-2
play,9,1,501675,,,W
play,9,1,541660,,,K
play,9,1,553889,,,FC4/G.1X2(46);2-3;B-1,141.57,166.67
play,9,1,517028,,,PO?(E?).1-3;3-H
play,9,1,517028,,,K
id,PriAPP201007160
info,visteam,BriAPP
info,hometeam,PriAPP
info,date,2010/07/16
start,543388,Jordan Keegan,0,1,7
start,596881,Qualon Millender,0,2,8
start,542941,Daniel Black,0,3,3
start,572794,Robert Cummings,0,4,10
start,506999,John Spatola,0,5,9
start,592660,Rangel Ravelo,0,6,5
start,594948,Sean O'Connell,0,7,2
start,595033,Ethan Wilson,0,8,6
start,500875,Jeffer Patino,0,9,4
start,595473,Robert Young,0,0,1
start,517028,Cesar Guillen,1,1,10
start,571711,Todd Glaesmann,1,2,8
start,581660,Scott Lawson,1,3,5
start,572853,Bryan Fogle,1,4,7
start,501675,Ruben Contreras,1,5,9
start,553889,Hector Guevara,1,6,4
start,517021,Gerardo Olivares,1,7,2
start,545349,Jeff Malm,1,8,3
start,596335,Brian Harris,1,9,6
start,542311,Eliazer Suero,1,0,1
play,1,0,543388,,,43/G,136.55,172.69
play,1,0,596881,,,31/G,150.60,170.68
play,1,0,542941,,,43/G,140.56,169.68
play,1,1,517028,,,63/G,115.46,165.66
play,1,1,571711,,,3/G,149.60,178.71
play,1,1,581660,,,W
play,1,1,placeholder,,,PO1(?3)
play,2,0,572794,,,S7/L,75.30,130.52
play,2,0,506999,,,FC4/G.1X2(46);B-1,140.56,170.68
play,2,0,592660,,,K
play,2,0,594948,,,K
play,2,1,572853,,,K
play,2,1,501675,,,53/G,106.43,179.72
play,2,1,553889,,,W
play,2,1,517021,,,8/F,116.47,85.34
play,3,0,595033,,,9/F,184.74,111.45
play,3,0,500875,,,7/F,53.21,114.46
play,3,0,543388,,,43/G,137.55,168.67
play,3,1,545349,,,K
play,3,1,596335,,,8/F,120.48,67.27
play,3,1,517028,,,6/L,113.45,166.67
play,4,0,596881,,,K
play,4,0,542941,,,31/G,150.60,179.72
play,4,0,572794,,,K
play,4,1,571711,,,HP
play,4,1,581660,,,HP.1-2
play,4,1,572853,,,K
play,4,1,501675,,,S9/L.1-3;2-H,211.85,117.47
play,4,1,553889,,,PO1(?3)
play,4,1,553889,,,9/F,173.69,111.45
play,5,0,506999,,,43/G,134.54,163.65
play,5,0,592660,,,K
play,5,0,594948,,,43/G,134.54,166.67
play,5,1,517021,,,43/G,138.55,172.69
play,5,1,545349,,,43/G,137.55,164.66
play,5,1,596335,,,8/F,116.47,81.33
play,6,0,595033,,,K
play,6,0,500875,,,S8/L,135.54,94.38
play,6,0,543388,,,K
play,6,0,596881,,,PO1(?3)
play,6,1,517028,,,NP
sub,572944,Ethan Icard,0,0,1
play,6,1,517028,,,K
play,6,1,571711,,,D7/L,49.20,116.47
play,6,1,581660,,,W
play,6,1,572853,,,D9/L.1-H;2-H,209.84,105.42
play,6,1,501675,,,S7/L.2-3,60.24,114.46
play,6,1,553889,,,63/G.1-2;3-H,110.44,170.68
play,6,1,517021,,,D7/F.2-H,73.29,73.29
play,6,1,545349,,,S7/L.2-3,62.25,124.50
play,6,1,596335,,,8/F,125.50,82.33
play,7,0,596881,,,D7/L,48.19,124.50
play,7,0,542941,,,CS3
play,7,0,542941,,,K
play,7,0,572794,,,K
play,7,1,517028,,,NP
sub,598384,Spencer Shelton,0,0,1
play,7,1,517028,,,43/G,141.57,166.67
play,7,1,571711,,,7/F,61.24,109.44
play,7,1,581660,,,D9/F,206.83,122.49
play,7,1,572853,,,8/F,119.48,83.33
play,8,0,506999,,,NP
sub,592434,George Jensen,1,0,1
play,8,0,506999,,,3/G,152.61,185.74
play,8,0,592660,,,63/G,109.44,162.65
play,8,0,594948,,,7/F,51.20,111.45
play,8,1,501675,,,NP
sub,572837,Austin Evans,0,0,1
play,8,1,501675,,,K
play,8,1,553889,,,D9/F,222.89,113.45
play,8,1,517021,,,K
play,8,1,545349,,,3/G,143.57,182.73
play,9,0,595033,,,NP
sub,596334,Zane Williams,1,7,2
play,9,0,595033,,,K
play,9,0,500875,,,K
play,9,0,543388,,,NP
sub,596882,Marcus Spencer,0,1,11
play,9,0,596882,,,3/P,148.59,178.71
id,PriAPP201007170
info,visteam,BurAPP
info,hometeam,PriAPP
info,date,2010/07/17
start,519214,Derek Rodriguez,0,1,8
start,542502,Adrian Martinez,0,2,4
start,573183,Ryan Stovall,0,3,5
start,596306,Ryan Jenkins,0,4,10
start,571683,Seth Furmanek,0,5,3
start,573001,Gabe MacDougall,0,6,7
start,572935,Anthony Howard,0,7,9
start,594918,Alex McClure,0,8,6
start,542503,Edul Escobar,0,9,2
start,594801,Jonathan Dooley,0,0,1
start,595281,Kevin Kiermaier,1,1,8
start,571711,Todd Glaesmann,1,2,10
start,581660,Scott Lawson,1,3,5
start,572853,Bryan Fogle,1,4,7
start,501675,Ruben Contreras,1,5,9
start,553889,Hector Guevara,1,6,4
start,517021,Gerardo Olivares,1,7,2
start,545349,Jeff Malm,1,8,3
start,541653,Felix Gonzalez,1,9,6
start,572015,Jacob Partridge,1,0,1
play,1,0,519214,,,W
play,1,0,542502,,,64(1)3/GDP/G6,116.47,167.67
play,1,0,573183,,,S5/G,100.40,182.73
play,1,0,596306,,,SB2
play,1,0,596306,,,D7/F.2-H,91.37,81.33
play,1,0,571683,,,53/G,107.43,186.75
play,1,1,595281,,,E6/TH,112.45,168.67
play,1,1,571711,,,K
play,1,1,581660,,,SB2
play,1,1,581660,,,43/G.2-3,137.55,171.69
play,1,1,572853,,,D8/F.3-H,92.37,89.36
play,1,1,501675,,,13/G,125.50,202.81
play,2,0,573001,,,HR/F,33.13,81.33
play,2,0,572935,,,K
play,2,0,594918,,,8/F,124.50,104.42
play,2,0,542503,,,13/G,126.51,200.80
play,2,1,553889,,,S7/F,84.34,149.60
play,2,1,517021,,,46(1)3/GDP/G4,137.55,169.68
play,2,1,545349,,,W
play,2,1,541653,,,43/G,136.55,171.69
play,3,0,519214,,,8/F,128.51,109.44
play,3,0,542502,,,W
play,3,0,573183,,,3/P,135.54,191.77
play,3,0,596306,,,CS2
play,3,1,595281,,,9/F,186.75,137.55
play,3,1,571711,,,43/G,135.54,171.69
play,3,1,581660,,,63/G,117.47,172.69
play,4,0,596306,,,43/G,134.54,172.69
play,4,0,571683,,,HR/F,122.49,32.13
play,4,0,573001,,,S8/F,126.51,140.56
play,4,0,572935,,,CS2
play,4,0,572935,,,8/F,127.51,102.41
play,4,1,572853,,,D7/F,56.22,128.51
play,4,1,501675,,,3/G.2-3,140.56,189.76
play,4,1,553889,,,S8/F.3-H,118.47,136.55
play,4,1,517021,,,8/F,135.54,91.37
play,4,1,545349,,,SB2
play,4,1,545349,,,43/G,133.53,169.68
play,5,0,594918,,,E4/TH,132.53,170.68
play,5,0,542503,,,CS2
play,5,0,542503,,,63/G,118.47,170.68
play,5,0,519214,,,K
play,5,1,541653,,,K
play,5,1,595281,,,K
play,5,1,571711,,,K
play,6,0,542502,,,NP
sub,543190,Bradley Furdal,1,0,1
play,6,0,542502,,,23/BG,128.51,201.81
play,6,0,573183,,,9/F,177.71,137.55
play,6,0,596306,,,6/P,110.44,147.59
play,6,1,581660,,,NP
sub,573256,Josh Worrell,0,0,1
play,6,1,572853,,,NP
sub,543454,Alex Llanos,0,1,8
play,6,1,581660,,,D9/F,191.77,131.53
id,PriAPP201007180
info,visteam,BurAPP
info,hometeam,PriAPP
info,date,2010/07/18
start,543454,Alex Llanos,0,1,8
start,542371,Luis Piterson,0,2,4
start,573183,Ryan Stovall,0,3,5
start,596306,Ryan Jenkins,0,4,10
start,571461,Geoffrey Baldwin,0,5,3
start,573001,Gabe MacDougall,0,6,7
start,572935,Anthony Howard,0,7,9
start,571683,Seth Furmanek,0,8,2
start,542502,Adrian Martinez,0,9,6
start,572137,Crawford Simmons,0,0,1
start,595281,Kevin Kiermaier,1,1,8
start,517028,Cesar Guillen,1,2,7
start,501675,Ruben Contreras,1,3,9
start,572853,Bryan Fogle,1,4,10
start,541660,Alejandro Segovia,1,5,2
start,553889,Hector Guevara,1,6,4
start,572874,Geno Glynn,1,7,5
start,545349,Jeff Malm,1,8,3
start,541653,Felix Gonzalez,1,9,6
start,544836,Enny Romero,1,0,1
play,1,0,543454,,,K
play,1,0,542371,,,13/G,114.46,189.76
play,1,0,573183,,,9/F,161.65,102.41
play,1,1,595281,,,13/G,126.51,185.74
play,1,1,517028,,,8/F,133.53,82.33
play,1,1,501675,,,W
play,1,1,572853,,,FC5/G.1X2(54),101.41,176.71
play,2,0,596306,,,53/G,99.40,170.68
play,2,0,571461,,,43/G,143.57,160.64
play,2,0,573001,,,53/G,106.43,174.70
play,2,1,541660,,,S8/F,145.58,84.34
play,2,1,553889,,,64(1)3/GDP/G6,98.39,150.60
play,2,1,572874,,,53/G,97.39,175.70
play,3,0,572935,,,W
play,3,0,571683,,,K
play,3,0,542502,,,S9/F.1-2,162.65,94.38
play,3,0,543454,,,BK.1-2;2-3
play,3,0,543454,,,K
play,3,0,542371,,,S9/F.2-H;3-H,144.58,83.33
play,3,0,573183,,,63/G,109.44,151.61
play,3,1,545349,,,43/G,142.57,153.61
play,3,1,541653,,,K
play,3,1,595281,,,K
play,4,0,596306,,,53/G,104.42,175.70
play,4,0,571461,,,3/L,150.60,162.65
play,4,0,573001,,,43/G,138.55,153.61
play,4,1,517028,,,K
play,4,1,501675,,,K
play,4,1,572853,,,K
play,5,0,572935,,,K
play,5,0,571683,,,K
play,5,0,542502,,,S8/F,144.58,76.31
play,5,0,543454,,,FC6/G.1X2(64),112.45,148.59
play,5,1,541660,,,43/G,138.55,156.63
play,5,1,553889,,,9/F,146.59,68.27
play,5,1,572874,,,63/G,118.47,151.61
play,6,0,542371,,,7/F,70.28,90.36
play,6,0,573183,,,K
play,6,0,596306,,,43/G,131.53,156.63
play,6,1,545349,,,W
play,6,1,541653,,,41/G.1-2,158.63,155.62
play,6,1,595281,,,43/G.2-3,139.56,153.61
play,6,1,517028,,,K
play,7,0,571461,,,NP
sub,517014,Victor Mateo,1,0,1
play,7,0,571461,,,S7/F,67.27,99.40
play,7,0,573001,,,S7/F.1-2,78.31,86.35
play,7,0,572935,,,PO?(E?).1-2;2-3
play,7,0,572935,,,D7/F.2-3;3-H,59.24,109.44
play,7,0,571683,,,W
play,7,0,542502,,,NP
sub,595371,Chris Rearick,1,0,1
play,7,0,542502,,,K
play,7,0,543454,,,K
play,7,0,542371,,,K
play,7,1,501675,,,NP
sub,572026,Robert Penny,0,0,1
play,7,1,501675,,,5/P,99.40,161.65
play,7,1,572853,,,K
play,7,1,541660,,,S8/F,123.49,80.32
play,7,1,553889,,,3/G,153.61,170.68
play,8,0,573183,,,S9/F,166.67,102.41
play,8,0,596306,,,POCS2(136)
play,8,0,596306,,,3/P,144.58,166.67
play,8,0,571461,,,S9/F,167.67,91.37
play,8,0,573001,,,HP
play,8,0,572935,,,3/G,135.54,157.63
play,8,1,572874,,,43/G,149.60,173.69
play,8,1,545349,,,3/G,0.00,0.00
play,8,1,541653,,,K
play,9,0,571683,,,K
play,9,0,542502,,,S1/BG,112.45,193.78
play,9,0,543454,,,S9/F.1-2,150.60,93.37
play,9,0,542371,,,5/P,96.39,173.69
play,9,0,573183,,,7/F,58.23,98.39
play,9,1,595281,,,3/G,154.62,169.68
play,9,1,517028,,,S9/F,160.64,91.37
play,9,1,501675,,,K
play,9,1,572853,,,S7/F.1-2,61.24,100.40
play,9,1,541660,,,43/G,141.57,153.61
id,PriAPP201007190
info,visteam,BurAPP
info,hometeam,PriAPP
info,date,2010/07/19
start,543454,Alex Llanos,0,1,8
start,542371,Luis Piterson,0,2,4
start,571683,Seth Furmanek,0,3,2
start,573001,Gabe MacDougall,0,4,7
start,571461,Geoffrey Baldwin,0,5,3
start,594918,Alex McClure,0,6,6
start,524188,Yunior Figueroa,0,7,5
start,542502,Adrian Martinez,0,8,10
start,519214,Derek Rodriguez,0,9,9
start,521835,Leonel Santiago,0,0,1
start,595281,Kevin Kiermaier,1,1,9
start,571711,Todd Glaesmann,1,2,8
start,581660,Scott Lawson,1,3,5
start,501675,Ruben Contreras,1,4,10
start,541660,Alejandro Segovia,1,5,2
start,553889,Hector Guevara,1,6,4
start,517028,Cesar Guillen,1,7,7
start,545349,Jeff Malm,1,8,3
start,596335,Brian Harris,1,9,6
start,571479,Andrew Bellatti,1,0,1
play,1,0,543454,,,9/F,192.77,126.51
play,1,0,542371,,,53/G,107.43,176.71
play,1,0,571683,,,K
play,1,1,595281,,,3/G,138.55,183.73
play,1,1,571711,,,53/G,108.43,181.73
play,1,1,581660,,,9/F,167.67,130.52
play,2,0,573001,,,6/L,108.43,164.66
play,2,0,571461,,,7/F,49.20,126.51
play,2,0,594918,,,K
play,2,1,501675,,,63/G,114.46,171.69
play,2,1,541660,,,W
play,2,1,553889,,,46(1)3/GDP/G4,137.55,171.69
play,3,0,524188,,,E8.B-2,112.45,109.44
play,3,0,542502,,,K
play,3,0,519214,,,BK.2-3
play,3,0,519214,,,K
play,3,0,543454,,,3/G,146.59,183.73
play,3,1,517028,,,S7/F,72.29,125.50
play,3,1,545349,,,54(1)3/GDP/G5,104.42,186.75
play,3,1,596335,,,W
play,3,1,595281,,,S1/BG.1-2,127.51,195.78
play,3,1,571711,,,8/L,142.57,82.33
play,4,0,542371,,,S8/G,97.39,129.52
play,4,0,571683,,,K+CS2
play,4,0,573001,,,K23
play,4,1,581660,,,S9/G,182.73,130.52
play,4,1,501675,,,9/F,193.78,134.54
play,4,1,541660,,,SB2
play,4,1,541660,,,WP.2-3
play,4,1,541660,,,S9/F.3-H,164.66,138.55
play,4,1,553889,,,S7/G.1-2,80.32,139.56
play,4,1,517028,,,S7/G.1-2;2-3,76.31,133.53
play,4,1,545349,,,43/G.1-2;2-3;3-H,136.55,163.65
play,4,1,596335,,,8/F,96.39,92.37
play,5,0,571461,,,S8/G,112.45,113.45
play,5,0,594918,,,S7/G.1-2,70.28,145.58
play,5,0,524188,,,14/SH.1-2;2-3,130.52,197.79
play,5,0,542502,,,53/G.3-H,98.39,175.70
play,5,0,519214,,,K
play,5,1,595281,,,K23
play,5,1,571711,,,K
play,5,1,581660,,,W
play,5,1,501675,,,WP.1-2
play,5,1,501675,,,K
play,6,0,543454,,,D9/F,174.70,131.53
play,6,0,542371,,,3/SH.2-3,142.57,185.74
play,6,0,571683,,,W
play,6,0,573001,,,4/P,143.57,173.69
play,6,0,571461,,,K
play,6,1,541660,,,9/F,187.75,124.50
play,6,1,553889,,,63/G,115.46,169.68
play,6,1,517028,,,3/G,152.61,186.75
play,7,0,594918,,,NP
sub,595263,Mickey Jannis,1,0,1
play,7,0,594918,,,43/G,133.53,165.66
play,7,0,524188,,,K
play,7,0,542502,,,8/F,122.49,99.40
play,7,1,545349,,,NP
sub,572965,Jonathon Keck,0,0,1
play,7,1,545349,,,3/P,159.64,172.69
play,7,1,596335,,,W
play,7,1,595281,,,SB2
play,7,1,595281,,,FC6.2X3(645),117.47,167.67
play,7,1,571711,,,63/G,115.46,162.65
play,8,0,519214,,,63/G,99.40,168.67
play,8,0,543454,,,S8/F,86.35,108.43
play,8,0,542371,,,E6.1-2,103.41,172.69
play,8,0,571683,,,K
play,8,0,573001,,,S7/G.1-3;2-H,77.31,135.54
play,8,0,571461,,,D8/F.1-H;3-H,113.45,88.35
play,8,0,594918,,,S7/F.2-H;B-2,91.37,141.57
play,8,0,524188,,,3/G,142.57,181.73
play,8,1,581660,,,S1/BG,116.47,196.79
play,8,1,501675,,,W.1-2
play,8,1,541660,,,53/G.1-2;2-3,108.43,179.72
play,8,1,553889,,,NP
sub,595300,Cole Lohden,0,0,1
play,8,1,553889,,,6/L,106.43,166.67
play,8,1,517028,,,WP.2-3;3-H
play,8,1,517028,,,W
play,8,1,545349,,,K.1-H;3-H;B-1(E7/TH)
play,8,1,596335,,,E5/TH.1-H;B-3,115.46,183.73
play,8,1,595281,,,S9/G.3-H,169.68,136.55
play,8,1,571711,,,NP
sub,502719,J. Leaper,0,0,1
play,8,1,571711,,,9/F,183.73,125.50
play,9,0,542502,,,NP
sub,596333,Matthew Gilson,1,0,1
play,9,0,542502,,,K
play,9,0,519214,,,63/G,105.42,154.62
play,9,0,543454,,,53/G,108.43,176.71
id,PriAPP201007260
info,visteam,KinAPP
info,hometeam,PriAPP
info,date,2010/07/26
start,571724,Chase Greene,0,1,8
start,514914,Ray Van Gurp,0,2,4
start,573669,Aderlin Rodriguez,0,3,5
start,502095,Lucas Stewart,0,4,3
start,543710,Javier Rodriguez,0,5,9
start,572897,ZeErika McQueen,0,6,7
start,544938,Albert Cordero,0,7,2
start,543317,Charles Hinojosa,0,8,10
start,502402,Brandon Brown,0,9,6
start,594798,Jacob DeGrom,0,0,1
start,595281,Kevin Kiermaier,1,1,9
start,571711,Todd Glaesmann,1,2,8
start,581660,Scott Lawson,1,3,5
start,501675,Ruben Contreras,1,4,10
start,541660,Alejandro Segovia,1,5,2
start,553889,Hector Guevara,1,6,4
start,517028,Cesar Guillen,1,7,7
start,545349,Jeff Malm,1,8,3
start,541653,Felix Gonzalez,1,9,6
start,542316,Braulio Lara,1,0,1
play,1,0,571724,,,E5/TH.B-2,106.43,176.71
play,1,0,514914,,,FC6.2X3(65),114.46,181.73
play,1,0,573669,,,SB2
play,1,0,573669,,,63/G,116.47,178.71
play,1,0,502095,,,6/P,110.44,177.71
play,1,1,595281,,,S8/G,130.52,130.52
play,1,1,571711,,,T9/F.1-H,155.62,138.55
play,1,1,581660,,,K
play,1,1,501675,,,K
play,1,1,541660,,,S8/G.3-H,124.50,125.50
play,1,1,553889,,,PB.1-3(E2)(E2/TH)
play,1,1,553889,,,63/G,92.70,131.24
play,2,0,543710,,,63/G,80.32,153.61
play,2,0,572897,,,K
play,2,0,544938,,,63/G,102.41,182.73
play,2,1,517028,,,63/G,107.43,165.66
play,2,1,545349,,,S8/G,113.45,120.48
play,2,1,541653,,,FC4/G.1X2(46);B-1,143.57,175.70
play,2,1,595281,,,T8/F.1-H,128.51,113.45
play,2,1,571711,,,63/G,117.47,176.71
play,3,0,543317,,,63/G,114.46,176.71
play,3,0,502402,,,K
play,3,0,571724,,,D7/F,75.30,141.57
play,3,0,514914,,,WP.2-3
play,3,0,514914,,,W
play,3,0,573669,,,S9/G.1-2;3-H,138.55,140.56
play,3,0,502095,,,K
play,3,1,581660,,,K
play,3,1,501675,,,D8/F,114.46,102.41
play,3,1,541660,,,CS3
play,3,1,541660,,,43/G,130.52,178.71
play,4,0,543710,,,D9/F,172.69,100.40
play,4,0,572897,,,K
play,4,0,544938,,,K
play,4,0,543317,,,E1/TH.2-H;B-2,111.45,179.72
play,4,0,502402,,,WP.2-H(E2/TH)
play,4,0,502402,,,W
play,4,0,571724,,,S8/G.1-3;B-2,146.59,110.44
play,4,0,514914,,,S8/G.2XH;3-H,142.57,117.47
play,4,1,553889,,,4/P,116.47,165.66
play,4,1,517028,,,D9/F,163.65,152.61
play,4,1,545349,,,D9/F.2-H,48.19,158.63
play,4,1,541653,,,13/G.2-3,124.50,186.75
play,4,1,595281,,,IW
play,4,1,571711,,,K23
play,5,0,573669,,,NP
sub,592434,George Jensen,1,0,1
play,5,0,573669,,,53/G,111.45,177.71
play,5,0,502095,,,W
play,5,0,543710,,,S8/G.1-2,120.48,122.49
play,5,0,572897,,,FC6/G.1X2(6);2-H;B-1(E6/TH),116.47,177.71
play,5,0,544938,,,K
play,5,1,581660,,,NP
sub,595152,Hunter Carnevale,0,0,1
play,5,1,581660,,,K
play,5,1,501675,,,13/G,116.47,190.76
play,5,1,541660,,,9/F,171.69,134.54
play,6,0,543317,,,13/G,109.44,186.75
play,6,0,502402,,,3/P,122.49,185.74
play,6,0,571724,,,HR/F,43.17,90.36
play,6,0,514914,,,6/P,110.44,180.72
play,6,1,553889,,,K
play,6,1,517028,,,W
play,6,1,545349,,,K
play,6,1,541653,,,SB2
play,6,1,541653,,,K
play,7,0,573669,,,K
play,7,0,502095,,,S8/L,119.48,123.49
play,7,0,543710,,,9/F,175.70,135.54
play,7,0,572897,,,8/F,118.47,118.47
play,7,1,595281,,,K
play,7,1,571711,,,13/G,103.41,176.71
play,7,1,581660,,,W
play,7,1,501675,,,SB2
play,7,1,501675,,,K
play,8,0,544938,,,S8/G,119.48,128.51
play,8,0,543317,,,K
play,8,0,502402,,,53/G.1-2,100.40,172.69
play,8,0,571724,,,6/P,113.45,173.69
play,8,1,541660,,,NP
sub,451699,Richard Pena,0,0,1
play,8,1,541660,,,8/F,119.48,105.42
play,8,1,553889,,,9/FF,169.68,139.56
play,8,1,517028,,,E6/TH.B-2,107.43,164.66
play,8,1,545349,,,43/G,132.53,170.68
play,9,0,514914,,,NP
sub,548381,Shane Minks,1,0,1
play,9,0,514914,,,53/G,110.44,186.75
play,9,0,573669,,,K
play,9,0,502095,,,W
play,9,0,543710,,,S7/G.1-2,90.36,135.54
play,9,0,572897,,,K
play,9,1,541653,,,NP
sub,595027,Michael Weldon,0,0,1
play,9,1,541653,,,K
play,9,1,595281,,,7/F,75.30,124.50
play,9,1,571711,,,43/G,136.55,166.67
id,PriAPP201007270
info,visteam,KinAPP
info,hometeam,PriAPP
info,date,2010/07/27
start,571724,Chase Greene,0,1,8
start,592725,Justin Schafer,0,2,4
start,573669,Aderlin Rodriguez,0,3,5
start,502095,Lucas Stewart,0,4,3
start,543710,Javier Rodriguez,0,5,9
start,544938,Albert Cordero,0,6,10
start,572284,Nelfi Zapata,0,7,2
start,573153,John Semel,0,8,7
start,541603,Ismael Tijerina,0,9,6
start,542674,Gonzalez Germen,0,0,1
start,595281,Kevin Kiermaier,1,1,9
start,571711,Todd Glaesmann,1,2,8
start,581660,Scott Lawson,1,3,5
start,572853,Bryan Fogle,1,4,10
start,541660,Alejandro Segovia,1,5,2
start,517028,Cesar Guillen,1,6,7
start,553891,Leonardo Reginatto,1,7,6
start,545349,Jeff Malm,1,8,3
start,596335,Brian Harris,1,9,4
start,542311,Eliazer Suero,1,0,1
play,1,0,571724,,,S7/G,101.41,136.55
play,1,0,592725,,,CS2
play,1,0,592725,,,W
play,1,0,573669,,,K
play,1,0,502095,,,8/F,132.53,96.39
play,1,1,595281,,,43/G,128.51,172.69
play,1,1,571711,,,K
play,1,1,581660,,,7/F,53.21,123.49
play,2,0,543710,,,S7/F,37.15,121.49
play,2,0,544938,,,FC5/G.1X2(54);B-1,103.41,182.73
play,2,0,572284,,,WP.1-2
play,2,0,572284,,,K
play,2,0,573153,,,63/G,114.46,173.69
play,2,1,572853,,,63/G,120.48,169.68
play,2,1,541660,,,63/G,109.44,170.68
play,2,1,517028,,,63/G,115.46,170.68
play,3,0,541603,,,9/F,173.69,130.52
play,3,0,571724,,,K
play,3,0,592725,,,2/PF,26.10,186.75
play,3,1,553891,,,63/G,110.44,167.67
play,3,1,545349,,,S8/G,115.46,123.49
play,3,1,596335,,,FC1/G.1X2(16);B-1,128.51,185.74
play,3,1,595281,,,SB2
play,3,1,595281,,,K
play,4,0,573669,,,HR/F,49.20,64.26
play,4,0,502095,,,W
play,4,0,543710,,,K
play,4,0,544938,,,8/F,105.42,105.42
play,4,0,572284,,,WP.1-2
play,4,0,572284,,,43/G,143.57,164.66
play,4,1,571711,,,K+PB.B-1
play,4,1,581660,,,SB2
play,4,1,581660,,,13/G,127.51,199.80
play,4,1,572853,,,143/G1.2-3,124.50,181.73
play,4,1,541660,,,K
play,5,0,573153,,,7/F,82.33,119.48
play,5,0,541603,,,53/G,93.37,179.72
play,5,0,571724,,,6/L,101.41,162.65
play,5,1,517028,,,13/G,128.51,192.77
play,5,1,553891,,,63/G,110.44,173.69
play,5,1,545349,,,43/G,129.52,167.67
play,6,0,592725,,,8/F,116.47,94.38
play,6,0,573669,,,W
play,6,0,502095,,,16(1)3/GDP/G1,119.48,169.68
play,6,1,596335,,,S6/G,107.43,176.71
play,6,1,595281,,,9/L,175.70,137.55
play,6,1,571711,,,S7/F.1-2,85.34,128.51
play,6,1,581660,,,D9/F.1-3;2-H,190.76,132.53
play,6,1,572853,,,FC5.2-3;3XH(525),113.45,189.76
play,6,1,541660,,,53/G,110.44,183.73
play,7,0,543710,,,7/F,76.31,119.48
play,7,0,544938,,,HR/F,37.15,58.23
play,7,0,572284,,,9/F,171.69,120.48
play,7,0,573153,,,K
play,7,1,517028,,,63/G,110.44,173.69
play,7,1,553891,,,K
play,7,1,545349,,,43/G,134.54,172.69
play,8,0,541603,,,NP
sub,596333,Matthew Gilson,1,0,1
play,8,0,541603,,,13/G,132.53,196.79
play,8,0,571724,,,63/G,101.41,166.67
play,8,0,592725,,,S8/F,100.40,120.48
play,8,0,573669,,,43/G,129.52,172.69
play,8,1,596335,,,S7/G,64.26,133.53
play,8,1,595281,,,NP
sub,553889,Hector Guevara,1,9,12
play,8,1,595281,,,S8/F.1-2,120.48,108.43
play,8,1,571711,,,14/SH.1-2;2-3,119.48,194.78
play,8,1,581660,,,43/G.2-3;3-H,132.53,174.70
play,8,1,572853,,,63/G,109.44,170.68
play,9,0,502095,,,NP
sub,553889,Hector Guevara,1,9,4
play,9,0,502095,,,K
play,9,0,543710,,,53/G,107.43,182.73
play,9,0,544938,,,S7/L,61.24,140.56
play,9,0,572284,,,NP
sub,517021,Gerardo Olivares,1,5,2
play,9,0,572284,,,S8/L.BX2(853),126.51,99.40
play,9,1,517021,,,NP
sub,451699,Richard Pena,0,0,1
play,9,1,517021,,,43/G,136.55,176.71
play,9,1,517028,,,S8/F,117.47,106.43
play,9,1,553891,,,6/P,113.45,173.69
play,9,1,545349,,,43/G,143.57,174.70
play,10,0,573153,,,3/P,150.60,169.68
play,10,0,541603,,,S7/F,83.33,134.54
play,10,0,571724,,,9/F,160.64,124.50
play,10,0,592725,,,S7/F.1-2,61.24,126.51
play,10,0,573669,,,FC5/G.2X3(5),99.40,180.72
play,10,1,553889,,,W
play,10,1,595281,,,5/BP,101.41,174.70
play,10,1,571711,,,SB2
play,10,1,571711,,,D7/L.2-H,50.20,127.51
id,PriAPP201007280
info,visteam,KinAPP
info,hometeam,PriAPP
info,date,2010/07/28
start,571724,Chase Greene,0,1,8
start,592725,Justin Schafer,0,2,6
start,572897,ZeErika McQueen,0,3,7
start,573669,Aderlin Rodriguez,0,4,10
start,544938,Albert Cordero,0,5,2
start,514914,Ray Van Gurp,0,6,4
start,516941,Eddie Lora,0,7,3
start,543317,Charles Hinojosa,0,8,9
start,502402,Brandon Brown,0,9,5
start,592560,Brett Mitchell,0,0,1
start,595281,Kevin Kiermaier,1,1,9
start,571711,Todd Glaesmann,1,2,8
start,581660,Scott Lawson,1,3,5
start,501675,Ruben Contreras,1,4,10
start,517028,Cesar Guillen,1,5,7
start,553889,Hector Guevara,1,6,4
start,517021,Gerardo Olivares,1,7,2
start,572874,Geno Glynn,1,8,3
start,541653,Felix Gonzalez,1,9,6
start,572015,Jacob Partridge,1,0,1
play,1,0,571724,,,S7/L,70.28,130.52
play,1,0,592725,,,8/F,102.41,102.41
play,1,0,placeholder,,,POCS2(136)
play,1,0,572897,,,D9/F,175.70,104.42
play,1,0,573669,,,K
play,1,1,595281,,,K
play,1,1,571711,,,D7/F,93.37,85.34
play,1,1,581660,,,K
play,1,1,501675,,,WP.2-3
play,1,1,501675,,,2/PF,119.48,220.88
play,2,0,544938,,,53/G,103.41,177.71
play,2,0,514914,,,7/F,65.26,119.48
play,2,0,516941,,,43/G,139.56,164.66
play,2,1,517028,,,K
play,2,1,553889,,,W
play,2,1,517021,,,BK.1-2
play,2,1,517021,,,W
play,2,1,572874,,,S9/L.1X3;2-H,162.65,120.48
play,2,1,541653,,,8/F,124.50,93.37
play,3,0,543317,,,43/G,142.57,169.68
play,3,0,502402,,,9/FF,177.71,169.68
play,3,0,571724,,,D7/L,54.22,125.50
play,3,0,592725,,,E6.2-3,109.44,167.67
play,3,0,572897,,,8/F,119.48,100.40
play,3,1,595281,,,T8/F,105.42,84.34
play,3,1,571711,,,HP
play,3,1,581660,,,W.1-2
play,3,1,501675,,,D9/F.1-3;2-H;3-H,174.70,81.33
play,3,1,517028,,,43/G.2-3;3-H,140.56,169.68
play,3,1,553889,,,8/SF.3-H,113.45,85.34
play,3,1,517021,,,K
play,4,0,573669,,,7/F,67.27,114.46
play,4,0,544938,,,53/G,105.42,175.70
play,4,0,514914,,,W
play,4,0,516941,,,43/G,146.59,173.69
play,4,1,572874,,,43/G,141.57,166.67
play,4,1,541653,,,S9/G,163.65,128.51
play,4,1,595281,,,S9/L.1-2,157.63,132.53
play,4,1,571711,,,NP
sub,595466,Steve Winnick,0,0,1
play,4,1,571711,,,HP.1-2;2-3
play,4,1,581660,,,S9/F.1-2;2-3;3-H,164.66,135.54
play,4,1,501675,,,S9/G.1-2;2-3;3-H,159.64,127.51
play,4,1,517028,,,9/SF.1-H(E1/TH);2-H;3-H,167.67,121.49
play,4,1,553889,,,W
play,4,1,517021,,,K
play,5,0,543317,,,43/G,138.55,170.68
play,5,0,502402,,,53/G,105.42,177.71
play,5,0,571724,,,W
play,5,0,592725,,,S8/L.1-2,126.51,116.47
play,5,0,572897,,,8/F,132.53,83.33
play,5,1,572874,,,63/G,110.44,167.67
play,5,1,541653,,,D9/F,169.68,87.35
play,5,1,595281,,,43/G.2-3,135.54,171.69
play,5,1,571711,,,63/G,108.43,176.71
play,6,0,573669,,,NP
sub,595371,Chris Rearick,1,0,1
play,6,0,573669,,,E6/TH,116.47,168.67
play,6,0,544938,,,K
play,6,0,514914,,,4(1)3/G4/GDP,140.56,169.68
play,6,1,581660,,,NP
sub,541596,Jhonathan Torres,0,0,1
play,6,1,501675,,,NP
sub,542550,Amauris Valdez,0,5,2
play,6,1,581660,,,43/G,146.59,160.64
play,6,1,501675,,,K
play,6,1,517028,,,9/F,167.67,119.48
play,7,0,516941,,,K
play,7,0,543317,,,S9/F,146.59,130.52
play,7,0,502402,,,E1/TH.1-2,125.50,190.76
play,7,0,571724,,,54(1)3/GDP/G5,104.42,179.72
play,7,1,553889,,,S2/G,124.50,196.79
play,7,1,517021,,,S8/L.1-2,115.46,126.51
play,7,1,572874,,,K+WP.1-2;2-3
play,7,1,541653,,,S7/F.2-3;3-H,92.37,131.53
play,7,1,595281,,,K
play,7,1,571711,,,W.1-2
play,7,1,581660,,,7/F,73.29,122.49
play,8,0,592725,,,NP
sub,596334,Zane Williams,1,7,2
play,8,0,592725,,,S8/F,126.51,113.45
play,8,0,572897,,,FC5/G.1X2(54);B-1,103.41,174.70
play,8,0,573669,,,43/G.1-2,138.55,166.67
play,8,0,542550,,,S7/F.2-3,84.34,130.52
play,8,0,514914,,,S7/G.1-3;3-H,87.35,124.50
play,8,0,516941,,,K
play,8,1,501675,,,NP
sub,571560,T. J. Chism,0,0,1
play,8,1,501675,,,S9/G,154.62,140.56
play,8,1,517028,,,8/F,121.49,106.43
play,8,1,553889,,,S7/F.1-2,88.35,125.50
play,8,1,596334,,,8/F,114.46,92.37
play,8,1,572874,,,FC5/G.1X2(54),105.42,174.70
play,9,0,543317,,,NP
sub,596332,Garret Carruth,1,0,1
play,9,0,543317,,,HR/F,210.84,64.26
play,9,0,502402,,,D7/F,64.26,108.43
play,9,0,571724,,,53/G,108.43,172.69
play,9,0,592725,,,W
play,9,0,572897,,,K
play,9,0,573669,,,WP.1-2;2-3
play,9,0,573669,,,4/P,141.57,166.67
id,PriAPP201007290
info,visteam,DanAPP
info,hometeam,PriAPP
info,date,2010/07/29
start,594935,Jason Mowry,0,1,8
start,592743,Andrelton Simmons,0,2,6
start,594886,Barrett Kleinknecht,0,3,5
start,594828,Evan Gattis,0,4,2
start,595176,Ryan Delgado,0,5,10
start,519345,Joseph Terdoslavich,0,6,3
start,592691,David Rohm,0,7,9
start,595212,Jarred Frierson,0,8,4
start,594819,Kenny Fleming,0,9,7
start,543146,Kyle Farrell,0,0,1
start,595281,Kevin Kiermaier,1,1,10
start,571711,Todd Glaesmann,1,2,8
start,581660,Scott Lawson,1,3,5
start,572853,Bryan Fogle,1,4,7
start,541660,Alejandro Segovia,1,5,2
start,553889,Hector Guevara,1,6,4
start,517028,Cesar Guillen,1,7,9
start,545349,Jeff Malm,1,8,3
start,541653,Felix Gonzalez,1,9,6
start,544836,Enny Romero,1,0,1
play,1,0,594935,,,23/G,128.51,196.79
play,1,0,592743,,,E1,131.53,187.75
play,1,0,594886,,,7/F,55.22,118.47
play,1,0,594828,,,FC6/G.1X2(64),107.43,174.70
play,1,1,595281,,,S9/L,190.76,129.52
play,1,1,571711,,,FC4/G.1X2(46);B-1,133.53,174.70
play,1,1,581660,,,7/F.1-2(E6)(E6/TH),52.21,115.46
play,1,1,572853,,,D9/F.2-H,195.78,119.48
play,1,1,541660,,,S9/L.2-H,201.81,112.45
play,1,1,553889,,,FC5/G.1X2(54),102.41,178.71
play,2,0,595176,,,23/G,130.52,197.79
play,2,0,519345,,,6/P,112.45,166.67
play,2,0,592691,,,9/F,180.72,123.49
play,2,1,517028,,,8/F,140.56,91.37
play,2,1,545349,,,K
play,2,1,541653,,,43/G,120.48,166.67
play,3,0,595212,,,T8/L,146.59,59.24
play,3,0,594819,,,WP.3-H
play,3,0,594819,,,3/G,153.61,186.75
play,3,0,594935,,,S7/G,69.28,106.43
play,3,0,592743,,,7/F,52.21,109.44
play,3,0,594886,,,K
play,3,1,595281,,,HR/F,230.92,80.32
play,3,1,571711,,,K
play,3,1,581660,,,4/L,131.53,168.67
play,3,1,572853,,,S8/G,111.45,71.29
play,3,1,541660,,,FC5/G.1X2(54),94.38,179.72
play,4,0,594828,,,D8/F,134.54,76.31
play,4,0,595176,,,13/G,128.51,190.76
play,4,0,519345,,,53/G,97.39,164.66
play,4,0,592691,,,53/G,108.43,180.72
play,4,1,553889,,,13/G,131.53,196.79
play,4,1,517028,,,53/G,115.46,177.71
play,4,1,545349,,,5/PF,99.40,201.81
play,5,0,595212,,,K
play,5,0,594819,,,W
play,5,0,594935,,,SB2
play,5,0,594935,,,K
play,5,0,592743,,,53/G,112.45,180.72
play,5,1,541653,,,D7/F,61.24,113.45
play,5,1,595281,,,3/G.2-3,144.58,189.76
play,5,1,571711,,,D7/G.3-H,44.18,110.44
play,5,1,581660,,,13/G,130.52,191.77
play,5,1,572853,,,K
play,6,0,594886,,,NP
sub,517014,Victor Mateo,1,0,1
play,6,0,594886,,,43/G,130.52,167.67
play,6,0,594828,,,8/F,97.39,84.34
play,6,0,595176,,,43/G,133.53,166.67
play,6,1,541660,,,8/F,109.44,79.32
play,6,1,553889,,,HP
play,6,1,517028,,,S7/G.1-2,61.24,129.52
play,6,1,545349,,,D9/F.1-H;2-H,181.73,70.28
play,6,1,541653,,,3/G.2-3,139.56,185.74
play,6,1,595281,,,6/P,103.41,165.66
play,7,0,519345,,,W
play,7,0,592691,,,K
play,7,0,595212,,,K
play,7,0,594819,,,WP.1-2
play,7,0,594819,,,K
play,7,1,571711,,,NP
sub,592303,David Filak,0,0,1
play,7,1,571711,,,W
play,7,1,581660,,,WP.1-2
play,7,1,581660,,,7/F,47.19,113.45
play,7,1,572853,,,K
play,7,1,541660,,,BK.2-3
play,7,1,541660,,,PB.3-H
play,7,1,541660,,,S8/G,118.47,72.29
play,7,1,553889,,,FC4/G.1X2(46),140.56,170.68
play,8,0,594935,,,53/G,102.41,180.72
play,8,0,592743,,,53/G,97.39,191.77
play,8,0,594886,,,63/G,108.43,167.67
play,8,1,517028,,,NP
sub,592501,Matthew Lewis,0,0,1
play,8,1,517028,,,K
play,8,1,545349,,,43/G,131.53,171.69
play,8,1,541653,,,D9/L,178.71,104.42
play,8,1,595281,,,5/L,101.41,171.69
play,9,0,594828,,,NP
sub,595263,Mickey Jannis,1,0,1
play,9,0,594828,,,53/G,98.39,175.70
play,9,0,595176,,,K
play,9,0,519345,,,S8/L,115.46,80.32
play,9,0,592691,,,9/F,179.72,119.48
id,PriAPP201007300
info,visteam,DanAPP
info,hometeam,PriAPP
info,date,2010/07/30
start,594935,Jason Mowry,0,1,8
start,592743,Andrelton Simmons,0,2,6
start,571599,Jakob Dalfonso,0,3,10
start,594828,Evan Gattis,0,4,2
start,594886,Barrett Kleinknecht,0,5,5
start,519345,Joseph Terdoslavich,0,6,3
start,592691,David Rohm,0,7,9
start,554239,Elmer Reyes,0,8,4
start,594819,Kenny Fleming,0,9,7
start,571873,Lucas La Point,0,0,1
start,517028,Cesar Guillen,1,1,10
start,571711,Todd Glaesmann,1,2,8
start,581660,Scott Lawson,1,3,5
start,572853,Bryan Fogle,1,4,7
start,501675,Ruben Contreras,1,5,9
start,553889,Hector Guevara,1,6,4
start,517021,Gerardo Olivares,1,7,2
start,545349,Jeff Malm,1,8,3
start,596335,Brian Harris,1,9,6
start,571479,Andrew Bellatti,1,0,1
play,1,0,594935,,,K
play,1,0,592743,,,S5/BG,116.47,200.80
play,1,0,571599,,,SB2;1-3(E2)(E2/TH)
play,1,0,571599,,,S8/G.3-H,98.71,180.46
play,1,0,594828,,,6(1)3/G6/GDP,106.43,170.68
play,1,1,517028,,,K
play,1,1,571711,,,43/G,116.47,197.79
play,1,1,581660,,,8/F,121.49,86.35
play,2,0,594886,,,S9/G,190.76,128.51
play,2,0,519345,,,K
play,2,0,592691,,,64(1)3/GDP/G6,106.43,170.68
play,2,1,572853,,,K
play,2,1,501675,,,4/P,145.58,174.70
play,2,1,553889,,,63/G,108.43,173.69
play,3,0,554239,,,K
play,3,0,594819,,,K
play,3,0,594935,,,K
play,3,1,517021,,,2/PF,122.49,223.90
play,3,1,545349,,,S8/G,128.51,96.39
play,3,1,596335,,,6/P,103.41,171.69
play,3,1,517028,,,D7/F.1-3,49.20,113.45
play,3,1,571711,,,63/G,106.43,172.69
play,4,0,592743,,,D7/G,45.18,111.45
play,4,0,571599,,,S8/G.2-3,121.49,80.32
play,4,0,594828,,,W.1-2
play,4,0,594886,,,E5.1-2;2-3;3-H,100.40,173.69
play,4,0,519345,,,FC3/G.1X2(36);2-3;3-H;B-1,150.60,178.71
play,4,0,592691,,,9/SF.1X2(934);3-H,191.77,125.50
play,4,1,581660,,,HR/F,222.89,87.35
play,4,1,572853,,,K
play,4,1,501675,,,43/G,145.58,171.69
play,4,1,553889,,,W
play,4,1,517021,,,D9/F.1-H,207.83,113.45
play,4,1,545349,,,S9/G.2-H,200.80,115.46
play,4,1,596335,,,K
play,5,0,554239,,,NP
sub,592677,C. J. Riefenhauser,1,0,1
play,5,0,554239,,,W
play,5,0,594819,,,K
play,5,0,594935,,,PO1(23)
play,5,0,594935,,,D7/L,45.18,112.45
play,5,0,592743,,,53/G,103.41,178.71
play,5,1,517028,,,8/F,120.48,74.30
play,5,1,571711,,,9/F,195.78,116.47
play,5,1,581660,,,D7/L,42.17,110.44
play,5,1,572853,,,K
play,6,0,571599,,,7/F,54.22,114.46
play,6,0,594828,,,8/F,120.48,82.33
play,6,0,594886,,,D7/L,40.16,113.45
play,6,0,519345,,,43/G,144.58,170.68
play,6,1,501675,,,NP
sub,592741,Chasen Shreve,0,0,1
play,6,1,501675,,,K
play,6,1,553889,,,4/L,150.60,171.69
play,6,1,517021,,,K
play,7,0,592691,,,53/G,101.41,180.72
play,7,0,554239,,,13/G,125.50,193.78
play,7,0,594819,,,K
play,7,1,545349,,,NP
sub,592786,Matthew Suschak,0,0,1
play,7,1,545349,,,7/F,53.21,112.45
play,7,1,596335,,,4/P,148.59,171.69
play,7,1,517028,,,K
play,8,0,594935,,,7/F,58.23,110.44
play,8,0,592743,,,D8/F,123.49,74.30
play,8,0,571599,,,SB3
play,8,0,571599,,,K
play,8,0,594828,,,S7/G.3-H,47.19,113.45
play,8,0,594886,,,PB.1-2
play,8,0,594886,,,S7/G.2-H,47.19,108.43
play,8,0,519345,,,NP
sub,548381,Shane Minks,1,0,1
play,8,0,519345,,,S9/G.1-3,191.77,117.47
play,8,0,592691,,,8/F,122.49,72.29
play,8,1,571711,,,E5/TH,103.41,177.71
play,8,1,581660,,,7/F,51.20,109.44
play,8,1,572853,,,5/P,103.41,180.72
play,8,1,501675,,,K
play,9,0,554239,,,K
play,9,0,594819,,,K
play,9,0,594935,,,W
play,9,0,592743,,,SB2
play,9,0,592743,,,63/G,110.44,176.71
play,9,1,553889,,,6/L,106.43,171.69
play,9,1,517021,,,43/G,143.57,174.70
play,9,1,545349,,,S7/L,53.21,115.46
play,9,1,596335,,,5/P,104.42,178.71
id,PriAPP201007310
info,visteam,DanAPP
info,hometeam,PriAPP
info,date,2010/07/31
start,594935,Jason Mowry,0,1,8
start,592743,Andrelton Simmons,0,2,6
start,594886,Barrett Kleinknecht,0,3,5
start,594828,Evan Gattis,0,4,10
start,519345,Joseph Terdoslavich,0,5,3
start,592691,David Rohm,0,6,9
start,596732,Ryan Query,0,7,2
start,554239,Elmer Reyes,0,8,4
start,595212,Jarred Frierson,0,9,7
start,594874,Dan Jurik,0,0,1
start,595281,Kevin Kiermaier,1,1,8
start,571711,Todd Glaesmann,1,2,10
start,581660,Scott Lawson,1,3,5
start,572853,Bryan Fogle,1,4,7
start,501675,Ruben Contreras,1,5,9
start,553889,Hector Guevara,1,6,4
start,517021,Gerardo Olivares,1,7,2
start,545349,Jeff Malm,1,8,3
start,541653,Felix Gonzalez,1,9,6
start,542316,Braulio Lara,1,0,1
play,1,0,594935,,,63/G,109.44,173.69
play,1,0,592743,,,W
play,1,0,594886,,,FC1/G.1X2(16);B-1,111.45,177.71
play,1,0,594828,,,S1/G.1-2,122.49,184.74
play,1,0,519345,,,W.1-2;2-3
play,1,0,592691,,,3/G,144.58,183.73
play,1,1,595281,,,8/F,122.49,82.33
play,1,1,571711,,,K
play,1,1,581660,,,53/G,106.43,183.73
play,2,0,596732,,,S8/G,115.46,76.31
play,2,0,554239,,,K
play,2,0,595212,,,SB2
play,2,0,595212,,,FC6.2X2(64),111.45,179.72
play,2,0,594935,,,K
play,2,1,572853,,,E5,102.41,177.71
play,2,1,501675,,,3/PF,151.61,199.80
play,2,1,553889,,,64(1)3/GDP/G6,105.42,171.69
play,3,0,592743,,,S8/G.BX2(86),125.50,86.35
play,3,0,594886,,,S7/L,61.24,117.47
play,3,0,594828,,,SB2
play,3,0,594828,,,K
play,3,0,519345,,,7/F,56.22,110.44
play,3,1,517021,,,9/F,182.73,120.48
play,3,1,545349,,,E5,104.42,178.71
play,3,1,541653,,,53/SH.1-2,112.45,196.79
play,3,1,595281,,,43/G,143.57,169.68
play,4,0,592691,,,NP
sub,596334,Zane Williams,1,7,2
play,4,0,592691,,,63/G,110.44,173.69
play,4,0,596732,,,K
play,4,0,554239,,,9/F,196.79,129.52
play,4,1,571711,,,S8/L,118.47,94.38
play,4,1,581660,,,8/F,127.51,89.36
play,4,1,572853,,,HR/F.1-H,218.88,84.34
play,4,1,501675,,,K
play,4,1,553889,,,53/G,104.42,180.72
play,5,0,595212,,,53/G,105.42,180.72
play,5,0,594935,,,W
play,5,0,592743,,,53/G.1-2,103.41,180.72
play,5,0,594886,,,53/G,103.41,179.72
play,5,1,596334,,,S5/G,104.42,178.71
play,5,1,545349,,,S8/G.1-2,123.49,93.37
play,5,1,541653,,,K
play,5,1,595281,,,IW.1-2;2-3
play,5,1,571711,,,S8/L.1-2;2-3;3-H,122.49,105.42
play,5,1,581660,,,13/G.1-2;2-3;3-H,124.50,191.77
play,5,1,572853,,,53/G,104.42,180.72
play,6,0,594828,,,NP
sub,592434,George Jensen,1,0,1
play,6,0,594828,,,31/G,147.59,181.73
play,6,0,519345,,,K
play,6,0,592691,,,43/G,148.59,175.70
play,6,1,501675,,,4/P,143.57,176.71
play,6,1,553889,,,D8/F,121.49,86.35
play,6,1,596334,,,7/F,56.22,114.46
play,6,1,545349,,,K
play,7,0,596732,,,D9/F,204.82,122.49
play,7,0,554239,,,63/G,107.43,173.69
play,7,0,595212,,,W
play,7,0,594935,,,WP.2-3
play,7,0,594935,,,K
play,7,0,592743,,,SB2
play,7,0,592743,,,63/G,107.43,170.68
play,7,1,541653,,,NP
sub,572911,Jamie Hayes,0,0,1
play,7,1,541653,,,K.B-1(E2/TH)
play,7,1,595281,,,46(1)3/GDP/G4,146.59,170.68
play,7,1,571711,,,5/PF,97.39,197.79
play,8,0,594886,,,K
play,8,0,594828,,,53/G,101.41,180.72
play,8,0,519345,,,31/G,153.61,178.71
play,8,1,581660,,,S7/L,59.24,110.44
play,8,1,572853,,,K+SB2
play,8,1,501675,,,K+SB3
play,8,1,553889,,,W
play,8,1,596334,,,K
play,9,0,592691,,,63/G,105.42,169.68
play,9,0,596732,,,4/P,149.60,175.70
play,9,0,554239,,,4/P,148.59,172.69
id,PriAPP201008061
info,visteam,GreAPP
info,hometeam,PriAPP
info,date,2010/08/06
start,595831,Jonathan Merritt,0,1,6
start,500767,Ricardo Garcia,0,2,4
start,455390,Jhonny Medrano,0,3,10
start,548300,Chris Wallace,0,4,2
start,595832,Marcus Nidiffer,0,5,3
start,571981,Telvin Nash,0,6,7
start,572995,Chris Lovett,0,7,5
start,516430,Emilio King,0,8,9
start,595291,Bryce Lane,0,9,8
start,592314,Michael Foltynewicz,0,0,1
start,595281,Kevin Kiermaier,1,1,7
start,571711,Todd Glaesmann,1,2,8
start,581660,Scott Lawson,1,3,5
start,572853,Bryan Fogle,1,4,7
start,517028,Cesar Guillen,1,5,9
start,553889,Hector Guevara,1,6,4
start,545349,Jeff Malm,1,7,3
start,517021,Gerardo Olivares,1,8,2
start,541653,Felix Gonzalez,1,9,6
start,542316,Braulio Lara,1,0,1
play,1,0,595831,,,W
play,1,0,500767,,,6(1)3/G6/GDP,117.47,158.63
play,1,0,455390,,,53/G,102.41,176.71
play,1,1,595281,,,S8/F,131.53,118.47
play,1,1,571711,,,S8/G.1-2,127.51,117.47
play,1,1,581660,,,13/BG.1-2;2-3,130.52,202.81
play,1,1,572853,,,WP.2-3;3-H
play,1,1,572853,,,S7/G.3-H,71.29,135.54
play,1,1,517028,,,S9/L.1-2,172.69,143.57
play,1,1,553889,,,WP.1-2;2-3
play,1,1,553889,,,K
play,1,1,545349,,,S7/F.2-H;3-H,58.23,123.49
play,1,1,517021,,,CS2
play,2,0,548300,,,K23
play,2,0,595832,,,8/F,124.50,72.29
play,2,0,571981,,,8/F,124.50,86.35
play,2,1,517021,,,63/G,107.43,162.65
play,2,1,541653,,,S7/G,80.32,136.55
play,2,1,595281,,,T9/F.1-H,199.80,109.44
play,2,1,571711,,,8/SF.3-H,128.51,70.28
play,2,1,581660,,,7/F,66.27,123.49
play,3,0,572995,,,S5/BG,114.46,195.78
play,3,0,516430,,,PB.1-2
play,3,0,516430,,,8/F.2-3,124.50,71.29
play,3,0,595291,,,31/G.3-H,143.57,171.69
play,3,0,595831,,,63/G,114.46,164.66
play,3,1,572853,,,K
play,3,1,517028,,,W
play,3,1,553889,,,W.1-2
play,3,1,545349,,,NP
sub,571585,Jamaine Cotton,0,0,1
play,3,1,545349,,,D7/F.1-3;2-H,58.23,124.50
play,3,1,517021,,,IW
play,3,1,541653,,,S7/G.1-2;2-3;3-H,70.28,137.55
play,3,1,595281,,,K
play,3,1,571711,,,WP.1-2;2-3;3-H
play,3,1,571711,,,9/F,189.76,124.50
play,4,0,500767,,,9/F,201.81,109.44
play,4,0,455390,,,K
play,4,0,548300,,,D8/F,137.55,73.29
play,4,0,595832,,,W
play,4,0,571981,,,K
play,4,1,581660,,,S8/G,130.52,96.39
play,4,1,572853,,,S7/F.1-2,78.31,128.51
play,4,1,517028,,,S7/F.1-2;2-3,76.31,126.51
play,4,1,553889,,,9/F,205.82,119.48
play,4,1,545349,,,W.1-2;2-3;3-H
play,4,1,517021,,,NP
sub,574988,Philip Rorabaugh,0,0,1
play,4,1,517021,,,43/G.1-2;2-3;3-H,134.54,162.65
play,4,1,541653,,,S8/F.2-3;3-H;B-2,137.55,109.44
play,4,1,595281,,,K
play,5,0,572995,,,4/P,137.55,163.65
play,5,0,516430,,,43/G,138.55,167.67
play,5,0,595291,,,S8/G,129.52,109.44
play,5,0,595831,,,DI.1-2
play,5,0,595831,,,53/G,102.41,177.71
play,5,1,571711,,,K
play,5,1,581660,,,D8/G,109.44,101.41
play,5,1,572853,,,S9/L.2-3,177.71,147.59
play,5,1,517028,,,WP.1-2;3-H
play,5,1,517028,,,W
play,5,1,553889,,,NP
sub,596335,Brian Harris,1,6,11
play,5,1,596335,,,S9/F.1-2;2-3,169.68,142.57
play,5,1,545349,,,9/F.3XH(92),178.71,132.53
play,6,0,500767,,,NP
sub,596335,Brian Harris,1,6,4
play,6,0,500767,,,S9/G,171.69,154.62
play,6,0,455390,,,HR/F.1-H,219.88,69.28
play,6,0,548300,,,53/G,108.43,180.72
play,6,0,595832,,,NP
sub,592677,C. J. Riefenhauser,1,0,1
play,6,0,595832,,,53/G,106.43,181.73
play,6,0,571981,,,K
play,6,1,517021,,,NP
sub,518767,Justin Harper,0,0,1
play,6,1,517021,,,3/P,145.58,178.71
play,6,1,541653,,,43/G,132.53,161.65
play,6,1,595281,,,NP
sub,501675,Ruben Contreras,1,1,11
play,6,1,501675,,,63/G,111.45,160.64
play,7,0,572995,,,NP
sub,501675,Ruben Contreras,1,1,10
play,7,0,516430,,,NP
sub,596334,Zane Williams,1,8,2
play,7,0,572995,,,E6/TH,110.44,160.64
play,7,0,516430,,,54(1)3/GDP/G5,103.41,178.71
play,7,0,595291,,,K
id,PriAPP201008062
info,visteam,GreAPP
info,hometeam,PriAPP
info,date,2010/08/06
start,542165,Pedro Feliz,0,1,4
start,542605,Hector Rodriguez,0,2,6
start,455390,Jhonny Medrano,0,3,10
start,502316,Rafael Valenzuela,0,4,5
start,595832,Marcus Nidiffer,0,5,3
start,571981,Telvin Nash,0,6,7
start,504333,Carlos Mojica,0,7,2
start,516429,Ricardo Heredia,0,8,9
start,572938,Ryan Humphrey,0,9,8
start,515808,Gabriel Garcia,0,0,1
start,595281,Kevin Kiermaier,1,1,9
start,571711,Todd Glaesmann,1,2,8
start,501675,Ruben Contreras,1,3,7
start,572853,Bryan Fogle,1,4,10
start,596313,Kyle Holloway,1,5,2
start,553889,Hector Guevara,1,6,4
start,545349,Jeff Malm,1,7,3
start,572874,Geno Glynn,1,8,5
start,596335,Brian Harris,1,9,6
start,592434,George Jensen,1,0,1
play,1,0,542165,,,K
play,1,0,542605,,,63/G,110.44,158.63
play,1,0,455390,,,W
play,1,0,502316,,,D9/L.1-3,185.74,129.52
play,1,0,595832,,,K
play,1,1,595281,,,W
play,1,1,571711,,,E6.1-2,113.45,160.64
play,1,1,501675,,,K
play,1,1,572853,,,CS3;.1-2
play,1,1,572853,,,WP.2-H(E2/TH)
play,1,1,572853,,,W
play,1,1,596313,,,D7/F.1-3,57.23,123.49
play,1,1,553889,,,9/F,202.81,111.45
play,2,0,571981,,,53/G,106.43,178.71
play,2,0,504333,,,K
play,2,0,516429,,,E6/TH.B-2,106.43,162.65
play,2,0,572938,,,8/F,111.45,85.34
play,2,1,545349,,,6/L,110.44,166.67
play,2,1,572874,,,K
play,2,1,596335,,,S6/G,110.44,162.65
play,2,1,595281,,,S7/G.1-2,72.29,128.51
play,2,1,571711,,,K
play,3,0,542165,,,43/G,133.53,162.65
play,3,0,542605,,,K
play,3,0,455390,,,HR/F,205.82,57.23
play,3,0,502316,,,43/G,133.53,166.67
play,3,1,501675,,,NP
sub,500764,Jeiler Castillo,0,0,1
play,3,1,501675,,,K
play,3,1,572853,,,53/G,108.43,182.73
play,3,1,596313,,,S9/G,156.63,147.59
play,3,1,553889,,,S8/G.1-2,129.52,102.41
play,3,1,545349,,,8/F,126.51,55.22
play,4,0,595832,,,HR/F,122.49,20.08
play,4,0,571981,,,9/F,173.69,135.54
play,4,0,504333,,,W
play,4,0,516429,,,9/F,177.71,131.53
play,4,0,572938,,,S8/G.1-2,132.53,121.49
play,4,0,542165,,,NP
sub,596333,Matthew Gilson,1,0,1
play,4,0,542165,,,8/F,122.49,98.39
play,4,1,572874,,,63/G,112.45,167.67
play,4,1,596335,,,S8/F,121.49,100.40
play,4,1,595281,,,K
play,4,1,571711,,,K
play,5,0,542605,,,13/BG,120.48,197.79
play,5,0,455390,,,D7/F,51.20,119.48
play,5,0,502316,,,HR/F.2-H,215.86,60.24
play,5,0,595832,,,3/P,146.59,172.69
play,5,0,571981,,,D7/F,56.22,126.51
play,5,0,504333,,,53/G,105.42,179.72
play,5,1,501675,,,NP
sub,502316,Rafael Valenzuela,0,4,3
play,5,1,572853,,,NP
sub,572995,Chris Lovett,0,5,5
play,5,1,501675,,,8/F,121.49,90.36
play,5,1,572853,,,W
play,5,1,596313,,,S8/G.1-2,115.46,105.42
play,5,1,553889,,,NP
sub,518514,Garrett Bullock,0,0,1
play,5,1,553889,,,64(1)3/GDP/G6,109.44,165.66
play,6,0,516429,,,NP
sub,597151,Justin Hall,1,0,1
play,6,0,516429,,,8/F,121.49,77.31
play,6,0,572938,,,S9/G,167.67,148.59
play,6,0,542165,,,54(1)3/GDP/G5,100.40,186.75
play,6,1,545349,,,NP
sub,516430,Emilio King,0,6,9
play,6,1,572874,,,NP
sub,516429,Ricardo Heredia,0,8,7
play,6,1,545349,,,K
play,6,1,572874,,,43/G,136.55,169.68
play,6,1,596335,,,63/G,101.41,165.66
play,7,0,542605,,,S8/G,116.47,109.44
play,7,0,455390,,,K+WP.1-2
play,7,0,502316,,,K
play,7,0,572995,,,K
play,7,1,595281,,,K
play,7,1,571711,,,S8/G,121.49,101.41
play,7,1,501675,,,POCS2(136)
play,7,1,501675,,,K
id,PriAPP201008070
info,visteam,GreAPP
info,hometeam,PriAPP
info,date,2010/08/07
start,542165,Pedro Feliz,0,1,4
start,572938,Ryan Humphrey,0,2,8
start,455390,Jhonny Medrano,0,3,10
start,502316,Rafael Valenzuela,0,4,5
start,548300,Chris Wallace,0,5,2
start,571981,Telvin Nash,0,6,7
start,595832,Marcus Nidiffer,0,7,3
start,516430,Emilio King,0,8,9
start,542605,Hector Rodriguez,0,9,6
start,542300,Euris Quezada,0,0,1
start,595281,Kevin Kiermaier,1,1,8
start,571711,Todd Glaesmann,1,2,10
start,581660,Scott Lawson,1,3,5
start,572853,Bryan Fogle,1,4,7
start,501675,Ruben Contreras,1,5,9
start,553889,Hector Guevara,1,6,4
start,545349,Jeff Malm,1,7,3
start,596313,Kyle Holloway,1,8,2
start,541653,Felix Gonzalez,1,9,6
start,542311,Eliazer Suero,1,0,1
play,1,0,542165,,,D9/G,173.69,139.56
play,1,0,572938,,,63/G.2-3,109.44,171.69
play,1,0,455390,,,HP
play,1,0,502316,,,K
play,1,0,548300,,,9/F,179.72,120.48
play,1,1,595281,,,7/F,68.27,120.48
play,1,1,571711,,,W
play,1,1,581660,,,CS2
play,1,1,581660,,,W
play,1,1,572853,,,9/F,178.71,112.45
play,2,0,571981,,,K
play,2,0,595832,,,K
play,2,0,516430,,,8/F,126.51,95.38
play,2,1,501675,,,S8/G,116.47,117.47
play,2,1,553889,,,9/F,181.73,118.47
play,2,1,545349,,,CS2
play,2,1,545349,,,K
play,3,0,542605,,,43/G,136.55,173.69
play,3,0,542165,,,K
play,3,0,572938,,,S7/G,80.32,118.47
play,3,0,455390,,,S5/G.1-2,103.41,175.70
play,3,0,502316,,,43/G,147.59,175.70
play,3,1,596313,,,43/G,136.55,167.67
play,3,1,541653,,,S7/G,75.30,110.44
play,3,1,595281,,,8/F.?X?(83),120.48,84.34
play,4,0,548300,,,9/FF,200.80,141.57
play,4,0,571981,,,K
play,4,0,595832,,,HR/F,219.88,62.25
play,4,0,516430,,,K
play,4,1,571711,,,8/F,125.50,83.33
play,4,1,581660,,,3/G,143.57,181.73
play,4,1,572853,,,53/G,108.43,179.72
play,5,0,542605,,,NP
sub,595263,Mickey Jannis,1,0,1
play,5,0,542605,,,S6/G,106.43,172.69
play,5,0,542165,,,13/G.1-2,124.50,188.76
play,5,0,572938,,,K
play,5,0,455390,,,63/G,116.47,166.67
play,5,1,501675,,,W
play,5,1,553889,,,6(B)63(1)/LDP,111.45,170.68
play,5,1,545349,,,K
play,6,0,502316,,,S7/L,78.31,113.45
play,6,0,548300,,,S9/G.1-2,162.65,123.49
play,6,0,571981,,,9/F.2-3,183.73,121.49
play,6,0,595832,,,8/SF.1-2;3-H,119.48,75.30
play,6,0,516430,,,9/L,172.69,116.47
play,6,1,596313,,,63/G,110.44,171.69
play,6,1,541653,,,6/P,109.44,170.68
play,6,1,595281,,,9/F,172.69,119.48
play,7,0,542605,,,S8/G,111.45,115.46
play,7,0,542165,,,PO1(?3)
play,7,0,542165,,,K
play,7,0,572938,,,S9/G,171.69,123.49
play,7,0,455390,,,S7/G.1-2,71.29,125.50
play,7,0,502316,,,8/F,130.52,86.35
play,7,1,571711,,,53/G,105.42,179.72
play,7,1,581660,,,T8/F,128.51,68.27
play,7,1,572853,,,53/G.3-H,102.41,176.71
play,7,1,501675,,,K
play,8,0,548300,,,NP
sub,548381,Shane Minks,1,0,1
play,8,0,548300,,,31/G,143.57,180.72
play,8,0,571981,,,K
play,8,0,595832,,,W
play,8,0,516430,,,SB2
play,8,0,516430,,,T7/F.2-H,47.19,103.41
play,8,0,542605,,,S6/G.3-H,113.45,173.69
play,8,0,542165,,,CS2
play,8,1,553889,,,NP
sub,572142,Travis Smink,0,0,1
play,8,1,553889,,,D9/G,172.69,116.47
play,8,1,545349,,,S9/G.2-H,176.71,122.49
play,8,1,596313,,,NP
sub,592225,Ryan Cole,0,0,1
play,8,1,541653,,,NP
sub,595291,Bryce Lane,0,6,7
play,8,1,596313,,,6(1)3/G6/GDP,104.42,177.71
play,8,1,541653,,,K23
play,9,0,542165,,,S9/G,180.72,110.44
play,9,0,572938,,,13/SH.1-2,124.50,189.76
play,9,0,455390,,,63/G,112.45,172.69
play,9,0,502316,,,43/G,142.57,172.69
play,9,1,595281,,,S3/G,141.57,181.73
play,9,1,571711,,,SB2;1-3(E2)(E2/TH)
play,9,1,571711,,,W
play,9,1,581660,,,SB2
play,9,1,581660,,,W
play,9,1,572853,,,NP
sub,572173,Brian Streilein,0,0,1
play,9,1,572853,,,S8/L.1-2;2-H;3-H,106.43,110.44
play,9,1,placeholder,,,NP
sub,517028,Cesar Guillen,1,4,12
play,9,1,501675,,,8/F,117.47,79.32
play,9,1,553889,,,WP.1-2;2-3
play,9,1,553889,,,IW
play,9,1,545349,,,4(1)3/G4/GDP,140.56,176.71
play,10,0,548300,,,NP
sub,517028,Cesar Guillen,1,4,7
play,10,0,548300,,,K
play,10,0,595291,,,K23
play,10,0,595832,,,43/G,131.53,173.69
play,10,1,596313,,,HP
play,10,1,541653,,,1/BP,128.51,187.75
play,10,1,595281,,,6(1)3/G6/GDP,111.45,169.68
play,11,0,516430,,,S8/G,115.46,104.42
play,11,0,542605,,,K
play,11,0,542165,,,63/G.1-2,107.43,171.69
play,11,0,572938,,,K
play,11,1,571711,,,K
play,11,1,581660,,,K
play,11,1,517028,,,K
play,12,0,455390,,,W
play,12,0,502316,,,SB2
play,12,0,502316,,,43/G.2-3,134.54,165.66
play,12,0,548300,,,S8/G.3-H,133.53,112.45
play,12,0,595291,,,NP
sub,595831,Jonathan Merritt,0,6,11
play,12,0,595831,,,E5/TH.1-2,105.42,178.71
play,12,0,595832,,,NP
sub,596332,Garret Carruth,1,0,1
play,12,0,595832,,,8/F,112.45,97.39
play,12,0,516430,,,FC6/G.1X2(64),114.46,165.66
play,12,1,501675,,,NP
sub,516429,Ricardo Heredia,0,6,7
play,12,1,501675,,,43/G,128.51,166.67
play,12,1,553889,,,43/G,147.59,172.69
play,12,1,545349,,,K
id,PriAPP201008080
info,visteam,BluAPP
info,hometeam,PriAPP
info,date,2010/08/08
start,572932,Kyle Hoppy,0,1,7
start,570727,Dudley Leonora,0,2,4
start,572245,Brenden Webb,0,3,8
start,572803,Brad Decater,0,4,5
start,573220,Joseph Velleggia,0,5,3
start,489314,Jeremy Shelby,0,6,9
start,570731,Jonathan Schoop,0,7,6
start,572882,Austin Goolsby,0,8,10
start,595472,Cody Young,0,9,10
start,543496,Jarret Martin,0,0,1
start,595281,Kevin Kiermaier,1,1,8
start,517028,Cesar Guillen,1,2,7
start,581660,Scott Lawson,1,3,5
start,572853,Bryan Fogle,1,4,10
start,501675,Ruben Contreras,1,5,9
start,553889,Hector Guevara,1,6,4
start,545349,Jeff Malm,1,7,3
start,517021,Gerardo Olivares,1,8,2
start,541653,Felix Gonzalez,1,9,6
start,571479,Andrew Bellatti,1,0,1
play,1,0,572932,,,4/L,142.57,147.59
play,1,0,570727,,,S9/L,179.72,88.35
play,1,0,572245,,,W.1-2
play,1,0,572803,,,S9/L.1-2;2-H,157.63,98.39
play,1,0,573220,,,K
play,1,0,489314,,,7/F,80.32,108.43
play,1,1,595281,,,S6/G,110.44,148.59
play,1,1,517028,,,W.1-2
play,1,1,581660,,,1/L,122.49,186.75
play,1,1,572853,,,W.1-2;2-3
play,1,1,501675,,,64(1)3/GDP/G6,103.41,156.63
play,2,0,570731,,,9/F,155.62,90.36
play,2,0,572882,,,63/G,122.49,154.62
play,2,0,595472,,,K
play,2,1,553889,,,K
play,2,1,545349,,,HP
play,2,1,placeholder,,,PO1(E?).1-2
play,2,1,517021,,,13/G,116.47,184.74
play,2,1,541653,,,13/G,125.50,182.73
play,3,0,572932,,,43/G,139.56,153.61
play,3,0,570727,,,63/G,112.45,151.61
play,3,0,572245,,,K
play,3,1,595281,,,S3/G,140.56,169.68
play,3,1,517028,,,WP.1-2
play,3,1,517028,,,W
play,3,1,581660,,,64(1)3/GDP/G6.2-3,115.46,154.62
play,3,1,572853,,,7/F,63.25,100.40
play,4,0,572803,,,7/F,59.24,111.45
play,4,0,573220,,,D7/G,52.21,108.43
play,4,0,489314,,,PB.2-3
play,4,0,489314,,,4/P,140.56,151.61
play,4,0,570731,,,K
play,4,1,501675,,,W
play,4,1,553889,,,46(1)3/GDP/G4,130.52,149.60
play,4,1,545349,,,HP
play,4,1,517021,,,8/F,159.64,94.38
play,5,0,572882,,,NP
sub,572000,Michael Ohlman,0,8,11
play,5,0,572000,,,K
play,5,0,595472,,,K
play,5,0,572932,,,8/F,113.45,83.33
play,5,1,541653,,,NP
sub,572000,Michael Ohlman,0,8,2
play,5,1,541653,,,31/G,151.61,165.66
play,5,1,595281,,,W
play,5,1,517028,,,SB2
play,5,1,517028,,,8/F.2-3,118.47,75.30
play,5,1,581660,,,S8/F.3-H,124.50,89.36
play,5,1,572853,,,43/G,151.61,158.63
play,6,0,570727,,,HP
play,6,0,572245,,,S8/F.1-3,97.39,89.36
play,6,0,572803,,,NP
sub,595371,Chris Rearick,1,0,1
play,6,0,572803,,,K
play,6,0,573220,,,K
play,6,0,489314,,,K
play,6,1,501675,,,9/FF,208.84,131.53
play,6,1,553889,,,S5/BG,110.44,178.71
play,6,1,545349,,,K
play,6,1,517021,,,FC6/G.1X2(6),110.44,161.65
play,7,0,570731,,,63/G,125.50,150.60
play,7,0,572000,,,9/FF,179.72,91.37
play,7,0,595472,,,43/G,143.57,152.61
play,7,1,541653,,,NP
sub,516763,Eiris Ramirez,0,0,1
play,7,1,541653,,,7/F,66.27,109.44
play,7,1,595281,,,S8/G,121.49,82.33
play,7,1,517028,,,PO1(E?).1-3
play,7,1,581660,,,NP
sub,516670,Janensis Guerrero,0,8,2
play,7,1,517028,,,W
play,7,1,581660,,,9/SF.3-H,185.74,96.39
play,7,1,572853,,,BK.1-2
play,7,1,572853,,,PB.2-3
play,7,1,572853,,,K
play,8,0,572932,,,S9/F,164.66,90.36
play,8,0,570727,,,PO1(23)
play,8,0,570727,,,8/F,149.60,73.29
play,8,0,572245,,,13/G,123.49,186.75
play,8,1,501675,,,NP
sub,504376,Jairo De La Cruz,0,0,1
play,8,1,501675,,,W
play,8,1,553889,,,S7/F.1-2,69.28,100.40
play,8,1,545349,,,BK.1-2;2-3
play,8,1,545349,,,IW
play,8,1,517021,,,W.1-2;2-3;3-H
play,8,1,541653,,,NP
sub,598171,Cory Ast,0,0,1
play,8,1,541653,,,NP
sub,571711,Todd Glaesmann,1,9,11
play,8,1,571711,,,6/P,108.43,155.62
play,8,1,595281,,,PB.1-2;2-3;3-H
play,8,1,595281,,,E1.2-3;3-H,139.56,193.78
play,8,1,517028,,,SB2
play,8,1,517028,,,IW
play,8,1,581660,,,FC3/G.1X2(36);2-3;3-H;B-1,146.59,171.69
play,8,1,572853,,,D8/F.1-H;3-H,111.45,61.24
play,8,1,501675,,,WP.2-3
play,8,1,501675,,,9/F,186.75,91.37
play,9,0,placeholder,,,NP
sub,596335,Brian Harris,1,9,6
play,9,0,572803,,,D9/F,164.66,75.30
play,9,0,573220,,,W
play,9,0,489314,,,46(1)3/GDP/G4.2-3,149.60,159.64
play,9,0,570731,,,K
id,PriAPP201008150
info,visteam,BluAPP
info,hometeam,PriAPP
info,date,2010/08/15
start,572932,Kyle Hoppy,0,1,7
start,570727,Dudley Leonora,0,2,5
start,572245,Brenden Webb,0,3,8
start,573220,Joe Velleggia,0,4,3
start,572000,Michael Ohlman,0,5,2
start,570731,Jonathan Schoop,0,6,6
start,598415,Greyson Schram,0,7,10
start,543024,Edwin Cintron,0,8,9
start,500161,Javier Santana,0,9,4
start,543637,Zach Petersime,0,0,1
start,595281,Kevin Kiermaier,1,1,8
start,553889,Hector Guevara,1,2,4
start,581660,Scott Lawson,1,3,5
start,572853,Bryan Fogle,1,4,10
start,501675,Ruben Contreras,1,5,9
start,517028,Cesar Guillen,1,6,7
start,545349,Jeff Malm,1,7,3
start,517021,Gerardo Olivares,1,8,2
start,541653,Felix Gonzalez,1,9,6
start,544836,Enny Romero,1,0,1
play,1,0,572932,,,K
play,1,0,570727,,,9/F,144.58,108.43
play,1,0,572245,,,43/G,155.62,153.61
play,1,1,595281,,,3/G,146.59,162.65
play,1,1,553889,,,43/G,137.55,140.56
play,1,1,581660,,,63/G,117.47,154.62
play,2,0,573220,,,K
play,2,0,572000,,,S5/G,101.41,171.69
play,2,0,570731,,,D7/F.1-H,69.28,85.34
play,2,0,598415,,,K
play,2,0,543024,,,43/G,132.53,153.61
play,2,1,572853,,,13/G,121.49,187.75
play,2,1,501675,,,5/PF,84.34,196.79
play,2,1,517028,,,9/F,148.59,85.34
play,3,0,500161,,,K
play,3,0,572932,,,63/G,123.49,152.61
play,3,0,570727,,,S7/F,60.24,101.41
play,3,0,572245,,,WP.1-2
play,3,0,572245,,,HR/F.2-H,191.77,39.16
play,3,0,573220,,,K
play,3,1,545349,,,13/G,132.53,182.73
play,3,1,517021,,,S8/F,124.50,79.32
play,3,1,541653,,,S7/F.1-2,74.30,103.41
play,3,1,595281,,,D9/F.1-H;2-H;B-3,170.68,88.35
play,3,1,553889,,,S9/F.3-H,174.70,101.41
play,3,1,581660,,,CS2
play,3,1,581660,,,3/G,153.61,176.71
play,4,0,572000,,,W
play,4,0,570731,,,K
play,4,0,598415,,,K
play,4,0,543024,,,K
play,4,1,572853,,,S7/F,78.31,93.37
play,4,1,501675,,,D9/F.1-3,194.78,86.35
play,4,1,517028,,,T7/F.2-H;3-H,50.20,96.39
play,4,1,545349,,,S8/F.3-H,120.48,86.35
play,4,1,517021,,,D9/F.1-3,177.71,81.33
play,4,1,541653,,,NP
sub,596745,Chris Petrini,0,0,1
play,4,1,541653,,,S7/F.2-3;3-H;BX2(74),79.32,95.38
play,4,1,595281,,,W
play,4,1,553889,,,T7/F.1-H;3-H,65.26,73.29
play,4,1,581660,,,W
play,4,1,572853,,,SB2
play,4,1,572853,,,K
play,4,1,501675,,,6/L,105.42,158.63
play,5,0,500161,,,8/F,128.51,73.29
play,5,0,572932,,,63/G,114.46,149.60
play,5,0,570727,,,W
play,5,0,572245,,,K23
play,5,1,517028,,,43/G,145.58,148.59
play,5,1,545349,,,43/G,132.53,151.61
play,5,1,517021,,,S8/F,116.47,80.32
play,5,1,541653,,,3/G,147.59,165.66
play,6,0,573220,,,NP
sub,572874,Geno Glynn,1,3,5
play,6,0,572000,,,NP
sub,592677,C. J. Riefenhauser,1,0,1
play,6,0,573220,,,8/F,115.46,67.27
play,6,0,572000,,,E6,120.48,150.60
play,6,0,570731,,,8/F,100.40,64.26
play,6,0,598415,,,53/G,117.47,159.64
play,6,1,595281,,,NP
sub,595429,Travis Strong,0,0,1
play,6,1,595281,,,S8/F.B-3(E8/TH),106.43,71.29
play,6,1,553889,,,WP.3-H
play,6,1,553889,,,9/F,161.65,90.36
play,6,1,572874,,,63/G,108.43,155.62
play,6,1,572853,,,W
play,6,1,501675,,,9/F,175.70,97.39
play,7,0,543024,,,K
play,7,0,500161,,,13/G,129.52,177.71
play,7,0,572932,,,K
play,7,1,517028,,,NP
sub,489314,Jeremy Shelby,0,3,8
play,7,1,517028,,,D7/F.B-3,69.28,108.43
play,7,1,545349,,,PB.3-H
play,7,1,545349,,,K
play,7,1,517021,,,13/G,126.51,179.72
play,7,1,541653,,,NP
sub,596335,Brian Harris,1,9,11
play,7,1,596335,,,53/G,100.40,170.68
play,8,0,570727,,,NP
sub,596335,Brian Harris,1,9,6
play,8,0,570727,,,43/G,138.55,153.61
play,8,0,489314,,,3/PF,162.65,179.72
play,8,0,573220,,,4/L,137.55,154.62
play,8,1,595281,,,NP
sub,571540,Dustin Carder,0,0,1
play,8,1,595281,,,3/G,152.61,163.65
play,8,1,553889,,,63/G,116.47,145.58
play,8,1,572874,,,K23
play,9,0,572000,,,NP
sub,596332,Garret Carruth,1,0,1
play,9,0,572000,,,63/G,120.48,154.62
play,9,0,570731,,,S7/F,96.39,101.41
play,9,0,598415,,,W.1-2
play,9,0,543024,,,FC5/G.1X2(54);2-3;B-1,102.41,171.69
play,9,0,500161,,,K
id,PriAPP201008160
info,visteam,BluAPP
info,hometeam,PriAPP
info,date,2010/08/16
start,570727,Dudley Leonora,0,1,4
start,525988,Moises Ciriaco,0,2,10
start,570731,Jonathan Schoop,0,3,6
start,543848,Corey Thomas,0,4,3
start,572803,Brad Decater,0,5,5
start,489314,Jeremy Shelby,0,6,8
start,501531,Luis Ramirez,0,7,9
start,594785,Chris Clinton,0,8,7
start,572882,Austin Goolsby,0,9,2
start,594984,Cameron Roth,0,0,1
start,595281,Kevin Kiermaier,1,1,9
start,571711,Todd Glaesmann,1,2,8
start,581660,Scott Lawson,1,3,5
start,501675,Ruben Contreras,1,4,10
start,517028,Cesar Guillen,1,5,7
start,553889,Hector Guevara,1,6,4
start,545349,Jeff Malm,1,7,3
start,541660,Alejandro Segovia,1,8,2
start,596335,Brian Harris,1,9,6
start,542316,Braulio Lara,1,0,1
play,1,0,570727,,,53/G,98.39,181.73
play,1,0,525988,,,43/G,134.54,163.65
play,1,0,570731,,,8/F,117.47,85.34
play,1,1,595281,,,K23
play,1,1,571711,,,T7/L,48.19,115.46
play,1,1,581660,,,3/G.3-H,143.57,184.74
play,1,1,501675,,,K
play,2,0,543848,,,7/F,73.29,128.51
play,2,0,572803,,,K
play,2,0,489314,,,K
play,2,1,517028,,,43/G,138.55,171.69
play,2,1,553889,,,HR/F,25.10,87.35
play,2,1,545349,,,HP
play,2,1,541660,,,64(1)3/GDP/G6,113.45,168.67
play,3,0,501531,,,K
play,3,0,594785,,,43/G,138.55,171.69
play,3,0,572882,,,53/G,102.41,183.73
play,3,1,596335,,,8/F,120.48,96.39
play,3,1,595281,,,S4/G,138.55,175.70
play,3,1,571711,,,54(1)3/GDP/G5,105.42,179.72
play,4,0,570727,,,S4/G,132.53,165.66
play,4,0,525988,,,46(1)3/GDP/G4,138.55,169.68
play,4,0,570731,,,8/F,119.48,103.41
play,4,1,581660,,,K
play,4,1,501675,,,5/P,113.45,176.71
play,4,1,517028,,,HR/F,49.20,64.26
play,4,1,553889,,,S8/G,117.47,147.59
play,4,1,545349,,,SB2
play,4,1,545349,,,K
play,5,0,543848,,,K
play,5,0,572803,,,9/F,178.71,125.50
play,5,0,489314,,,4/P,139.56,170.68
play,5,1,541660,,,4/L,139.56,169.68
play,5,1,596335,,,6/L,116.47,169.68
play,5,1,595281,,,8/F,118.47,80.32
play,6,0,501531,,,K
play,6,0,594785,,,S6/G,103.41,168.67
play,6,0,572882,,,WP.1-2
play,6,0,572882,,,D8/F.2-H,117.47,53.21
play,6,0,570727,,,S9/F.2-3,159.64,156.63
play,6,0,525988,,,K
play,6,0,570731,,,WP.1-2
play,6,0,570731,,,K
play,6,1,571711,,,S8/F,128.51,135.54
play,6,1,581660,,,FC4/G.1X2(46);B-1,137.55,172.69
play,6,1,501675,,,SB2
play,6,1,501675,,,D9/F.2-3,158.63,157.63
play,6,1,517028,,,K
play,6,1,553889,,,43/G,137.55,168.67
play,7,0,543848,,,NP
sub,592434,George Jensen,1,0,1
play,7,0,543848,,,53/G,108.43,181.73
play,7,0,572803,,,53/G,107.43,182.73
play,7,0,489314,,,K
play,7,1,545349,,,NP
sub,596741,Andy Deain,0,0,1
play,7,1,545349,,,W
play,7,1,541660,,,8/F,125.50,91.37
play,7,1,596335,,,SB2
play,7,1,596335,,,9/F,180.72,113.45
play,7,1,595281,,,E6.2-3,115.46,169.68
play,7,1,571711,,,PB.1-2
play,7,1,581660,,,OA.3XH(12)
play,8,0,501531,,,7/F,71.29,126.51
play,8,0,594785,,,E5/TH,106.43,187.75
play,8,0,572882,,,K
play,8,0,570727,,,S7/F.1-2,77.31,149.60
play,8,0,525988,,,S6/G.2XH(63),105.42,172.69
play,8,1,501675,,,NP
sub,598171,Cory Ast,0,0,1
play,8,1,571711,,,K
play,8,1,581660,,,43/G,130.52,171.69
play,8,1,501675,,,HP
play,8,1,517028,,,S9/F.1-3,162.65,151.61
play,8,1,553889,,,S7/F.1-2;3-H,75.30,139.56
play,8,1,545349,,,S8/G.1-2;2-H,111.45,131.53
play,8,1,541660,,,K
play,9,0,570731,,,63/G,120.48,184.74
play,9,0,543848,,,D7/F,49.20,122.49
play,9,0,572803,,,NP
sub,572245,Brenden Webb,0,5,11
play,9,0,572245,,,HR/F.2-H,177.71,54.22
play,9,0,489314,,,NP
sub,596333,Matthew Gilson,1,0,1
play,9,0,501531,,,FLE9/PF
play,9,0,489314,,,K
play,9,0,501531,,,NP
sub,572000,Michael Ohlman,0,7,11
play,9,0,572000,,,S8/F,130.52,141.57
play,9,0,placeholder,,,NP
sub,543024,Edwin Cintron,0,7,12
play,9,0,594785,,,HR/F.1-H,40.16,81.33
play,9,0,572882,,,3/L,147.59,182.73
play,9,1,596335,,,NP
sub,570727,Dudley Leonora,0,1,5
play,9,1,595281,,,NP
sub,572245,Brenden Webb,0,5,8
play,9,1,571711,,,NP
sub,489314,Jeremy Shelby,0,6,9
play,9,1,581660,,,NP
sub,500161,Javier Santana,0,7,4
play,9,1,501675,,,NP
sub,504322,Sam Taveras,0,0,1
play,9,1,596335,,,NP
sub,541653,Felix Gonzalez,1,9,11
play,9,1,541653,,,S9/F,160.64,142.57
play,9,1,595281,,,K
play,9,1,571711,,,FC6/G.1X2(64);B-1,119.48,170.68
play,9,1,581660,,,SB2
play,9,1,581660,,,W
play,9,1,501675,,,WP.1-2;2-3
play,9,1,501675,,,S8/G.2-3;3-H,118.47,129.52
id,PriAPP201008201
info,visteam,JohAPP
info,hometeam,PriAPP
info,date,2010/08/20
start,594824,Greg Garcia,0,1,6
start,570805,Oscar Taveras,0,2,8
start,592774,Cody Stanley,0,3,2
start,501223,David Medina,0,4,3
start,521091,Romulo Ruiz,0,5,10
start,500675,Kleininger Teran,0,6,5
start,542465,Roberto Reyes,0,7,9
start,518802,Virgil Hill,0,8,7
start,592286,Patrick Elkins,0,9,4
start,543779,Kevin Siegrist,0,0,1
start,517028,Cesar Guillen,1,1,7
start,571711,Todd Glaesmann,1,2,8
start,581660,Scott Lawson,1,3,5
start,572853,Bryan Fogle,1,4,10
start,501675,Ruben Contreras,1,5,9
start,553889,Hector Guevara,1,6,4
start,545349,Jeff Malm,1,7,3
start,596313,Kyle Holloway,1,8,10
start,596335,Brian Harris,1,9,6
start,542311,Eliazer Suero,1,0,1
play,1,0,594824,,,9/F,185.74,125.50
play,1,0,570805,,,6/P,111.45,162.65
play,1,0,592774,,,W
play,1,0,501223,,,W.1-2
play,1,0,521091,,,3/PF,151.61,197.79
play,1,1,517028,,,K
play,1,1,571711,,,63/G,109.44,161.65
play,1,1,581660,,,K
play,2,0,500675,,,7/F,66.27,133.53
play,2,0,542465,,,K
play,2,0,518802,,,9/L,175.70,135.54
play,2,1,572853,,,9/F,196.79,119.48
play,2,1,501675,,,W
play,2,1,553889,,,CS2
play,2,1,553889,,,53/G,104.42,176.71
play,3,0,592286,,,7/F,56.22,96.39
play,3,0,594824,,,W
play,3,0,570805,,,E4/TH.1-3;B-2,138.55,166.67
play,3,0,592774,,,8/SF.2-3;3-H,135.54,67.27
play,3,0,501223,,,341/G3,143.57,181.73
play,3,1,545349,,,43/G,134.54,162.65
play,3,1,596313,,,K
play,3,1,596335,,,K
play,4,0,521091,,,8/F,128.51,64.26
play,4,0,500675,,,S8/G,133.53,107.43
play,4,0,542465,,,K
play,4,0,518802,,,K
play,4,1,517028,,,S6/G,112.45,158.63
play,4,1,571711,,,S5/BG.1-2,114.46,193.78
play,4,1,581660,,,PO2(26)
play,4,1,581660,,,6(1)3/G6/GDP,119.48,161.65
play,5,0,592286,,,9/F,175.70,124.50
play,5,0,594824,,,63/G,106.43,163.65
play,5,0,570805,,,7/F,64.26,98.39
play,5,1,572853,,,8/F,114.46,69.28
play,5,1,501675,,,53/G,102.41,179.72
play,5,1,553889,,,K
play,6,0,592774,,,43/G,135.54,165.66
play,6,0,501223,,,3/G,145.58,176.71
play,6,0,521091,,,S7/L,75.30,124.50
play,6,0,500675,,,D8/F.1-H,78.31,66.27
play,6,0,542465,,,K
play,6,1,545349,,,K
play,6,1,596313,,,53/G,109.44,180.72
play,6,1,596335,,,NP
sub,541660,Alejandro Segovia,1,9,11
play,6,1,541660,,,K
play,7,0,518802,,,NP
sub,541653,Felix Gonzalez,1,8,6
play,7,0,592286,,,NP
sub,541660,Alejandro Segovia,1,9,2
play,7,0,594824,,,NP
sub,592677,C. J. Riefenhauser,1,0,1
play,7,0,518802,,,S9/G,176.71,147.59
play,7,0,592286,,,13/SH.1-2,127.51,198.80
play,7,0,594824,,,PO2(16)
play,7,0,594824,,,K
play,7,1,517028,,,43/G,141.57,162.65
play,7,1,571711,,,D8/F,131.53,77.31
play,7,1,581660,,,W
play,7,1,572853,,,NP
sub,523489,Hector Corpas,0,0,1
play,7,1,572853,,,BK.1-2;2-3
play,7,1,572853,,,13/G,125.50,196.79
play,7,1,501675,,,43/G,134.54,165.66
id,PriAPP201008202
info,visteam,JohAPP
info,hometeam,PriAPP
info,date,2010/08/20
start,594824,Greg Garcia,0,1,4
start,570805,Oscar Taveras,0,2,7
start,592774,Cody Stanley,0,3,10
start,500675,Kleininger Teran,0,4,3
start,521091,Romulo Ruiz,0,5,5
start,502023,Travis Tartamella,0,6,2
start,542465,Roberto Reyes,0,7,9
start,572265,Reggie Williams,0,8,8
start,551750,Cesar Valera,0,9,6
start,542213,Charllan Jimenez,0,0,1
start,595281,Kevin Kiermaier,1,1,8
start,571711,Todd Glaesmann,1,2,10
start,581660,Scott Lawson,1,3,5
start,572853,Bryan Fogle,1,4,7
start,501675,Ruben Contreras,1,5,9
start,553889,Hector Guevara,1,6,4
start,545349,Jeff Malm,1,7,3
start,517021,Gerardo Olivares,1,8,2
start,541653,Felix Gonzalez,1,9,6
start,595371,Chris Rearick,1,0,1
play,1,0,594824,,,3/G,144.58,180.72
play,1,0,570805,,,S7/L,61.24,125.50
play,1,0,592774,,,6/L.1-2(E6)(E6/TH),107.43,161.65
play,1,0,500675,,,D8/F.2-H,130.52,83.33
play,1,0,521091,,,S5/G.2XH(52),104.42,182.73
play,1,1,595281,,,S5/BG,113.45,192.77
play,1,1,571711,,,3/G.1-2,142.57,183.73
play,1,1,581660,,,43/G.2-3,131.53,164.66
play,1,1,572853,,,53/G,105.42,185.74
play,2,0,502023,,,E4,134.54,168.67
play,2,0,542465,,,S/G.1X2,135.54,167.67
play,2,0,572265,,,S5/G.1-2,103.41,181.73
play,2,0,551750,,,D7/L.1-H;2-H,44.18,120.48
play,2,0,594824,,,PO2(E?).2-H(E8)
play,2,0,594824,,,K
play,2,0,570805,,,S8/G,125.50,109.44
play,2,0,592774,,,SB2
play,2,0,592774,,,S8/G.2-H;B-2,125.50,102.41
play,2,0,500675,,,7/F,63.25,124.50
play,2,1,501675,,,31/G,150.60,168.67
play,2,1,553889,,,8/F,138.55,73.29
play,2,1,545349,,,D8/F,117.47,66.27
play,2,1,517021,,,63/G,111.45,161.65
play,3,0,521091,,,53/G,107.43,177.71
play,3,0,502023,,,E1/TH.B-2,118.47,195.78
play,3,0,542465,,,S8/G.2-3,124.50,104.42
play,3,0,572265,,,S7/G.1-2;3-H,75.30,139.56
play,3,0,551750,,,S8/G.1-2;2-3,128.51,103.41
play,3,0,594824,,,E5.1-2;2-3;3-H,107.43,192.77
play,3,0,570805,,,FC6/G.1X2(64);2-3;3-H;B-1,103.41,162.65
play,3,0,592774,,,E7.1-H;3-H;B-2,53.21,108.43
play,3,0,500675,,,K
play,3,1,541653,,,8/F,125.50,79.32
play,3,1,595281,,,K
play,3,1,571711,,,8/F,140.56,86.35
play,4,0,521091,,,NP
sub,597151,Justin Hall,1,0,1
play,4,0,521091,,,S8/G,107.43,113.45
play,4,0,502023,,,K
play,4,0,542465,,,WP.1-2
play,4,0,542465,,,S9/G.2-3,167.67,137.55
play,4,0,572265,,,43/G.1-2;3-H,140.56,161.65
play,4,0,551750,,,K
play,4,1,581660,,,NP
sub,518802,Virgil Hill,0,2,7
play,4,1,581660,,,NP
sub,572874,Geno Glynn,1,3,11
play,4,1,572874,,,63/G,113.45,164.66
play,4,1,572853,,,HR/F,125.50,24.10
play,4,1,501675,,,K
play,4,1,553889,,,43/G,140.56,160.64
play,5,0,594824,,,NP
sub,572874,Geno Glynn,1,3,5
play,5,0,594824,,,HR/F,182.73,36.14
play,5,0,518802,,,53/G,105.42,172.69
play,5,0,592774,,,6/L,112.45,162.65
play,5,0,500675,,,43/G,138.55,158.63
play,5,1,545349,,,S8/G.B-2(E8),123.49,107.43
play,5,1,517021,,,4/PF,163.65,188.76
play,5,1,541653,,,43/G.2-3,137.55,150.60
play,5,1,595281,,,9/L,186.75,133.53
play,6,0,521091,,,S8/L,135.54,100.40
play,6,0,502023,,,64(1)3/GDP/G6,111.45,162.65
play,6,0,542465,,,K
play,6,1,571711,,,NP
sub,517228,Francisco Guzman,0,0,1
play,6,1,571711,,,D9/L,180.72,130.52
play,6,1,572874,,,S8/F.2-H,121.49,107.43
play,6,1,572853,,,K
play,6,1,501675,,,4/P,135.54,164.66
play,6,1,553889,,,FC6/G.1X2(64),105.42,165.66
play,7,0,572265,,,E6/TH,115.46,162.65
play,7,0,551750,,,3/PF,151.61,204.82
play,7,0,594824,,,NP
sub,592286,Patrick Elkins,0,1,11
play,7,0,592286,,,FC4/G.1X2(46);B-1,139.56,168.67
play,7,0,518802,,,D8/F.1-H,119.48,76.31
play,7,0,592774,,,13/G,123.49,184.74
play,7,1,545349,,,NP
sub,592286,Patrick Elkins,0,1,4
play,7,1,517021,,,NP
sub,519072,Iden Nazario,0,0,1
play,7,1,545349,,,S7/G.B-2(E7),71.29,135.54
play,7,1,517021,,,W
play,7,1,541653,,,K
play,7,1,595281,,,46(1)3/GDP/G4,143.57,168.67
id,PriAPP201008210
info,visteam,JohAPP
info,hometeam,PriAPP
info,date,2010/08/21
start,594824,Greg Garcia,0,1,4
start,570805,Oscar Taveras,0,2,8
start,592774,Cody Stanley,0,3,2
start,501223,David Medina,0,4,10
start,521091,Romulo Ruiz,0,5,5
start,500675,Kleininger Teran,0,6,3
start,542465,Roberto Reyes,0,7,9
start,518802,Virgil Hill,0,8,7
start,551750,Cesar Valera,0,9,6
start,595342,Jeff Nadeau,0,0,1
start,501675,Ruben Contreras,1,1,9
start,571711,Todd Glaesmann,1,2,8
start,581660,Scott Lawson,1,3,5
start,572853,Bryan Fogle,1,4,10
start,517028,Cesar Guillen,1,5,7
start,553889,Hector Guevara,1,6,4
start,545349,Jeff Malm,1,7,3
start,541660,Alejandro Segovia,1,8,2
start,541653,Felix Gonzalez,1,9,6
start,571479,Andrew Bellatti,1,0,1
play,1,0,594824,,,7/F,65.26,113.45
play,1,0,570805,,,8/F,127.51,77.31
play,1,0,592774,,,9/F,187.75,114.46
play,1,1,501675,,,43/G,138.55,167.67
play,1,1,571711,,,E5/TH,101.41,180.72
play,1,1,581660,,,SB2;1-3(E3)(E3/TH)
play,1,1,581660,,,E4.3-H,104.72,128.65
play,1,1,572853,,,CS2
play,1,1,572853,,,K
play,2,0,501223,,,W
play,2,0,521091,,,D9/F.1-3,192.77,89.36
play,2,0,500675,,,D9/F.2-H;3-H,189.76,88.35
play,2,0,542465,,,31/G.2-3,151.61,176.71
play,2,0,518802,,,8/SF.3-H,134.54,67.27
play,2,0,551750,,,K
play,2,1,517028,,,7/F,66.27,120.48
play,2,1,553889,,,4/L,139.56,167.67
play,2,1,545349,,,S9/G,174.70,125.50
play,2,1,541660,,,FC5/G.1X2(54),102.41,179.72
play,3,0,594824,,,8/F,120.48,79.32
play,3,0,570805,,,7/L,70.28,117.47
play,3,0,592774,,,8/F,131.53,80.32
play,3,1,541653,,,43/G,138.55,172.69
play,3,1,501675,,,63/G,111.45,166.67
play,3,1,571711,,,D8/F,124.50,73.29
play,3,1,581660,,,7/F,72.29,115.46
play,4,0,501223,,,D9/F,181.73,102.41
play,4,0,521091,,,S7/G.2-3,72.29,120.48
play,4,0,500675,,,PO?(E?).1-2;3-H
play,4,0,500675,,,8/F,125.50,90.36
play,4,0,542465,,,PB.2-3
play,4,0,542465,,,W
play,4,0,518802,,,W.1-2
play,4,0,551750,,,NP
sub,595263,Mickey Jannis,1,0,1
play,4,0,551750,,,7/SF.3-H,69.28,107.43
play,4,0,594824,,,K
play,4,1,572853,,,8/F,122.49,82.33
play,4,1,517028,,,9/F,181.73,116.47
play,4,1,553889,,,D8/F,122.49,75.30
play,4,1,545349,,,43/G,137.55,167.67
play,5,0,570805,,,K
play,5,0,592774,,,8/F,119.48,92.37
play,5,0,501223,,,43/G,138.55,170.68
play,5,1,541660,,,53/G,104.42,180.72
play,5,1,541653,,,D9/F,201.81,101.41
play,5,1,501675,,,4/P,138.55,168.67
play,5,1,571711,,,K
play,6,0,521091,,,S7/L,78.31,122.49
play,6,0,500675,,,46(1)3/GDP/G4,139.56,163.65
play,6,0,542465,,,43/G,140.56,167.67
play,6,1,581660,,,NP
sub,595031,Boone Whiting,0,0,1
play,6,1,581660,,,K
play,6,1,572853,,,K25
play,6,1,517028,,,K
play,7,0,518802,,,S7/G,73.29,114.46
play,7,0,551750,,,SB2
play,7,0,594824,,,PO2(E?).2-3
play,7,0,551750,,,K
play,7,0,594824,,,4/L,136.55,166.67
play,7,0,570805,,,W
play,7,0,592774,,,8/F,121.49,82.33
play,7,1,553889,,,7/F,71.29,118.47
play,7,1,545349,,,8/F,122.49,88.35
play,7,1,541660,,,4/P,141.57,164.66
play,8,0,501223,,,W
play,8,0,521091,,,NP
sub,572265,Reggie Williams,0,4,12
play,8,0,521091,,,W.1-2
play,8,0,500675,,,NP
sub,596333,Matthew Gilson,1,0,1
play,8,0,500675,,,E4/TH.1-H;2-H;B-3,140.56,167.67
play,8,0,542465,,,K
play,8,0,518802,,,E5,111.45,169.68
play,8,0,551750,,,K+SB2
play,8,0,594824,,,13/G,123.49,191.77
play,8,1,541653,,,NP
sub,572265,Reggie Williams,0,4,10
play,8,1,541653,,,K
play,8,1,501675,,,K
play,8,1,571711,,,W
play,8,1,581660,,,7/F,68.27,114.46
play,9,0,570805,,,31/G,150.60,179.72
play,9,0,592774,,,E6/TH,109.44,167.67
play,9,0,572265,,,6(1)3/G6/GDP,116.47,163.65
play,9,1,572853,,,NP
sub,519185,Robert Revesz,0,0,1
play,9,1,572853,,,K
play,9,1,517028,,,43/G,140.56,166.67
play,9,1,553889,,,NP
sub,592515,Aidan Lucas,0,0,1
play,9,1,553889,,,63/G,111.45,169.68
id,PulAPP201006220
info,visteam,BluAPP
info,hometeam,PulAPP
info,date,2010/06/22
start,572932,Kyle Hoppy,0,1,7
start,525988,Moises Ciriaco,0,2,4
start,572245,Brenden Webb,0,3,8
start,572000,Michael Ohlman,0,4,2
start,543848,Corey Thomas,0,5,3
start,594934,Michael Mosby,0,6,5
start,571559,Anderson Childers,0,7,10
start,501531,Luis Ramirez,0,8,9
start,595041,Vincent Zazueta,0,9,6
start,543496,Jarret Martin,0,0,1
start,500726,Mario Yepez,1,1,8
start,462088,Jetsy Extrano,1,2,4
start,517539,Ramon Morla,1,3,5
start,595351,Ethan Paquette,1,4,3
start,573650,Julio Morban,1,5,10
start,500716,Jorge Agudelo,1,6,9
start,595467,James Wood,1,7,7
start,500719,Larry Gonzalez,1,8,2
start,595400,Jake Schlander,1,9,6
start,526911,Nolan Diaz,1,0,1
play,1,0,572932,,,D7/L,49.20,111.45
play,1,0,525988,,,43/G.2-3,135.54,173.69
play,1,0,572245,,,HP
play,1,0,572000,,,WP.1-2
play,1,0,572000,,,K
play,1,0,543848,,,K
play,1,1,500726,,,K
play,1,1,462088,,,E3.B-2,147.59,180.72
play,1,1,517539,,,D9/F.2-H,209.84,109.44
play,1,1,595351,,,WP.2-3
play,1,1,595351,,,63/G.3-H,110.44,172.69
play,1,1,573650,,,53/G,104.42,186.75
play,2,0,594934,,,K
play,2,0,571559,,,3/G,142.57,183.73
play,2,0,501531,,,7/F,74.30,116.47
play,2,1,500716,,,K
play,2,1,595467,,,W
play,2,1,500719,,,WP.1-2
play,2,1,500719,,,K
play,2,1,595400,,,K
play,3,0,595041,,,K
play,3,0,572932,,,3/G,142.57,184.74
play,3,0,525988,,,6/L,112.45,170.68
play,3,1,500726,,,W
play,3,1,462088,,,8/F,120.48,96.39
play,3,1,517539,,,S9/F.1-3,158.63,109.44
play,3,1,595351,,,POCS2(134)
play,3,1,595351,,,WP.3-H
play,3,1,595351,,,W
play,3,1,573650,,,WP.1-2
play,3,1,573650,,,K
play,4,0,572245,,,31/G,148.59,173.69
play,4,0,572000,,,13/G,124.50,192.77
play,4,0,543848,,,63/G,105.42,177.71
play,4,1,500716,,,53/G,108.43,179.72
play,4,1,595467,,,HP
play,4,1,500719,,,K+SB2
play,4,1,595400,,,D7/G.2-H,41.16,120.48
play,4,1,500726,,,K
play,5,0,594934,,,S7/F,79.32,131.53
play,5,0,571559,,,W.1-2
play,5,0,501531,,,S7/G.1-2;2-H,89.36,127.51
play,5,0,595041,,,64(1)3/GDP/G6.2-3,112.45,171.69
play,5,0,572932,,,S6/G.3-H,116.47,169.68
play,5,0,525988,,,E4.1-2,132.53,171.69
play,5,0,572245,,,S7/F.1-2;2-H,72.29,128.51
play,5,0,572000,,,63/G,113.45,175.70
play,5,1,462088,,,NP
sub,575769,Billy Gross,0,0,1
play,5,1,462088,,,K23
play,5,1,517539,,,S9/F,184.74,114.46
play,5,1,595351,,,WP.1-2
play,5,1,595351,,,W
play,5,1,573650,,,SB3
play,5,1,573650,,,K
play,5,1,500716,,,WP.1-2
play,5,1,500716,,,S7/G.2-H;3-H;B-2,72.29,130.52
play,5,1,595467,,,SB3
play,5,1,595467,,,7/F,75.30,122.49
play,6,0,543848,,,NP
sub,500722,Yovanny Olivero,1,0,1
play,6,0,543848,,,9/F,165.66,121.49
play,6,0,594934,,,K
play,6,0,571559,,,K
play,6,1,500719,,,NP
sub,504376,Jairo De La Cruz,0,0,1
play,6,1,500719,,,3/PF,143.57,210.84
play,6,1,595400,,,63/G,115.46,161.65
play,6,1,500726,,,8/F,139.56,92.37
play,7,0,501531,,,T8/F,174.70,72.29
play,7,0,595041,,,63/G.3-H,119.48,170.68
play,7,0,572932,,,13/G,122.49,194.78
play,7,0,525988,,,K
play,7,1,462088,,,6/PF,101.41,196.79
play,7,1,517539,,,HR/F,54.22,54.22
play,7,1,595351,,,8/F,113.45,92.37
play,7,1,573650,,,5/P,106.43,176.71
play,8,0,572245,,,W
play,8,0,572000,,,SB2
play,8,0,572000,,,43/G.2-3,129.52,175.70
play,8,0,543848,,,K
play,8,0,594934,,,K
play,8,1,500716,,,S8/G,135.54,110.44
play,8,1,595467,,,SB2
play,8,1,595467,,,S4/G.2-3,140.56,173.69
play,8,1,500719,,,W.1-2
play,8,1,595400,,,7/SF.3-H,57.23,106.43
play,8,1,500726,,,OA.1-2;2X3(25)
play,8,1,500726,,,W
play,8,1,462088,,,S9/F.2XH,166.67,128.51
play,9,0,571559,,,NP
sub,542940,Matthew Bischoff,1,0,1
play,9,0,571559,,,3/PF,165.66,191.77
play,9,0,501531,,,HP
play,9,0,595041,,,K
play,9,0,572932,,,43/G,138.55,170.68
id,PulAPP201006230
info,visteam,BluAPP
info,hometeam,PulAPP
info,date,2010/06/23
start,572932,Kyle Hoppy,0,1,7
start,525988,Moises Ciriaco,0,2,4
start,572245,Brenden Webb,0,3,8
start,572803,Brad Decater,0,4,5
start,543848,Corey Thomas,0,5,3
start,572000,Michael Ohlman,0,6,10
start,516763,Eiris Ramirez,0,7,9
start,516653,Dashenko Ricardo,0,8,2
start,500161,Javier Santana,0,9,6
start,516671,Angel Cespedes,0,0,1
start,500726,Mario Yepez,1,1,8
start,462088,Jetsy Extrano,1,2,9
start,517539,Ramon Morla,1,3,5
start,595351,Ethan Paquette,1,4,3
start,500716,Jorge Agudelo,1,5,7
start,573650,Julio Morban,1,6,10
start,595400,Jake Schlander,1,7,4
start,542546,Hassiel Jimenez,1,8,2
start,573095,Derek Poppert,1,9,6
start,500033,Jessie Nava,1,0,1
play,1,0,572932,,,W
play,1,0,525988,,,S9/G.1-3(E9)(E9);B-2,172.69,83.33
play,1,0,572245,,,E3.2-3;3-H,156.63,167.67
play,1,0,572803,,,PB.1-2;3-H
play,1,0,572803,,,W
play,1,0,543848,,,HR/F.1-H;2-H,182.73,32.13
play,1,0,572000,,,K
play,1,0,516763,,,K
play,1,0,516653,,,K
play,1,1,500726,,,43/G,129.52,153.61
play,1,1,462088,,,9/F,161.65,84.34
play,1,1,517539,,,S7/L,65.26,103.41
play,1,1,595351,,,53/G,104.42,162.65
play,2,0,500161,,,7/F,58.23,108.43
play,2,0,572932,,,S1/G,114.46,191.77
play,2,0,525988,,,FC6/G.1X2(64);B-1,110.44,156.63
play,2,0,572245,,,S9/G.1-2,169.68,84.34
play,2,0,572803,,,K
play,2,1,500716,,,4/L,169.68,152.61
play,2,1,573650,,,W
play,2,1,595400,,,FC4/G.1X2(46);B-1,148.59,153.61
play,2,1,542546,,,63/G,109.44,147.59
play,3,0,543848,,,63/G,119.48,147.59
play,3,0,572000,,,53/G,106.43,167.67
play,3,0,516763,,,D9/L,191.77,81.33
play,3,0,516653,,,53/G,108.43,173.69
play,3,1,573095,,,9/FF,224.90,139.56
play,3,1,500726,,,S7/G,77.31,98.39
play,3,1,462088,,,FC5/G.1X2(54);B-1,98.39,176.71
play,3,1,517539,,,8/F,111.45,61.24
play,4,0,500161,,,NP
sub,544731,Yao Wen Chang,1,0,1
play,4,0,500161,,,D7/F,36.14,107.43
play,4,0,572932,,,W
play,4,0,525988,,,FC5/G.1X2(54);2-3;B-1,98.39,174.70
play,4,0,572245,,,9/F,177.71,78.31
play,4,0,572803,,,PO1(13)
play,4,1,595351,,,S9/F,160.64,129.52
play,4,1,500716,,,S8/G.1-2,137.55,83.33
play,4,1,573650,,,9/F,190.76,92.37
play,4,1,595400,,,7/F.1-2;2-3,77.31,98.39
play,4,1,542546,,,43/G,145.58,154.62
play,5,0,572803,,,S8/G,98.39,92.37
play,5,0,543848,,,S9/F.1-3,170.68,90.36
play,5,0,572000,,,SB2.2-3(E2/TH);3-H
play,5,0,572000,,,W
play,5,0,516763,,,WP.1-2
play,5,0,516763,,,T9/G.2-H;3-H,186.75,73.29
play,5,0,516653,,,K
play,5,0,500161,,,53/G,101.41,179.72
play,5,0,572932,,,E5/TH.3-H,98.39,169.68
play,5,0,525988,,,8/F,129.52,72.29
play,5,1,573095,,,2/PF,112.45,212.85
play,5,1,500726,,,8/F,113.45,69.28
play,5,1,462088,,,S8/G,121.49,82.33
play,5,1,517539,,,S9/F.1-2,156.63,88.35
play,5,1,595351,,,K
play,6,0,572245,,,13/BG,133.53,189.76
play,6,0,572803,,,D9/L,186.75,82.33
play,6,0,543848,,,S8/G.2XH,119.48,67.27
play,6,0,572000,,,S8/G.1-2,89.36,81.33
play,6,0,516763,,,D9/L.1-3;2-H,170.68,79.32
play,6,0,516653,,,K+WP.2-3;3-H;B-1
play,6,0,500161,,,K
play,6,1,500716,,,NP
sub,575248,Andrew Huebner,0,0,1
play,6,1,500716,,,63/G,109.44,154.62
play,6,1,573650,,,W
play,6,1,595400,,,FC4/G.1X2(46);B-1,147.59,152.61
play,6,1,542546,,,S9/F.1-2,169.68,74.30
play,6,1,573095,,,SB3;SB2
play,6,1,573095,,,K
play,7,0,572932,,,NP
sub,595280,Ryan Kiel,1,0,1
play,7,0,572932,,,E5/TH,84.34,109.44
play,7,0,525988,,,WP.1-2
play,7,0,525988,,,W
play,7,0,572245,,,K
play,7,0,572803,,,WP.1-2;2-3
play,7,0,572803,,,W
play,7,0,543848,,,64(1)3/GDP/G6,115.46,152.61
play,7,1,500726,,,NP
sub,543024,Edwin Cintron,0,1,7
play,7,1,462088,,,NP
sub,489314,Jeremy Shelby,0,3,8
play,7,1,500726,,,7/F,75.30,89.36
play,7,1,462088,,,K
play,7,1,517539,,,W
play,7,1,595351,,,S8/G.1X3,115.46,79.32
play,8,0,572000,,,S7/F,58.23,103.41
play,8,0,516763,,,NP
sub,595472,Cody Young,0,7,11
play,8,0,595472,,,53/G.1-2,106.43,165.66
play,8,0,516653,,,D9/F.2-3,177.71,100.40
play,8,0,500161,,,K
play,8,0,543024,,,K
play,8,1,500716,,,NP
sub,595472,Cody Young,0,7,9
play,8,1,573650,,,NP
sub,571540,Dustin Carder,0,0,1
play,8,1,595400,,,NP
sub,543632,Dennis Perez,0,8,2
play,8,1,500716,,,9/F,168.67,87.35
play,8,1,573650,,,63/G,109.44,159.64
play,8,1,595400,,,S7/G,71.29,90.36
play,8,1,542546,,,63/G,114.46,149.60
play,9,0,525988,,,NP
sub,595288,Josh Krist,1,0,1
play,9,0,525988,,,43/G,136.55,154.62
play,9,0,489314,,,D,139.56,75.30
play,9,0,572803,,,S8/F.2-H,128.51,82.33
play,9,0,543848,,,PB.1-2
play,9,0,543848,,,E6/TH,95.38,155.62
play,9,0,572000,,,D9/F.1-3;2-H,181.73,88.35
play,9,0,595472,,,S8/F.2-3;3-H,113.45,88.35
play,9,0,543632,,,43/G.1-2,134.54,165.66
play,9,0,500161,,,143/G1,130.52,172.69
play,9,1,573095,,,9/F,178.71,86.35
play,9,1,500726,,,K
play,9,1,462088,,,7/F,48.19,99.40
id,PulAPP201006240
info,visteam,BluAPP
info,hometeam,PulAPP
info,date,2010/06/24
start,572932,Kyle Hoppy,0,1,7
start,571559,Anderson Childers,0,2,4
start,572245,Brenden Webb,0,3,8
start,572803,Brad Decater,0,4,5
start,543848,Corey Thomas,0,5,3
start,572000,Michael Ohlman,0,6,2
start,501531,Luis Ramirez,0,7,10
start,595472,Cody Young,0,8,9
start,595041,Vincent Zazueta,0,9,6
start,571458,David Baker,0,0,1
start,462088,Jetsy Extrano,1,1,4
start,500726,Mario Yepez,1,2,8
start,517539,Ramon Morla,1,3,5
start,595351,Ethan Paquette,1,4,3
start,595467,James Wood,1,5,9
start,500716,Jorge Agudelo,1,6,7
start,595400,Jake Schlander,1,7,6
start,500719,Larry Gonzalez,1,8,2
start,573095,Derek Poppert,1,9,10
start,570884,George Mieses,1,0,1
play,1,0,572932,,,6/L,107.43,174.70
play,1,0,571559,,,143/G1,124.50,180.72
play,1,0,572245,,,D7/L,72.29,113.45
play,1,0,572803,,,K
play,1,1,462088,,,13/BG,129.52,203.82
play,1,1,500726,,,S7/F,58.23,121.49
play,1,1,517539,,,64(1)3/GDP/G6,112.45,176.71
play,2,0,543848,,,E5/TH,108.43,175.70
play,2,0,572000,,,K+SB2
play,2,0,501531,,,8/L,131.53,89.36
play,2,0,595472,,,K
play,2,1,595351,,,W
play,2,1,595467,,,D7/L.1-3,71.29,113.45
play,2,1,500716,,,D9/L.2-H;3-H,174.70,141.57
play,2,1,595400,,,K
play,2,1,500719,,,4/P,127.51,171.69
play,2,1,573095,,,E4.2-H,151.61,167.67
play,2,1,462088,,,D7/L.1-H,54.22,114.46
play,2,1,500726,,,K
play,3,0,595041,,,S9/G,162.65,146.59
play,3,0,572932,,,8/F,131.53,94.38
play,3,0,571559,,,3/G.1-2,142.57,183.73
play,3,0,572245,,,HR/F.2-H,111.45,27.11
play,3,0,572803,,,43/G,147.59,177.71
play,3,1,517539,,,W
play,3,1,595351,,,FC5/G.1X2(54);B-1,107.43,175.70
play,3,1,595467,,,S8/G.1-2,101.41,132.53
play,3,1,500716,,,W.1-2;2-3
play,3,1,595400,,,64(1)3/GDP/G6,116.47,169.68
play,4,0,543848,,,K
play,4,0,572000,,,43/G,146.59,170.68
play,4,0,501531,,,43/G,144.58,178.71
play,4,1,500719,,,NP
sub,543637,Zachary Petersime,0,0,1
play,4,1,500719,,,6/P,108.43,163.65
play,4,1,573095,,,43/G,124.50,169.68
play,4,1,462088,,,E6/TH.BX2,117.47,172.69
play,5,0,595472,,,53/G,109.44,180.72
play,5,0,595041,,,K
play,5,0,572932,,,13/G,134.54,189.76
play,5,1,500726,,,S5/BG,110.44,181.73
play,5,1,517539,,,FC5/G.1X2(54);B-1,112.45,174.70
play,5,1,595351,,,K
play,5,1,595467,,,43/G,148.59,170.68
play,6,0,571559,,,W
play,6,0,572245,,,W.1-2
play,6,0,572803,,,HP.1-2;2-3
play,6,0,543848,,,K
play,6,0,572000,,,FC4/G.1X2(46);2-H;3-H;B-2(E6/TH),124.50,166.67
play,6,0,501531,,,7/F,53.21,116.47
play,6,1,500716,,,3/P,152.61,177.71
play,6,1,595400,,,3/G,138.55,189.76
play,6,1,500719,,,9/FF,215.86,211.85
play,7,0,595472,,,NP
sub,595138,Timothy Boyce,1,0,1
play,7,0,595472,,,K
play,7,0,595041,,,K
play,7,0,572932,,,43/G,136.55,168.67
play,7,1,573095,,,63/G,117.47,172.69
play,7,1,462088,,,E6,114.46,170.68
play,7,1,500726,,,6/P,107.43,170.68
play,7,1,517539,,,D8/L.1-H,109.44,86.35
play,7,1,595351,,,9/F,199.80,110.44
play,8,0,571559,,,K
play,8,0,572245,,,K
play,8,0,572803,,,K
play,8,1,595467,,,NP
sub,595315,Steven Mazur,0,0,1
play,8,1,595467,,,63/G,107.43,175.70
play,8,1,500716,,,3/P,145.58,185.74
play,8,1,595400,,,4/L,141.57,175.70
play,9,0,543848,,,13/G,117.47,180.72
play,9,0,572000,,,K
play,9,0,501531,,,K
id,PulAPP201006250
info,visteam,BurAPP
info,hometeam,PulAPP
info,date,2010/06/25
start,543454,Alex Llanos,0,1,8
start,542371,Luis Piterson,0,2,4
start,571461,Geoffrey Baldwin,0,3,3
start,573001,Gabe MacDougall,0,4,7
start,596306,Ryan Jenkins,0,5,10
start,524188,Yunior Figueroa,0,6,5
start,542502,Adrian Martinez,0,7,6
start,542503,Edul Escobar,0,8,2
start,579009,Reggie Taylor,0,9,9
start,534508,Willian Avinazar,0,0,1
start,462088,Jetsy Extrano,1,1,4
start,500726,Mario Yepez,1,2,8
start,517539,Ramon Morla,1,3,5
start,595467,James Wood,1,4,9
start,500716,Jorge Agudelo,1,5,7
start,573650,Julio Morban,1,6,10
start,595351,Ethan Paquette,1,7,3
start,500719,Larry Gonzalez,1,8,2
start,595400,Jake Schlander,1,9,6
start,500725,Leonardo Rodriguez,1,0,1
play,1,0,543454,,,D7/G,62.25,117.47
play,1,0,542371,,,13/SH.2-3,128.51,198.80
play,1,0,571461,,,63/G.3-H,119.48,172.69
play,1,0,573001,,,43/G,149.60,175.70
play,1,1,462088,,,63/G,112.45,170.68
play,1,1,500726,,,8/F,98.39,113.45
play,1,1,517539,,,3/PF,208.84,187.75
play,2,0,596306,,,W
play,2,0,524188,,,FC6/G.1X2(64);B-1,119.48,171.69
play,2,0,542502,,,CS2
play,2,0,542502,,,K
play,2,1,595467,,,S8/L,98.39,123.49
play,2,1,500716,,,4/P,166.67,175.70
play,2,1,573650,,,S8/L.1-2,89.36,101.41
play,2,1,595351,,,PB.1-2;2-3
play,2,1,595351,,,S9/F.2-H;3-H,166.67,132.53
play,2,1,500719,,,K
play,2,1,595400,,,13/G,120.48,196.79
play,3,0,542503,,,K
play,3,0,579009,,,13/G,129.52,198.80
play,3,0,543454,,,9/F,170.68,119.48
play,3,1,462088,,,63/G,123.49,173.69
play,3,1,500726,,,7/F,79.32,129.52
play,3,1,517539,,,D9/L,147.59,119.48
play,3,1,595467,,,PB.2-3
play,3,1,595467,,,K
play,4,0,542371,,,HR/F,58.23,56.22
play,4,0,571461,,,K
play,4,0,573001,,,K
play,4,0,596306,,,43/G,139.56,169.68
play,4,1,500716,,,W
play,4,1,573650,,,K
play,4,1,595351,,,64(1)3/GDP/G6,107.43,159.64
play,5,0,524188,,,E3,149.60,183.73
play,5,0,542502,,,PB.1-2
play,5,0,542502,,,13/SH.2-3,133.53,199.80
play,5,0,542503,,,HP
play,5,0,579009,,,K
play,5,0,543454,,,S7/G.1-2;3-H,87.35,144.58
play,5,0,542371,,,5/PF,67.27,208.84
play,5,1,500719,,,13/G,122.49,189.76
play,5,1,595400,,,K
play,5,1,462088,,,HP
play,5,1,500726,,,3/G,143.57,184.74
play,6,0,571461,,,NP
sub,594842,Tim Griffin,1,0,1
play,6,0,571461,,,K
play,6,0,573001,,,9/F,176.71,118.47
play,6,0,596306,,,D9/G,191.77,128.51
play,6,0,524188,,,S9/F.2-H,188.76,130.52
play,6,0,542502,,,S8/G.1-2,126.51,114.46
play,6,0,542503,,,D8/L.1-H;2-H,126.51,89.36
play,6,0,579009,,,E6.2-H,107.43,171.69
play,6,0,543454,,,6/P,119.48,169.68
play,6,1,517539,,,NP
sub,572026,Robert Penny,0,0,1
play,6,1,517539,,,S7/G,58.23,121.49
play,6,1,595467,,,6(B)63(1)/LDP,106.43,170.68
play,6,1,500716,,,S9/F,190.76,129.52
play,6,1,573650,,,7/F,93.37,106.43
play,7,0,542371,,,7/F,77.31,108.43
play,7,0,571461,,,43/G,146.59,174.70
play,7,0,573001,,,8/F,108.43,106.43
play,7,1,595351,,,E5,113.45,178.71
play,7,1,500719,,,S8/L.1-2,93.37,101.41
play,7,1,595400,,,T8/L.1-H;2-H,137.55,74.30
play,7,1,462088,,,S7/G.3-H,69.28,131.53
play,7,1,500726,,,E3/TH.1-2,150.60,176.71
play,7,1,517539,,,W.1-2;2-3
play,7,1,595467,,,NP
sub,573256,Josh Worrell,0,0,1
play,7,1,595467,,,S9/F.1-2;2-3;3-H,167.67,144.58
play,7,1,500716,,,63/G.1-2;2-3;3-H,117.47,171.69
play,7,1,573650,,,IW
play,7,1,595351,,,K
play,7,1,500719,,,FC5/G.1X2(54),106.43,179.72
play,8,0,596306,,,K
play,8,0,524188,,,8/F,123.49,99.40
play,8,0,542502,,,8/F,123.49,100.40
play,8,1,595400,,,W
play,8,1,462088,,,K+WP.1-2
play,8,1,500726,,,3/G.2-3,144.58,188.76
play,8,1,517539,,,K
play,9,0,542503,,,NP
sub,542940,Matthew Bischoff,1,0,1
play,9,0,542503,,,53/G,105.42,180.72
play,9,0,579009,,,NP
sub,571683,Seth Furmanek,0,9,11
play,9,0,571683,,,13/G,123.49,193.78
play,9,0,543454,,,53/G,108.43,182.73
play,9,1,595467,,,NP
sub,519214,Derek Rodriguez,0,9,9
play,9,1,595467,,,T8/L,84.34,81.33
play,9,1,500716,,,NP
sub,595379,Drew Robertson,0,8,2
play,9,1,500716,,,IW
play,9,1,573650,,,IW.1-2
play,9,1,595351,,,K
play,9,1,500719,,,S8/L.1-2;2-3;3-H,127.51,119.48
id,PulAPP201006260
info,visteam,BurAPP
info,hometeam,PulAPP
info,date,2010/06/26
start,543454,Alex Llanos,0,1,8
start,542371,Luis Piterson,0,2,4
start,573183,Ryan Stovall,0,3,10
start,573001,Gabe MacDougall,0,4,7
start,571683,Seth Furmanek,0,5,3
start,594918,Alex McClure,0,6,6
start,524188,Yunior Figueroa,0,7,5
start,596306,Ryan Jenkins,0,8,2
start,519214,Derek Rodriguez,0,9,9
start,594801,Jonathan Dooley,0,0,1
start,462088,Jetsy Extrano,1,1,6
start,500726,Mario Yepez,1,2,8
start,517539,Ramon Morla,1,3,5
start,595467,James Wood,1,4,9
start,500716,Jorge Agudelo,1,5,7
start,573650,Julio Morban,1,6,10
start,595351,Ethan Paquette,1,7,3
start,542546,Hassiel Jimenez,1,8,2
start,573095,Derek Poppert,1,9,4
start,570798,Richard Vargas,1,0,1
play,1,0,543454,,,W
play,1,0,542371,,,S7/G.1-3,81.33,128.51
play,1,0,573183,,,54(1)3/GDP/G5.3-H,100.40,179.72
play,1,0,573001,,,9/F,171.69,113.45
play,1,1,462088,,,HR/L,28.11,41.16
play,1,1,500726,,,63/G,111.45,164.66
play,1,1,517539,,,K
play,1,1,595467,,,D7/L,56.22,112.45
play,1,1,500716,,,D7/G.2-H,38.15,113.45
play,1,1,573650,,,31/G,150.60,180.72
play,2,0,571683,,,S4/G,138.55,161.65
play,2,0,594918,,,9/F,181.73,96.39
play,2,0,524188,,,K+CS2
play,2,1,595351,,,HP
play,2,1,542546,,,64(1)3/GDP/G6,112.45,165.66
play,2,1,573095,,,4/P,136.55,164.66
play,3,0,596306,,,D9/G,202.81,102.41
play,3,0,519214,,,SH.2-3;B-1,124.50,203.82
play,3,0,543454,,,SB2
play,3,0,543454,,,K
play,3,0,542371,,,9/F,164.66,123.49
play,3,0,573183,,,K
play,3,1,462088,,,W
play,3,1,500726,,,SB2
play,3,1,500726,,,13/SH.2-3,129.52,195.78
play,3,1,517539,,,HR/F.3-H,69.28,36.14
play,3,1,595467,,,D7/L,42.17,111.45
play,3,1,500716,,,D7/G.2-H,42.17,109.44
play,3,1,573650,,,NP
sub,571708,Andrew Giobbi,1,6,11
play,3,1,571708,,,SB3
play,3,1,571708,,,S9/G.3-H,177.71,114.46
play,3,1,595351,,,FC6/G.1X2(64);B-2(E4/TH),112.45,164.66
play,3,1,542546,,,63/G,115.46,164.66
play,4,0,573001,,,NP
sub,571708,Andrew Giobbi,1,6,10
play,4,0,573001,,,K
play,4,0,571683,,,9/F,187.75,102.41
play,4,0,594918,,,63/G,119.48,163.65
play,4,1,573095,,,NP
sub,594776,Chas Byrne,0,0,1
play,4,1,573095,,,9/F,173.69,107.43
play,4,1,462088,,,K23
play,4,1,500726,,,K
play,5,0,524188,,,43/G,145.58,161.65
play,5,0,596306,,,W
play,5,0,519214,,,E6.1-3;B-2,108.43,163.65
play,5,0,543454,,,63/G.3-H,115.46,161.65
play,5,0,542371,,,K
play,5,1,517539,,,K
play,5,1,595467,,,63/G,116.47,162.65
play,5,1,500716,,,53/G,103.41,173.69
play,6,0,573183,,,NP
sub,500722,Yovanny Olivero,1,0,1
play,6,0,573183,,,S6/G,108.43,154.62
play,6,0,573001,,,54(1)3/GDP/G5,103.41,181.73
play,6,0,571683,,,W
play,6,0,594918,,,63/G,114.46,160.64
play,6,1,571708,,,S7/L,61.24,138.55
play,6,1,595351,,,K
play,6,1,542546,,,K
play,6,1,573095,,,CS2
play,7,0,524188,,,53/G,104.42,179.72
play,7,0,596306,,,7/F,71.29,114.46
play,7,0,519214,,,K
play,7,1,462088,,,NP
sub,572708,Claudio Bavera,0,0,1
play,7,1,573095,,,53/G,106.43,175.70
play,7,1,462088,,,S5/G,102.41,176.71
play,7,1,500726,,,K
play,7,1,517539,,,K
play,8,0,543454,,,3/P,156.63,170.68
play,8,0,542371,,,S8/G,120.48,100.40
play,8,0,573183,,,K
play,8,0,573001,,,4/PF,166.67,183.73
play,8,1,595467,,,D9/L,204.82,115.46
play,8,1,500716,,,6/P,116.47,165.66
play,8,1,571708,,,S9/G.2-3,179.72,112.45
play,8,1,595351,,,FC1.1-2;3XH(15),125.50,191.77
play,8,1,542546,,,7/F,71.29,119.48
play,9,0,571683,,,D9/L,169.68,65.26
play,9,0,594918,,,E6,105.42,165.66
play,9,0,524188,,,6/P,108.43,159.64
play,9,0,596306,,,S9/G.1-2;2-3,185.74,122.49
play,9,0,519214,,,NP
sub,571461,Geoffrey Baldwin,0,9,11
play,9,0,571461,,,FC5/G.1-2;2-3;3XH(52);B-1,104.42,178.71
play,9,0,543454,,,4/L,142.57,161.65
id,PulAPP201006270
info,visteam,BurAPP
info,hometeam,PulAPP
info,date,2010/06/27
start,543454,Alex Llanos,0,1,8
start,594918,Alex McClure,0,2,6
start,573183,Ryan Stovall,0,3,5
start,573001,Gabe MacDougall,0,4,7
start,571461,Geoffrey Baldwin,0,5,3
start,571683,Seth Furmanek,0,6,10
start,542502,Adrian Martinez,0,7,4
start,595379,Drew Robertson,0,8,2
start,519214,Derek Rodriguez,0,9,9
start,572137,Crawford Simmons,0,0,1
start,462088,Jetsy Extrano,1,1,10
start,500726,Mario Yepez,1,2,8
start,517539,Ramon Morla,1,3,5
start,595467,James Wood,1,4,9
start,500716,Jorge Agudelo,1,5,7
start,571708,Andrew Giobbi,1,6,10
start,595400,Jake Schlander,1,7,6
start,542546,Hassiel Jimenez,1,8,2
start,573095,Derek Poppert,1,9,4
start,526911,Nolan Diaz,1,0,1
play,1,0,543454,,,63/G,105.42,169.68
play,1,0,594918,,,D8/L,134.54,85.34
play,1,0,573183,,,HR/L.2-H,123.49,29.12
play,1,0,573001,,,9/F,169.68,129.52
play,1,0,571461,,,8/F,137.55,83.33
play,1,1,462088,,,W
play,1,1,500726,,,1(B)13()/LDP.1X1,128.51,195.78
play,1,1,517539,,,5/L,108.43,184.74
play,2,0,571683,,,HR/L,179.72,47.19
play,2,0,542502,,,K
play,2,0,595379,,,S7/L,73.29,108.43
play,2,0,519214,,,W.1-2
play,2,0,543454,,,8/F,146.59,116.47
play,2,0,594918,,,D7/L.1-H;2-H,88.35,125.50
play,2,0,573183,,,K
play,2,1,595467,,,K
play,2,1,500716,,,W
play,2,1,571708,,,SB2;1-3(E6)(E6)
play,2,1,571708,,,W
play,2,1,595400,,,S1/BG.1-3(E1)(E1/TH);3-H,121.49,194.78
play,2,1,542546,,,S9/F.1-2;3-H,168.67,89.36
play,2,1,573095,,,6/P,109.44,172.69
play,2,1,462088,,,63/G,116.47,174.70
play,3,0,573001,,,13/G,125.50,189.76
play,3,0,571461,,,1/L,127.51,191.77
play,3,0,571683,,,S9/L,180.72,118.47
play,3,0,542502,,,4/L,128.51,175.70
play,3,1,500726,,,D9/L,189.76,114.46
play,3,1,517539,,,S5/BG.2-H;B-2,112.45,183.73
play,3,1,595467,,,43/G.2-3,134.54,176.71
play,3,1,500716,,,3/PF,158.63,184.74
play,3,1,571708,,,43/G,132.53,178.71
play,4,0,595379,,,NP
sub,595351,Ethan Paquette,1,1,3
play,4,0,519214,,,NP
sub,517539,Ramon Morla,1,3,5
play,4,0,595379,,,13/G,124.50,192.77
play,4,0,519214,,,D7/G,50.20,112.45
play,4,0,543454,,,S8/G.2-H,120.48,80.32
play,4,0,594918,,,SB2
play,4,0,594918,,,63/G.2-3,114.46,172.69
play,4,0,573183,,,NP
sub,544731,Yao Wen Chang,1,0,1
play,4,0,573183,,,D8/L.3-H,122.49,81.33
play,4,0,573001,,,K
play,4,1,595400,,,K23
play,4,1,542546,,,K
play,4,1,573095,,,43/G,144.58,167.67
play,5,0,571461,,,K
play,5,0,571683,,,HR/F,183.73,36.14
play,5,0,542502,,,K
play,5,0,595379,,,K
play,5,1,595351,,,S7/L,67.27,112.45
play,5,1,500726,,,W.1-2
play,5,1,517539,,,NP
sub,594856,Daniel Hernandez,0,0,1
play,5,1,517539,,,9/F,193.78,115.46
play,5,1,595467,,,W.1-2;2-3
play,5,1,500716,,,K
play,5,1,571708,,,5/L,105.42,189.76
play,6,0,519214,,,7/F,81.33,107.43
play,6,0,543454,,,D7/F,56.22,121.49
play,6,0,594918,,,S7/G.2-3,76.31,124.50
play,6,0,573183,,,CS2
play,6,0,573183,,,K
play,6,1,595400,,,NP
sub,595300,Cole Lohden,0,0,1
play,6,1,595400,,,S9/L,150.60,107.43
play,6,1,542546,,,2/PF,115.46,218.88
play,6,1,573095,,,S8/G.1-2,114.46,84.34
play,6,1,595351,,,PB.1-2;2-3
play,6,1,595351,,,W
play,6,1,500726,,,K
play,6,1,517539,,,K
play,7,0,573001,,,K
play,7,0,571461,,,K
play,7,0,571683,,,HP
play,7,0,542502,,,S8/L.1-2,106.43,120.48
play,7,0,595379,,,K
play,7,1,595467,,,43/G,137.55,170.68
play,7,1,500716,,,K
play,7,1,571708,,,8/F,115.46,85.34
play,8,0,519214,,,NP
sub,595280,Ryan Kiel,1,0,1
play,8,0,519214,,,E3,153.61,184.74
play,8,0,543454,,,WP.1-2
play,8,0,543454,,,K
play,8,0,594918,,,9/F.2-3,186.75,123.49
play,8,0,573183,,,D9/L.3-H,148.59,121.49
play,8,0,573001,,,63/G,100.40,182.73
play,8,1,595400,,,K
play,8,1,542546,,,K23
play,8,1,573095,,,8/F,116.47,84.34
play,9,0,571461,,,NP
sub,595288,Josh Krist,1,0,1
play,9,0,571461,,,W
play,9,0,571683,,,HP.1-2
play,9,0,542502,,,W.1-2;2-3
play,9,0,595379,,,FC5/G.1-2;2-3;3XH(52);B-1,102.41,187.75
play,9,0,519214,,,7/SF.2-3;3-H,93.37,119.48
play,9,0,543454,,,9/F,168.67,133.53
play,9,1,595351,,,NP
sub,592540,Justin Mazur,0,0,1
play,9,1,595351,,,S8/L,109.44,95.38
play,9,1,500726,,,FC3/G.1X2(36);B-1,146.59,184.74
play,9,1,517539,,,T9/F.1-H,197.79,93.37
play,9,1,595467,,,W
play,9,1,500716,,,53(1)6/GDP/G5.3-H,149.60,183.73
id,PulAPP201007040
info,visteam,BriAPP
info,hometeam,PulAPP
info,date,2010/07/04
start,543388,Jordan Keegan,0,1,8
start,594895,Drew Lee,0,2,10
start,506999,John Spatola,0,3,9
start,542941,Daniel Black,0,4,2
start,594990,Michael Schwartz,0,5,3
start,573135,Tyler Saladino,0,6,6
start,592660,Rangel Ravelo,0,7,5
start,595033,Ethan Wilson,0,8,4
start,596880,J. D. Ashbrook,0,9,7
start,542890,Spencer Arroyo,0,0,1
start,462088,Jetsy Extrano,1,1,10
start,500726,Mario Yepez,1,2,8
start,517539,Ramon Morla,1,3,5
start,595467,James Wood,1,4,4
start,500716,Jorge Agudelo,1,5,9
start,571708,Andrew Giobbi,1,6,2
start,595400,Jake Schlander,1,7,6
start,595351,Ethan Paquette,1,8,3
start,573095,Derek Poppert,1,9,7
start,570884,George Mieses,1,0,1
play,1,0,543388,,,7/F,85.34,96.39
play,1,0,594895,,,3/L,142.57,168.67
play,1,0,506999,,,E3,151.61,158.63
play,1,0,542941,,,HR/F.1-H,199.80,53.21
play,1,0,594990,,,K
play,1,1,462088,,,K23
play,1,1,500726,,,63/G,115.46,152.61
play,1,1,517539,,,HR/F,209.84,62.25
play,1,1,595467,,,S7/L,68.27,98.39
play,1,1,500716,,,K
play,2,0,573135,,,S8/L,89.36,65.26
play,2,0,592660,,,S7/L.1-2,53.21,102.41
play,2,0,595033,,,S9/F.1-2;2-3,153.61,86.35
play,2,0,596880,,,HP.1-2;2-3;3-H
play,2,0,543388,,,FC1/G.1-2;2-3;3XH(12);B-1,134.54,176.71
play,2,0,594895,,,7/F,77.31,90.36
play,2,0,506999,,,3/G,143.57,169.68
play,2,1,571708,,,53/G,97.39,168.67
play,2,1,595400,,,K
play,2,1,595351,,,K
play,3,0,542941,,,T7/F,56.22,84.34
play,3,0,594990,,,7/F,76.31,107.43
play,3,0,573135,,,K
play,3,0,592660,,,53/G,103.41,167.67
play,3,1,573095,,,2/BP,120.48,197.79
play,3,1,462088,,,8/F,104.42,64.26
play,3,1,500726,,,K23
play,4,0,595033,,,K
play,4,0,596880,,,S7/G,69.28,109.44
play,4,0,543388,,,PO1(E?).1-3
play,4,0,543388,,,FC4/G.3XH;BX2,136.55,158.63
play,4,1,517539,,,9/F,163.65,86.35
play,4,1,595467,,,W
play,4,1,500716,,,8/F,130.52,71.29
play,4,1,571708,,,K
play,5,0,594895,,,K
play,5,0,506999,,,5/P,84.34,178.71
play,5,0,542941,,,S9/G,149.60,89.36
play,5,0,594990,,,43/G,144.58,147.59
play,5,1,595400,,,63/G,101.41,151.61
play,5,1,595351,,,S5/G,116.47,177.71
play,5,1,573095,,,8/F,123.49,77.31
play,5,1,462088,,,W.1-2
play,5,1,500726,,,FC4/G.1X2(46),135.54,152.61
play,6,0,573135,,,D7/L,77.31,87.35
play,6,0,592660,,,63/G.2-3,109.44,147.59
play,6,0,595033,,,PB.3-H
play,6,0,595033,,,K
play,6,0,596880,,,8/F,120.48,77.31
play,6,1,517539,,,HR/F,69.28,40.16
play,6,1,595467,,,K
play,6,1,500716,,,K
play,6,1,571708,,,43/G,137.55,151.61
play,7,0,543388,,,NP
sub,595280,Ryan Kiel,1,0,1
play,7,0,543388,,,W
play,7,0,594895,,,1(B)13()/LDP.1X1,124.50,187.75
play,7,0,506999,,,HR/F,162.65,84.34
play,7,0,542941,,,8/F,102.41,78.31
play,7,1,595400,,,NP
sub,571547,Jarrett Casey,0,0,1
play,7,1,595400,,,63/G,119.48,148.59
play,7,1,595351,,,7/F,61.24,92.37
play,7,1,573095,,,S5/G,107.43,164.66
play,7,1,462088,,,53/G,110.44,166.67
play,8,0,594990,,,6/P,123.49,149.60
play,8,0,573135,,,K
play,8,0,592660,,,9/F,157.63,91.37
play,8,1,500726,,,13/BG,117.47,190.76
play,8,1,517539,,,W
play,8,1,595467,,,K
play,8,1,500716,,,PB.1-2
play,8,1,500716,,,SB3
play,8,1,500716,,,W
play,8,1,571708,,,SB2
play,8,1,571708,,,9/F,160.64,90.36
play,9,0,595033,,,NP
sub,594842,Tim Griffin,1,0,1
play,9,0,595033,,,K
play,9,0,596880,,,53/G,106.43,167.67
play,9,0,543388,,,S9/G,166.67,89.36
play,9,0,594895,,,K
play,9,1,595400,,,NP
sub,534743,Kevin Moran,0,0,1
play,9,1,595400,,,S8/G,103.41,84.34
play,9,1,595351,,,W.1-2
play,9,1,573095,,,43/G.1-2;2-3,138.55,147.59
play,9,1,462088,,,K
play,9,1,500726,,,K
id,PulAPP201007050
info,visteam,BriAPP
info,hometeam,PulAPP
info,date,2010/07/05
start,543388,Jordan Keegan,0,1,8
start,594895,Drew Lee,0,2,4
start,506999,John Spatola,0,3,9
start,542941,Daniel Black,0,4,3
start,573135,Tyler Saladino,0,5,10
start,592660,Rangel Ravelo,0,6,5
start,592715,Bradley Salgado,0,7,6
start,594948,Sean O'Connell,0,8,2
start,596880,J. D. Ashbrook,0,9,7
start,595473,Robert Young,0,0,1
start,462088,Jetsy Extrano,1,1,4
start,573095,Derek Poppert,1,2,10
start,517539,Ramon Morla,1,3,5
start,595467,James Wood,1,4,9
start,500716,Jorge Agudelo,1,5,7
start,571708,Andrew Giobbi,1,6,3
start,595400,Jake Schlander,1,7,6
start,500719,Larry Gonzalez,1,8,2
start,500726,Mario Yepez,1,9,8
start,500722,Yovanny Olivero,1,0,1
play,1,0,543388,,,S9/G,163.65,138.55
play,1,0,594895,,,SB2
play,1,0,594895,,,S9/G.2-3,172.69,142.57
play,1,0,506999,,,46(1)3/GDP/G4.3-H,134.54,165.66
play,1,0,542941,,,D7/L,49.20,120.48
play,1,0,573135,,,K
play,1,1,462088,,,S7/G,76.31,136.55
play,1,1,573095,,,S9/G.1-3(E9)(E9),158.63,137.55
play,1,1,517539,,,E6/TH.1-2;3-H,112.45,171.69
play,1,1,595467,,,FC6/G.1X2(64);2-3;B-1,115.46,163.65
play,1,1,500716,,,64(1)3/GDP/G6,113.45,164.66
play,2,0,592660,,,13/G,131.53,194.78
play,2,0,592715,,,W
play,2,0,594948,,,BK.1-2
play,2,0,594948,,,8/F.2-3,122.49,91.37
play,2,0,596880,,,D7/L.3-H,48.19,115.46
play,2,0,543388,,,43/G,137.55,166.67
play,2,1,placeholder,,,NP
sub,500875,Jeffer Patino,0,6,5
play,2,1,571708,,,S8/G,121.49,125.50
play,2,1,595400,,,S5/G.1-2,108.43,182.73
play,2,1,500719,,,FC3/G.1X2(36);2-3;B-1,142.57,185.74
play,2,1,500726,,,K+CS2
play,3,0,594895,,,D7/G,52.21,124.50
play,3,0,506999,,,7/FF,67.27,163.65
play,3,0,542941,,,K
play,3,0,573135,,,S9/L.2-H,159.64,134.54
play,3,0,500875,,,BK.1-2
play,3,0,500875,,,43/G,136.55,170.68
play,3,1,462088,,,3/PF,155.62,192.77
play,3,1,573095,,,W
play,3,1,517539,,,8/F,136.55,85.34
play,3,1,595467,,,3/G,141.57,180.72
play,4,0,592715,,,53/G,106.43,180.72
play,4,0,594948,,,7/F,61.24,122.49
play,4,0,596880,,,S9/F,165.66,142.57
play,4,0,543388,,,S7/G.1-2,76.31,135.54
play,4,0,594895,,,D9/L.1-3;2-H,210.84,113.45
play,4,0,506999,,,K
play,4,1,500716,,,NP
sub,572837,Austin Evans,0,0,1
play,4,1,500716,,,HP
play,4,1,571708,,,W.1-2
play,4,1,595400,,,W.1-2;2-3
play,4,1,500719,,,W.1-2;2-3;3-H
play,4,1,500726,,,HP.1-2;2-3;3-H
play,4,1,462088,,,NP
sub,572944,Ethan Icard,0,0,1
play,4,1,462088,,,S4/G.1-2;2-H;3-H,135.54,182.73
play,4,1,573095,,,13/SH.1-2;2-3,120.48,203.82
play,4,1,517539,,,HR/L.2-H;3-H,183.73,62.25
play,4,1,595467,,,K
play,4,1,500716,,,E6/TH,111.45,171.69
play,4,1,571708,,,BK.1-2
play,4,1,571708,,,7/F,64.26,119.48
play,5,0,542941,,,NP
sub,595138,Timothy Boyce,1,0,1
play,5,0,542941,,,9/F,182.73,127.51
play,5,0,573135,,,HR/L,185.74,64.26
play,5,0,500875,,,E5,108.43,189.76
play,5,0,592715,,,K
play,5,0,594948,,,23/G,122.49,202.81
play,5,1,595400,,,W
play,5,1,500719,,,16(1)3/GDP/G1,121.49,190.76
play,5,1,500726,,,S1/L,121.49,190.76
play,5,1,462088,,,S7/L.1-2,75.30,147.59
play,5,1,573095,,,13/G,127.51,195.78
play,6,0,596880,,,S7/G,77.31,127.51
play,6,0,543388,,,D7/F.1-3,51.20,125.50
play,6,0,594895,,,3/G.2-3;3-H,140.56,185.74
play,6,0,506999,,,S8/L.3-H,123.49,131.53
play,6,0,542941,,,7/F,66.27,127.51
play,6,0,573135,,,K
play,6,1,517539,,,NP
sub,502280,Jamaal Hollis,0,0,1
play,6,1,517539,,,7/F,68.27,122.49
play,6,1,595467,,,K23
play,6,1,500716,,,8/F,111.45,93.37
play,7,0,500875,,,NP
sub,597055,Bryan Leigh,1,0,1
play,7,0,500875,,,23/BG,128.51,198.80
play,7,0,592715,,,13/G,130.52,194.78
play,7,0,594948,,,43/G,137.55,175.70
play,7,1,571708,,,9/F,169.68,133.53
play,7,1,595400,,,S9/F,157.63,146.59
play,7,1,500719,,,HP.1-2
play,7,1,500726,,,4(B)46(2)/LDP,143.57,174.70
play,8,0,596880,,,63/G,110.44,169.68
play,8,0,543388,,,K23
play,8,0,594895,,,3/G,144.58,184.74
play,8,1,462088,,,NP
sub,555543,Chase Blackwood,0,8,2
play,8,1,573095,,,NP
sub,519170,Kevin Rath,0,0,1
play,8,1,462088,,,W
play,8,1,573095,,,13/SH.1-2,120.48,198.80
play,8,1,517539,,,IW
play,8,1,595467,,,FC4/G.1X2(46);2-3;B-1,141.57,175.70
play,8,1,500716,,,S8/G.1-2;3-H,125.50,131.53
play,8,1,571708,,,K
play,9,0,506999,,,43/G,140.56,175.70
play,9,0,542941,,,K
play,9,0,573135,,,K
id,PulAPP201007060
info,visteam,BriAPP
info,hometeam,PulAPP
info,date,2010/07/06
start,543388,Jordan Keegan,0,1,7
start,595033,Ethan Wilson,0,2,5
start,594895,Drew Lee,0,3,4
start,506999,John Spatola,0,4,10
start,594990,Michael Schwartz,0,5,3
start,573135,Tyler Saladino,0,6,6
start,555543,Chase Blackwood,0,7,2
start,596880,J. D. Ashbrook,0,8,9
start,596881,Qualon Millender,0,9,8
start,502593,Jacob Petricka,0,0,1
start,462088,Jetsy Extrano,1,1,4
start,595400,Jake Schlander,1,2,6
start,543049,Henry Contreras,1,3,10
start,517539,Ramon Morla,1,4,5
start,595467,James Wood,1,5,9
start,500716,Jorge Agudelo,1,6,7
start,595351,Ethan Paquette,1,7,3
start,542546,Hassiel Jimenez,1,8,2
start,500726,Mario Yepez,1,9,8
start,570798,Richard Vargas,1,0,1
play,1,0,543388,,,143/G1,133.53,186.75
play,1,0,595033,,,K
play,1,0,594895,,,13/G,127.51,198.80
play,1,1,462088,,,S6/G,109.44,169.68
play,1,1,595400,,,W.1-2
play,1,1,543049,,,WP.1-2;2-3
play,1,1,543049,,,S9/G.2-3;3-H,153.61,123.49
play,1,1,517539,,,BK.1-2;3-H
play,1,1,517539,,,63/G.2-3,115.46,172.69
play,1,1,595467,,,K
play,1,1,500716,,,K
play,2,0,506999,,,31/G,143.57,183.73
play,2,0,594990,,,S7/L,75.30,120.48
play,2,0,573135,,,4(B)43(1)/LDP,135.54,172.69
play,2,1,595351,,,W
play,2,1,542546,,,K
play,2,1,500726,,,36(1)3/GDP/G3,149.60,184.74
play,3,0,placeholder,,,NP
sub,573095,Derek Poppert,1,1,4
play,3,0,555543,,,S7/L,69.28,123.49
play,3,0,596880,,,K
play,3,0,596881,,,HP.1-2
play,3,0,543388,,,D9/L.1-H;2-H,160.64,122.49
play,3,0,595033,,,7/F,81.33,116.47
play,3,0,594895,,,D9/L.2-H,154.62,124.50
play,3,0,506999,,,13/G,127.51,191.77
play,3,1,573095,,,3/G,150.60,180.72
play,3,1,595400,,,W
play,3,1,543049,,,W.1-2
play,3,1,517539,,,K
play,3,1,595467,,,3/G,141.57,176.71
play,4,0,594990,,,K
play,4,0,573135,,,W
play,4,0,555543,,,FC6/G.1X2(64);B-2(E4/TH),109.44,168.67
play,4,0,596880,,,13/G,116.47,188.76
play,4,1,500716,,,K
play,4,1,595351,,,63/G,112.45,167.67
play,4,1,542546,,,K
play,5,0,596881,,,53/G,104.42,179.72
play,5,0,543388,,,63/G,114.46,164.66
play,5,0,595033,,,W
play,5,0,594895,,,K
play,5,1,500726,,,NP
sub,518457,Josh Billeaud,0,0,1
play,5,1,500726,,,W
play,5,1,573095,,,7/F,52.21,123.49
play,5,1,595400,,,CS2
play,5,1,595400,,,E8,137.55,102.41
play,5,1,543049,,,S7/G.1-2,82.33,118.47
play,5,1,517539,,,63/G,114.46,175.70
play,6,0,506999,,,NP
sub,543920,Bennett Whitmore,1,0,1
play,6,0,506999,,,K23
play,6,0,594990,,,3/G,141.57,181.73
play,6,0,573135,,,53/G,107.43,179.72
play,6,1,595467,,,NP
sub,595398,Pat Schatz,0,0,1
play,6,1,595467,,,K
play,6,1,500716,,,K
play,6,1,595351,,,S7/G,41.16,112.45
play,6,1,542546,,,53/G,105.42,167.67
play,7,0,555543,,,HR/F,64.26,48.19
play,7,0,596880,,,D9/F,179.72,115.46
play,7,0,596881,,,FC1.2X3(156);B-2,123.49,188.76
play,7,0,543388,,,SB3
play,7,0,543388,,,K
play,7,0,595033,,,6/P,113.45,161.65
play,7,1,500726,,,7/F,72.29,111.45
play,7,1,573095,,,HP
play,7,1,595400,,,SB2
play,7,1,595400,,,K
play,7,1,543049,,,43/G,137.55,162.65
play,8,0,594895,,,8/F,119.48,100.40
play,8,0,506999,,,K
play,8,0,594990,,,3/G,138.55,177.71
play,8,1,517539,,,K
play,8,1,595467,,,7/F,75.30,102.41
play,8,1,500716,,,HP
play,8,1,595351,,,SB2
play,8,1,595351,,,3/P,139.56,175.70
play,9,0,573135,,,9/F,155.62,136.55
play,9,0,555543,,,53/G,103.41,176.71
play,9,0,596880,,,63/G,102.41,175.70
play,9,1,542546,,,NP
sub,534743,Kevin Moran,0,0,1
play,9,1,542546,,,NP
sub,571708,Andrew Giobbi,1,8,11
play,9,1,571708,,,63/G,113.45,165.66
play,9,1,500726,,,K
play,9,1,573095,,,63/G,102.41,166.67
id,PulAPP201007140
info,visteam,JohAPP
info,hometeam,PulAPP
info,date,2010/07/14
start,594824,Greg Garcia,0,1,4
start,570805,Oscar Taveras,0,2,8
start,592774,Cody Stanley,0,3,10
start,500675,Kleininger Teran,0,4,3
start,521091,Romulo Ruiz,0,5,5
start,571641,Christopher Edmondson,0,6,7
start,551750,Cesar Valera,0,7,6
start,516650,Juan Castillo,0,8,2
start,542465,Roberto Reyes,0,9,9
start,542203,Angel De Jesus,0,0,1
start,500726,Mario Yepez,1,1,8
start,462088,Jetsy Extrano,1,2,10
start,517539,Ramon Morla,1,3,5
start,515055,Jose Rivero,1,4,7
start,500716,Jorge Agudelo,1,5,4
start,595467,James Wood,1,6,9
start,571708,Andrew Giobbi,1,7,3
start,500719,Larry Gonzalez,1,8,2
start,595400,Jake Schlander,1,9,6
start,500033,Jessie Nava,1,0,1
play,1,0,594824,,,43/G,139.56,158.63
play,1,0,570805,,,7/F,65.26,114.46
play,1,0,592774,,,63/G,113.45,168.67
play,1,1,500726,,,D8/L,153.61,70.28
play,1,1,462088,,,43/G.2-3,138.55,160.64
play,1,1,517539,,,D7/G.3-H,45.18,115.46
play,1,1,515055,,,SB3
play,1,1,515055,,,S7/G.3-H,79.32,128.51
play,1,1,500716,,,HP.1-2
play,1,1,595467,,,46(1)3/GDP/G4,143.57,171.69
play,2,0,500675,,,7/F,72.29,106.43
play,2,0,521091,,,63/G,109.44,163.65
play,2,0,571641,,,7/F,77.31,108.43
play,2,1,571708,,,K
play,2,1,500719,,,K
play,2,1,595400,,,7/F,80.32,111.45
play,3,0,551750,,,E6/TH.B-2,113.45,172.69
play,3,0,516650,,,4/P,138.55,166.67
play,3,0,542465,,,43/G.2-3,137.55,162.65
play,3,0,594824,,,9/F,176.71,116.47
play,3,1,500726,,,W
play,3,1,462088,,,CS2
play,3,1,462088,,,6/P,124.50,162.65
play,3,1,517539,,,63/G,116.47,164.66
play,4,0,570805,,,S8/F,122.49,114.46
play,4,0,592774,,,BK.1-2
play,4,0,592774,,,31/G.2-3,151.61,176.71
play,4,0,500675,,,FC3.3XH(32),150.60,186.75
play,4,0,521091,,,HR/F.1-H,27.11,59.24
play,4,0,571641,,,1/PF,143.57,203.82
play,4,1,515055,,,W
play,4,1,500716,,,D7/L.1-H,37.15,115.46
play,4,1,595467,,,SB3
play,4,1,595467,,,K
play,4,1,571708,,,S7/G.3-H,72.29,139.56
play,4,1,500719,,,S7/F.1-3;BX2(754),89.36,135.54
play,4,1,595400,,,43/G,134.54,164.66
play,5,0,551750,,,NP
sub,542546,Hassiel Jimenez,1,8,2
play,5,0,551750,,,43/G,141.57,160.64
play,5,0,516650,,,HR/F,129.52,23.09
play,5,0,542465,,,E6/TH,117.47,164.66
play,5,0,594824,,,WP.1-2
play,5,0,594824,,,3/G.2-3,143.57,180.72
play,5,0,570805,,,WP.3-H
play,5,0,570805,,,K
play,5,1,500726,,,NP
sub,572797,Patrick Daugherty,0,0,1
play,5,1,500726,,,K
play,5,1,462088,,,S9/F,176.71,136.55
play,5,1,517539,,,S9/G.1-3,162.65,130.52
play,5,1,515055,,,WP.1-2;3-H
play,5,1,515055,,,9/F,188.76,107.43
play,5,1,500716,,,9/L,179.72,124.50
play,6,0,592774,,,3/G,148.59,180.72
play,6,0,500675,,,S9/L,196.79,140.56
play,6,0,521091,,,W.1-2
play,6,0,571641,,,HR/F.1-H;2-H,212.85,52.21
play,6,0,551750,,,NP
sub,585391,Preston Vancil,1,0,1
play,6,0,551750,,,S4/G,138.55,158.63
play,6,0,516650,,,E5.1-2,100.40,183.73
play,6,0,542465,,,K
play,6,0,594824,,,K
play,6,1,595467,,,S6/G,102.41,158.63
play,6,1,571708,,,K
play,6,1,542546,,,POCS2(136)
play,6,1,542546,,,K
play,7,0,570805,,,HR/L,169.68,30.12
play,7,0,592774,,,S4/G,142.57,159.64
play,7,0,500675,,,SB2
play,7,0,500675,,,13/G.2-3,127.51,191.77
play,7,0,521091,,,31/G,153.61,179.72
play,7,0,571641,,,43/G,137.55,168.67
play,7,1,595400,,,W
play,7,1,500726,,,S9/L.1-3,176.71,121.49
play,7,1,462088,,,NP
sub,518447,Andrew Benes,0,0,1
play,7,1,462088,,,FC1.1-2;3XH(12),123.49,188.76
play,7,1,517539,,,8/F,117.47,100.40
play,7,1,515055,,,7/F,74.30,120.48
play,8,0,551750,,,S1/G,128.51,193.78
play,8,0,516650,,,53/G.1-2,99.40,176.71
play,8,0,542465,,,NP
sub,543920,Bennett Whitmore,1,0,1
play,8,0,542465,,,W
play,8,0,594824,,,WP.1-2;2-3
play,8,0,594824,,,W
play,8,0,570805,,,NP
sub,595280,Ryan Kiel,1,0,1
play,8,0,570805,,,S8/G.1-2;2-H;3-H,115.46,99.40
play,8,0,592774,,,W.1-2;2-3
play,8,0,500675,,,4/P,146.59,163.65
play,8,0,521091,,,K
play,8,1,500716,,,NP
sub,592515,Aidan Lucas,0,0,1
play,8,1,500716,,,T8/L,124.50,57.23
play,8,1,595467,,,E5/TH.3-H;B-2,105.42,179.72
play,8,1,571708,,,S5/G,110.44,179.72
play,8,1,542546,,,S7/G.1-2;2-3,83.33,122.49
play,8,1,595400,,,NP
sub,523489,Hector Corpas,0,0,1
play,8,1,595400,,,W.1-2;2-3;3-H
play,8,1,500726,,,FC4/G.1X2(4);2-3;3-H;B-1,141.57,164.66
play,8,1,462088,,,D7/L.1-H;3-H;B-3,43.17,112.45
play,8,1,517539,,,WP.3-H
play,8,1,517539,,,8/F,134.54,82.33
play,8,1,515055,,,8/F,125.50,85.34
play,9,0,571641,,,NP
sub,542940,Matthew Bischoff,1,0,1
play,9,0,571641,,,K
play,9,0,551750,,,S7/G,75.30,118.47
play,9,0,516650,,,WP.1-2
play,9,0,516650,,,7/F,78.31,110.44
play,9,0,542465,,,3/G,149.60,179.72
id,PulAPP201007150
info,visteam,JohAPP
info,hometeam,PulAPP
info,date,2010/07/15
start,594824,Greg Garcia,0,1,4
start,570805,Oscar Taveras,0,2,8
start,592774,Cody Stanley,0,3,2
start,500675,Kleininger Teran,0,4,3
start,521091,Romulo Ruiz,0,5,10
start,571641,Christopher Edmondson,0,6,7
start,551750,Cesar Valera,0,7,6
start,595158,Philip Cerreto,0,8,9
start,592286,Patrick Elkins,0,9,5
start,572953,Cale Johnson,0,0,1
start,500726,Mario Yepez,1,1,8
start,462088,Jetsy Extrano,1,2,10
start,517539,Ramon Morla,1,3,5
start,515055,Jose Rivero,1,4,7
start,500716,Jorge Agudelo,1,5,4
start,595467,James Wood,1,6,9
start,595351,Ethan Paquette,1,7,3
start,542546,Hassiel Jimenez,1,8,2
start,595400,Jake Schlander,1,9,6
start,570884,George Mieses,1,0,1
play,1,0,594824,,,S8/L,158.63,98.39
play,1,0,570805,,,S7/G.1-2,74.30,124.50
play,1,0,592774,,,E3/TH.1-3;2-H,149.60,173.69
play,1,0,500675,,,K
play,1,0,521091,,,46(1)3/GDP/G4,143.57,164.66
play,1,1,500726,,,T9/L,197.79,126.51
play,1,1,462088,,,K23
play,1,1,517539,,,9/F.3XH(925),178.71,128.51
play,2,0,571641,,,K
play,2,0,551750,,,53/G,101.41,181.73
play,2,0,595158,,,9/F,183.73,131.53
play,2,1,515055,,,E6,106.43,168.67
play,2,1,500716,,,54(1)3/GDP/G5,107.43,178.71
play,2,1,595467,,,13/G,124.50,190.76
play,3,0,592286,,,3/G,140.56,179.72
play,3,0,594824,,,E4,135.54,166.67
play,3,0,570805,,,643/G6.1-2,104.42,162.65
play,3,0,592774,,,53/G,103.41,182.73
play,3,1,595351,,,W
play,3,1,542546,,,WP.1-2
play,3,1,542546,,,S7/G.2-3,87.35,129.52
play,3,1,595400,,,64(1)3/GDP/G6.3-H,108.43,163.65
play,3,1,500726,,,13/BG,126.51,194.78
play,4,0,500675,,,43/G,133.53,164.66
play,4,0,521091,,,W
play,4,0,571641,,,D8/F.1-3,138.55,81.33
play,4,0,551750,,,FC5.2-3;3XH(52),108.43,190.76
play,4,0,595158,,,9/F,190.76,121.49
play,4,1,462088,,,53/G,103.41,184.74
play,4,1,517539,,,S5/G,109.44,177.71
play,4,1,515055,,,54(1)3/GDP/G5,105.42,174.70
play,5,0,592286,,,7/F,68.27,120.48
play,5,0,594824,,,NP
sub,518802,Virgil Hill,0,1,11
play,5,0,518802,,,53/G,101.41,179.72
play,5,0,570805,,,S4/G,139.56,163.65
play,5,0,592774,,,S8/G.1-3,134.54,108.43
play,5,0,500675,,,3/G,144.58,179.72
play,5,1,500716,,,NP
sub,518802,Virgil Hill,0,1,9
play,5,1,595467,,,NP
sub,500675,Kleininger Teran,0,4,5
play,5,1,595351,,,NP
sub,595158,Philip Cerreto,0,8,3
play,5,1,542546,,,NP
sub,592286,Patrick Elkins,0,9,4
play,5,1,500716,,,K23
play,5,1,595467,,,7/F,52.21,110.44
play,5,1,595351,,,63/G,108.43,168.67
play,6,0,521091,,,D8/L,136.55,85.34
play,6,0,571641,,,D9/L.2-H,152.61,89.36
play,6,0,551750,,,43/G.2-3,131.53,165.66
play,6,0,595158,,,63/G,104.42,160.64
play,6,0,592286,,,K
play,6,1,542546,,,D7/L,49.20,111.45
play,6,1,595400,,,53/SH.2-3,112.45,194.78
play,6,1,500726,,,E6.3-H,109.44,164.66
play,6,1,462088,,,D9/L.1-H,193.78,131.53
play,6,1,517539,,,E6.2-3(E6)(E6/TH),117.47,158.63
play,6,1,515055,,,S9/L.1-2;3-H,173.69,140.56
play,6,1,500716,,,S8/G.1-2;2-H,131.53,104.42
play,6,1,595467,,,NP
sub,519185,Robert Revesz,0,0,1
play,6,1,595467,,,13/G,122.49,192.77
play,6,1,595351,,,53/G,103.41,186.75
play,7,0,518802,,,NP
sub,594842,Tim Griffin,1,0,1
play,7,0,518802,,,K
play,7,0,570805,,,43/G,132.53,161.65
play,7,0,592774,,,HR/L,136.55,19.08
play,7,0,500675,,,S8/L,129.52,107.43
play,7,0,521091,,,5/PF,100.40,196.79
play,7,1,542546,,,K
play,7,1,595400,,,43/G,132.53,160.64
play,7,1,500726,,,K
play,8,0,571641,,,S9/G,161.65,143.57
play,8,0,551750,,,K
play,8,0,595158,,,5/P,106.43,179.72
play,8,0,592286,,,3/G,141.57,178.71
play,8,1,462088,,,NP
sub,594955,Christopher Patterson,0,0,1
play,8,1,462088,,,63/G,110.44,165.66
play,8,1,517539,,,8/F,123.49,78.31
play,8,1,515055,,,63/G,113.45,162.65
play,9,0,518802,,,8/F,140.56,77.31
play,9,0,570805,,,8/F,127.51,91.37
play,9,0,592774,,,9/F,199.80,124.50
id,PulAPP201007160
info,visteam,JohAPP
info,hometeam,PulAPP
info,date,2010/07/16
start,592286,Patrick Elkins,0,1,4
start,570805,Oscar Taveras,0,2,9
start,592774,Cody Stanley,0,3,10
start,571641,Christopher Edmondson,0,4,7
start,521091,Romulo Ruiz,0,5,5
start,595158,Philip Cerreto,0,6,3
start,551750,Cesar Valera,0,7,6
start,502023,Travis Tartamella,0,8,2
start,572265,Reggie Williams,0,9,8
start,572096,Trevor Rosenthal,0,0,1
start,500726,Mario Yepez,1,1,8
start,462088,Jetsy Extrano,1,2,10
start,517539,Ramon Morla,1,3,5
start,515055,Jose Rivero,1,4,7
start,500716,Jorge Agudelo,1,5,4
start,571708,Andrew Giobbi,1,6,3
start,595351,Ethan Paquette,1,7,9
start,542546,Hassiel Jimenez,1,8,2
start,573095,Derek Poppert,1,9,10
start,500722,Yovanny Olivero,1,0,1
play,1,0,592286,,,K
play,1,0,570805,,,53/G,105.42,179.72
play,1,0,592774,,,13/G,125.50,195.78
play,1,1,500726,,,K
play,1,1,462088,,,13/G,124.50,200.80
play,1,1,517539,,,S5/G,100.40,189.76
play,1,1,515055,,,BK.1-2
play,1,1,515055,,,S8/G.2-H,114.46,89.36
play,1,1,500716,,,SB2
play,1,1,500716,,,63/G,109.44,165.66
play,2,0,571641,,,43/G,140.56,172.69
play,2,0,521091,,,53/G,99.40,180.72
play,2,0,595158,,,K
play,2,1,571708,,,3/L,146.59,180.72
play,2,1,595351,,,9/F,184.74,117.47
play,2,1,542546,,,9/F,172.69,126.51
play,3,0,551750,,,43/G,132.53,176.71
play,3,0,502023,,,W
play,3,0,572265,,,S7/L.1-2,75.30,123.49
play,3,0,592286,,,D9/G.1-3;2-H,187.75,115.46
play,3,0,570805,,,WP.2-3;3-H
play,3,0,570805,,,43/G,136.55,173.69
play,3,0,592774,,,W
play,3,0,571641,,,S9/L.1-2;3-H,167.67,123.49
play,3,0,521091,,,4/P,139.56,155.62
play,3,1,573095,,,S9/F,167.67,120.48
play,3,1,500726,,,4(1)3/G4/GDP,130.52,175.70
play,3,1,462088,,,HP
play,3,1,517539,,,NP
sub,595400,Jake Schlander,1,2,12
play,3,1,517539,,,13/G,126.51,198.80
play,4,0,595158,,,NP
sub,595400,Jake Schlander,1,2,6
play,4,0,595158,,,K
play,4,0,551750,,,8/F,120.48,93.37
play,4,0,502023,,,13/G,119.48,196.79
play,4,1,515055,,,D8/F,121.49,79.32
play,4,1,500716,,,63/G.2-3,118.47,170.68
play,4,1,571708,,,E5.3-H,103.41,179.72
play,4,1,595351,,,3/G.1-2,146.59,183.73
play,4,1,542546,,,K
play,5,0,572265,,,43/G,140.56,171.69
play,5,0,592286,,,7/F,77.31,129.52
play,5,0,570805,,,K
play,5,1,573095,,,53/G,99.40,180.72
play,5,1,500726,,,K
play,5,1,595400,,,13/G,122.49,200.80
play,6,0,592774,,,W
play,6,0,571641,,,S8/L.1-2,126.51,91.37
play,6,0,521091,,,NP
sub,544731,Yao Wen Chang,1,0,1
play,6,0,521091,,,W.1-2;2-3
play,6,0,595158,,,D7/L.1-3;2-H;3-H,62.25,121.49
play,6,0,551750,,,W
play,6,0,502023,,,NP
sub,597055,Bryan Leigh,1,0,1
play,6,0,502023,,,W.1-2;2-3;3-H
play,6,0,572265,,,K
play,6,0,592286,,,D9/L.1-3;2-H;3-H,158.63,110.44
play,6,0,570805,,,K
play,6,0,592774,,,K
play,6,1,517539,,,NP
sub,542213,Charllan Jimenez,0,0,1
play,6,1,517539,,,S7/G,64.26,122.49
play,6,1,515055,,,4/P,136.55,172.69
play,6,1,500716,,,9/F,176.71,113.45
play,6,1,571708,,,4/P,140.56,175.70
play,7,0,571641,,,9/F,173.69,110.44
play,7,0,521091,,,S9/F,145.58,107.43
play,7,0,595158,,,S9/G.1-2,176.71,114.46
play,7,0,551750,,,K
play,7,0,502023,,,13/G,124.50,195.78
play,7,1,595351,,,4/P,133.53,173.69
play,7,1,542546,,,53/G,102.41,172.69
play,7,1,573095,,,K
play,8,0,572265,,,NP
sub,598217,Michael Vitale,1,0,1
play,8,0,572265,,,6/L,108.43,163.65
play,8,0,592286,,,13/G,123.49,194.78
play,8,0,570805,,,NP
sub,542465,Roberto Reyes,0,2,11
play,8,0,542465,,,HP
play,8,0,592774,,,S9/G.1-2,164.66,111.45
play,8,0,571641,,,3/G,150.60,185.74
play,8,1,500726,,,NP
sub,542465,Roberto Reyes,0,2,9
play,8,1,500726,,,63/G,110.44,160.64
play,8,1,595400,,,8/F,118.47,87.35
play,8,1,517539,,,K
play,9,0,521091,,,S5/G,102.41,173.69
play,9,0,595158,,,S7/L.1-2,74.30,120.48
play,9,0,551750,,,K
play,9,0,502023,,,D8/L.1-3;2-H,130.52,80.32
play,9,0,572265,,,S8/G.2XH;3-H,117.47,91.37
play,9,0,592286,,,8/F,133.53,90.36
play,9,1,515055,,,NP
sub,592515,Aidan Lucas,0,0,1
play,9,1,515055,,,43/G,148.59,168.67
play,9,1,500716,,,S7/L,66.27,125.50
play,9,1,571708,,,K
play,9,1,595351,,,K
id,PulAPP201007170
info,visteam,DanAPP
info,hometeam,PulAPP
info,date,2010/07/17
start,594886,Barrett Kleinknecht,0,1,5
start,592691,David Rohm,0,2,9
start,595176,Ryan Delgado,0,3,10
start,594828,Evan Gattis,0,4,2
start,519345,Joseph Terdoslavich,0,5,3
start,592743,Andrelton Simmons,0,6,6
start,554239,Elmer Reyes,0,7,4
start,506916,Bobby Rauh,0,8,8
start,594819,Kenny Fleming,0,9,7
start,543901,Ryan Weber,0,0,1
start,573095,Derek Poppert,1,1,10
start,500726,Mario Yepez,1,2,8
start,517539,Ramon Morla,1,3,5
start,515055,Jose Rivero,1,4,7
start,500716,Jorge Agudelo,1,5,4
start,595467,James Wood,1,6,9
start,571708,Andrew Giobbi,1,7,2
start,595351,Ethan Paquette,1,8,3
start,595400,Jake Schlander,1,9,6
start,595138,Timothy Boyce,1,0,1
play,1,0,594886,,,9/F,192.77,107.43
play,1,0,592691,,,8/F,113.45,85.34
play,1,0,595176,,,43/G,143.57,161.65
play,1,1,573095,,,53/G,97.39,173.69
play,1,1,500726,,,DGR/F9,200.80,93.37
play,1,1,517539,,,K
play,1,1,515055,,,K
play,2,0,594828,,,K
play,2,0,519345,,,E6,105.42,166.67
play,2,0,592743,,,S7/L.1-2,74.30,135.54
play,2,0,554239,,,S9/F.1-2;2-3,180.72,138.55
play,2,0,506916,,,W.1-2;2-3;3-H
play,2,0,594819,,,S8/G.1-2;2-H;3-H,124.50,116.47
play,2,0,594886,,,PB.1-2;2-3
play,2,0,594886,,,D7/F.2-3;3-H,37.15,110.44
play,2,0,592691,,,9/SF.2-3;3-H,187.75,99.40
play,2,0,595176,,,8/F,127.51,85.34
play,2,1,500716,,,K
play,2,1,595467,,,23/G,125.50,198.80
play,2,1,571708,,,W
play,2,1,595351,,,HR/F.1-H,177.71,44.18
play,2,1,595400,,,3/G,148.59,176.71
play,3,0,594828,,,63/G,113.45,158.63
play,3,0,519345,,,43/G,139.56,166.67
play,3,0,592743,,,5/L,101.41,176.71
play,3,1,573095,,,D8/L,73.29,77.31
play,3,1,500726,,,3/G.2-3,150.60,175.70
play,3,1,517539,,,8/SF.3-H,126.51,67.27
play,3,1,515055,,,3/G,145.58,177.71
play,4,0,554239,,,4/P,135.54,166.67
play,4,0,506916,,,63/G,109.44,166.67
play,4,0,594819,,,7/F,66.27,110.44
play,4,1,500716,,,K23
play,4,1,595467,,,5/L,100.40,174.70
play,4,1,571708,,,K
play,5,0,594886,,,43/G,137.55,167.67
play,5,0,592691,,,63/G,109.44,166.67
play,5,0,595176,,,53/G,100.40,182.73
play,5,1,595351,,,S7/L,78.31,130.52
play,5,1,595400,,,54(1)3/GDP/G5,105.42,180.72
play,5,1,573095,,,S7/L,81.33,126.51
play,5,1,500726,,,HR/L.1-H,172.69,20.08
play,5,1,517539,,,S8/L,125.50,104.42
play,5,1,515055,,,T7/G.1-H,45.18,116.47
play,5,1,500716,,,53/G,102.41,176.71
play,6,0,594828,,,S8/G,127.51,92.37
play,6,0,519345,,,K
play,6,0,592743,,,1/G.1-2,127.51,199.80
play,6,0,554239,,,7/F,61.24,112.45
play,6,1,595467,,,HR/F,115.46,35.14
play,6,1,571708,,,K
play,6,1,595351,,,9/F,190.76,115.46
play,6,1,595400,,,43/G,133.53,164.66
play,7,0,506916,,,S7/G,60.24,117.47
play,7,0,594819,,,CS2
play,7,0,594819,,,7/F,82.33,102.41
play,7,0,594886,,,13/G,122.49,187.75
play,7,1,573095,,,NP
sub,592786,Matthew Suschak,0,0,1
play,7,1,573095,,,63/G,114.46,165.66
play,7,1,500726,,,HP
play,7,1,517539,,,FC5/G.1X2(54);B-1,97.39,179.72
play,7,1,515055,,,CS2
play,8,0,592691,,,NP
sub,585391,Preston Vancil,1,0,1
play,8,0,592691,,,D9/L,193.78,92.37
play,8,0,595176,,,S8/L.2-3,115.46,114.46
play,8,0,594828,,,S9/G.1-2;3-H,177.71,130.52
play,8,0,519345,,,NP
sub,542940,Matthew Bischoff,1,0,1
play,8,0,519345,,,K
play,8,0,592743,,,9/FF,200.80,148.59
play,8,0,554239,,,PO1(23)
play,8,1,515055,,,K
play,8,1,500716,,,63/G,113.45,168.67
play,8,1,595467,,,S8/G,110.44,91.37
play,8,1,571708,,,SB2
play,8,1,571708,,,W
play,8,1,595351,,,K
play,9,0,554239,,,63/G,108.43,166.67
play,9,0,506916,,,W
play,9,0,594819,,,NP
sub,571599,Jakob Dalfonso,0,9,11
play,9,0,571599,,,8/F,118.47,87.35
play,9,0,594886,,,8/F,120.48,82.33
id,PulAPP201007180
info,visteam,DanAPP
info,hometeam,PulAPP
info,date,2010/07/18
start,594886,Barrett Kleinknecht,0,1,4
start,592691,David Rohm,0,2,9
start,571599,Jakob Dalfonso,0,3,3
start,595176,Ryan Delgado,0,4,2
start,594828,Evan Gattis,0,5,10
start,519345,Joseph Terdoslavich,0,6,5
start,506916,Bobby Rauh,0,7,8
start,554239,Elmer Reyes,0,8,6
start,594819,Kenny Fleming,0,9,7
start,542201,Ronan Pacheco,0,0,1
start,573095,Derek Poppert,1,1,6
start,500726,Mario Yepez,1,2,8
start,517539,Ramon Morla,1,3,5
start,515055,Jose Rivero,1,4,7
start,500716,Jorge Agudelo,1,5,4
start,595467,James Wood,1,6,9
start,595351,Ethan Paquette,1,7,3
start,500719,Larry Gonzalez,1,8,2
start,595400,Jake Schlander,1,9,10
start,526911,Nolan Diaz,1,0,1
play,1,0,594886,,,53/G,107.43,168.67
play,1,0,592691,,,3/P,157.63,166.67
play,1,0,571599,,,HR/L,131.53,41.16
play,1,0,595176,,,S7/F,70.28,106.43
play,1,0,594828,,,FC4/G.1X2(46),145.58,160.64
play,1,1,573095,,,43/G,143.57,154.62
play,1,1,500726,,,K
play,1,1,517539,,,9/F,155.62,88.35
play,2,0,519345,,,S9/G,151.61,98.39
play,2,0,506916,,,S4/BG.1-2,147.59,162.65
play,2,0,554239,,,S7/F.1-2;2-3,91.37,94.38
play,2,0,594819,,,K
play,2,0,594886,,,E5.1-3;2-H;3-H,100.40,172.69
play,2,0,592691,,,64(1)3/GDP/G6,104.42,155.62
play,2,1,515055,,,8/F,111.45,77.31
play,2,1,500716,,,K23
play,2,1,595467,,,S9/L,161.65,89.36
play,2,1,595351,,,WP.1-2
play,2,1,595351,,,S6/G.2-3,108.43,157.63
play,2,1,500719,,,S7/G.1-3;3-H;B-2,86.35,86.35
play,2,1,595400,,,K
play,3,0,571599,,,HP
play,3,0,595176,,,4/P,145.58,160.64
play,3,0,594828,,,HR/F.1-H,87.35,34.14
play,3,0,519345,,,W
play,3,0,506916,,,S5/BG.1-2,93.37,178.71
play,3,0,554239,,,E3.1-3;2-H;B-2,148.59,175.70
play,3,0,594819,,,WP.2-3;3-H
play,3,0,594819,,,K
play,3,0,594886,,,53/G,109.44,172.69
play,3,1,573095,,,63/G,109.44,160.64
play,3,1,500726,,,43/G,136.55,155.62
play,3,1,517539,,,K
play,4,0,592691,,,D7/G,60.24,105.42
play,4,0,571599,,,HP
play,4,0,595176,,,9/F,161.65,95.38
play,4,0,594828,,,K
play,4,0,519345,,,SB3.2-H;SB2(E2/TH)
play,4,0,519345,,,T8/F.2-H,87.55,137.29
play,4,0,506916,,,NP
sub,597054,Lance Abbott,1,0,1
play,4,0,506916,,,PB.3-H
play,4,0,506916,,,HR/F,68.27,42.17
play,4,0,554239,,,7/F,46.18,102.41
play,4,1,515055,,,W
play,4,1,500716,,,64(1)3/GDP/G6,118.47,153.61
play,4,1,595467,,,HP
play,4,1,595351,,,K
play,5,0,594819,,,43/G,142.57,153.61
play,5,0,594886,,,5/L,108.43,165.66
play,5,0,592691,,,S9/F,181.73,95.38
play,5,0,571599,,,S9/L.1-2,141.57,93.37
play,5,0,595176,,,2/PF,103.41,207.83
play,5,1,500719,,,E4,145.58,163.65
play,5,1,595400,,,D7/G.1-H,44.18,110.44
play,5,1,573095,,,D8/L.2-H,122.49,83.33
play,5,1,500726,,,NP
sub,572911,Jamie Hayes,0,0,1
play,5,1,500726,,,7/F,46.18,104.42
play,5,1,517539,,,S7/G.2-H,88.35,97.39
play,5,1,515055,,,8/F.1-2,129.52,59.24
play,5,1,500716,,,S8/G.2-H,105.42,78.31
play,5,1,595467,,,SB2
play,5,1,595467,,,S9/F.2-H,164.66,100.40
play,5,1,595351,,,K
play,6,0,594828,,,153/G1,119.48,192.77
play,6,0,519345,,,W
play,6,0,506916,,,PO1(E?).1-2
play,6,0,506916,,,D7/L.2-H,39.16,109.44
play,6,0,554239,,,SB3
play,6,0,554239,,,WP.3-H
play,6,0,554239,,,HP
play,6,0,594819,,,CS2
play,6,0,594819,,,7/F,51.20,118.47
play,6,1,500719,,,HR/L,125.50,30.12
play,6,1,595400,,,S7/L,83.33,89.36
play,6,1,573095,,,HP.1-2
play,6,1,500726,,,NP
sub,543826,Tyler Stovall,0,0,1
play,6,1,517539,,,POCS3(145);.1-2
play,6,1,500726,,,63/G,113.45,154.62
play,6,1,517539,,,K
play,7,0,594886,,,NP
sub,543920,Bennett Whitmore,1,0,1
play,7,0,594886,,,63/G,104.42,154.62
play,7,0,592691,,,3/G,160.64,176.71
play,7,0,571599,,,6/P,114.46,150.60
play,7,1,515055,,,W
play,7,1,500716,,,K
play,7,1,595467,,,OA.1X1
play,7,1,595467,,,3/L,150.60,170.68
play,8,0,595176,,,9/F,188.76,100.40
play,8,0,594828,,,S9/F,156.63,91.37
play,8,0,519345,,,7/F,80.32,94.38
play,8,0,506916,,,K
play,8,1,595351,,,3/P,160.64,175.70
play,8,1,500719,,,K
play,8,1,595400,,,W
play,8,1,573095,,,WP.1-2
play,8,1,573095,,,9/F,160.64,84.34
play,9,0,554239,,,53/G,103.41,171.69
play,9,0,594819,,,K23
play,9,0,594886,,,D8/L,112.45,75.30
play,9,0,592691,,,13/G,122.49,175.70
play,9,1,500726,,,NP
sub,542562,Edigson Mora,0,0,1
play,9,1,500726,,,8/F,127.51,86.35
play,9,1,517539,,,K
play,9,1,515055,,,53/G,104.42,164.66
id,PulAPP201007190
info,visteam,DanAPP
info,hometeam,PulAPP
info,date,2010/07/19
start,594886,Barrett Kleinknecht,0,1,4
start,592691,David Rohm,0,2,9
start,571599,Jakob Dalfonso,0,3,3
start,595176,Ryan Delgado,0,4,10
start,594828,Evan Gattis,0,5,2
start,519345,Joseph Terdoslavich,0,6,5
start,592743,Andrelton Simmons,0,7,6
start,506916,Bobby Rauh,0,8,8
start,595212,Jarred Frierson,0,9,7
start,573673,Carlos Perez,0,0,1
start,573095,Derek Poppert,1,1,10
start,500726,Mario Yepez,1,2,8
start,517539,Ramon Morla,1,3,5
start,515055,Jose Rivero,1,4,7
start,500716,Jorge Agudelo,1,5,4
start,595467,James Wood,1,6,9
start,595143,Matt Browning,1,7,3
start,500719,Larry Gonzalez,1,8,2
start,595400,Jake Schlander,1,9,6
start,500033,Jessie Nava,1,0,1
play,1,0,594886,,,53/G,108.43,175.70
play,1,0,592691,,,9/F,167.67,124.50
play,1,0,571599,,,HP
play,1,0,595176,,,FC6/G.1X2(64),105.42,168.67
play,1,1,573095,,,W
play,1,1,500726,,,S3/BG.1-2,130.52,194.78
play,1,1,517539,,,14(1)3/GDP/G1.2-3,126.51,191.77
play,1,1,515055,,,S5/G.3-H,100.40,180.72
play,1,1,500716,,,T9/F.1-H,159.64,89.36
play,1,1,595467,,,S7/F.3-H,83.33,135.54
play,1,1,595143,,,SB2
play,1,1,595143,,,W
play,1,1,500719,,,4/P,145.58,169.68
play,2,0,594828,,,S7/F,81.33,138.55
play,2,0,519345,,,23/G.1-2,127.51,203.82
play,2,0,592743,,,K
play,2,0,506916,,,K
play,2,1,595400,,,43/G,135.54,166.67
play,2,1,573095,,,W
play,2,1,500726,,,46(1)3/GDP/G4,141.57,166.67
play,3,0,595212,,,8/F,115.46,85.34
play,3,0,594886,,,63/G,112.45,169.68
play,3,0,592691,,,K
play,3,1,517539,,,9/F,159.64,118.47
play,3,1,515055,,,K
play,3,1,500716,,,HP
play,3,1,595467,,,CS2
play,4,0,571599,,,D7/L,77.31,114.46
play,4,0,595176,,,7/L,70.28,122.49
play,4,0,594828,,,WP.2-3
play,4,0,594828,,,W
play,4,0,519345,,,WP.1-2;3-H
play,4,0,519345,,,W
play,4,0,592743,,,7/F,66.27,126.51
play,4,0,506916,,,WP.1-2;2-3
play,4,0,506916,,,WP.2-H(E1);3-H
play,4,0,506916,,,K
play,4,1,595467,,,K
play,4,1,595143,,,HP
play,4,1,500719,,,64(1)3/GDP/G6,108.43,166.67
play,5,0,595212,,,7/F,78.31,115.46
play,5,0,594886,,,K
play,5,0,592691,,,D9/L,184.74,145.58
play,5,0,571599,,,W
play,5,0,595176,,,K
play,5,1,595400,,,E4,139.56,166.67
play,5,1,573095,,,K
play,5,1,500726,,,54(1)3/GDP/G5,99.40,175.70
play,6,0,594828,,,NP
sub,595280,Ryan Kiel,1,0,1
play,6,0,594828,,,3/G,144.58,178.71
play,6,0,519345,,,S7/G,79.32,135.54
play,6,0,592743,,,S8/L.1-3,114.46,125.50
play,6,0,506916,,,W.1-2
play,6,0,595212,,,K
play,6,0,594886,,,S8/G.1-3;2-H;3-H;B-2,128.51,123.49
play,6,0,592691,,,9/F,175.70,120.48
play,6,1,517539,,,43/G,144.58,170.68
play,6,1,515055,,,K
play,6,1,500716,,,7/F,83.33,123.49
play,7,0,571599,,,W
play,7,0,595176,,,NP
sub,594842,Tim Griffin,1,0,1
play,7,0,595176,,,4/P,144.58,163.65
play,7,0,594828,,,K
play,7,0,519345,,,S7/G.1-3;B-2(E7/TH),92.37,125.50
play,7,0,592743,,,D9/G.2-H;3-H,191.77,133.53
play,7,0,506916,,,K
play,7,1,595467,,,HP
play,7,1,595143,,,9/F,171.69,128.51
play,7,1,500719,,,8/F,134.54,111.45
play,7,1,595400,,,S9/F.1-3,155.62,132.53
play,7,1,573095,,,FC6/G.1X2(64),103.41,167.67
play,8,0,595212,,,S9/F,153.61,122.49
play,8,0,594886,,,FC5/G.1X2(54);B-1,102.41,177.71
play,8,0,592691,,,8/F,111.45,108.43
play,8,0,571599,,,7/F,72.29,121.49
play,8,1,500726,,,NP
sub,594886,Barrett Kleinknecht,0,1,5
play,8,1,517539,,,NP
sub,554239,Elmer Reyes,0,3,4
play,8,1,515055,,,NP
sub,519345,Joseph Terdoslavich,0,6,3
play,8,1,500716,,,NP
sub,594925,Kyle Mertins,0,0,1
play,8,1,500726,,,7/F,74.30,119.48
play,8,1,517539,,,S9/F,162.65,144.58
play,8,1,515055,,,D7/F.1-H,73.29,107.43
play,8,1,500716,,,43/G.2-3,148.59,171.69
play,8,1,595467,,,PB.3-H
play,8,1,595467,,,W
play,8,1,595143,,,WP.1-2
play,8,1,595143,,,W
play,8,1,500719,,,D8/L.1-H;2-H,100.40,89.36
play,8,1,595400,,,K
play,9,0,placeholder,,,NP
sub,542940,Matthew Bischoff,1,0,1
play,9,0,595176,,,K
play,9,0,594828,,,K
play,9,0,519345,,,53/G,100.40,172.69
play,9,1,573095,,,3/PF,154.62,204.82
play,9,1,500726,,,7/F,63.25,121.49
play,9,1,517539,,,K
play,10,0,592743,,,S8/G,117.47,118.47
play,10,0,506916,,,13/LDP/BP1.1X1,123.49,197.79
play,10,0,595212,,,W
play,10,0,594886,,,BK.1-2
play,10,0,594886,,,K
play,10,1,515055,,,NP
sub,576168,Dalton Acord,0,0,1
play,10,1,515055,,,13/G,131.53,192.77
play,10,1,500716,,,E3/TH,141.57,178.71
play,10,1,595467,,,K
play,10,1,595143,,,K
play,11,0,592691,,,8/F,113.45,99.40
play,11,0,554239,,,9/F,170.68,118.47
play,11,0,595176,,,K
play,11,1,500719,,,K23
play,11,1,595400,,,9/F,183.73,111.45
play,11,1,573095,,,K
play,12,0,594828,,,NP
sub,597055,Bryan Leigh,1,0,1
play,12,0,594828,,,K
play,12,0,519345,,,7/F,86.35,127.51
play,12,0,592743,,,4/P,144.58,165.66
play,12,1,500726,,,K
play,12,1,517539,,,S6/G,110.44,167.67
play,12,1,515055,,,W.1-2
play,12,1,500716,,,K+SB3
play,12,1,595467,,,SB2
play,12,1,595467,,,S8/G.2-3;3-H,121.49,109.44
id,PulAPP201007290
info,visteam,KinAPP
info,hometeam,PulAPP
info,date,2010/07/29
start,572897,ZeErika McQueen,0,1,8
start,592725,Justin Schafer,0,2,6
start,573669,Aderlin Rodriguez,0,3,5
start,502095,Lucas Stewart,0,4,3
start,543710,Javier Rodriguez,0,5,9
start,544938,Albert Cordero,0,6,10
start,514914,Ray Van Gurp,0,7,4
start,572284,Nelfi Zapata,0,8,2
start,573153,John Semel,0,9,7
start,514897,Eduardo Aldama,0,0,1
start,500726,Mario Yepez,1,1,8
start,462088,Jetsy Extrano,1,2,6
start,517539,Ramon Morla,1,3,5
start,515055,Jose Rivero,1,4,7
start,500716,Jorge Agudelo,1,5,10
start,595143,Matt Browning,1,6,3
start,500719,Larry Gonzalez,1,7,2
start,518466,Jabari Blash,1,8,9
start,573095,Derek Poppert,1,9,4
start,500033,Jessie Nava,1,0,1
play,1,0,572897,,,63/G,111.45,164.66
play,1,0,592725,,,3/PF,161.65,193.78
play,1,0,573669,,,S7/L,62.25,115.46
play,1,0,502095,,,7/F,69.28,110.44
play,1,1,500726,,,K
play,1,1,462088,,,D8/L,126.51,81.33
play,1,1,517539,,,6/P,110.44,169.68
play,1,1,515055,,,W
play,1,1,500716,,,PB.1-2;2-3
play,1,1,500716,,,W
play,1,1,595143,,,K
play,2,0,543710,,,D9/F,191.77,102.41
play,2,0,placeholder,,,PO2(E?).2-3
play,2,0,544938,,,D9/F.3-H,193.78,105.42
play,2,0,514914,,,53/G,100.40,179.72
play,2,0,572284,,,4(B)46(2)/LDP,140.56,164.66
play,2,1,500719,,,6/P,109.44,169.68
play,2,1,518466,,,W
play,2,1,573095,,,S7/G.1-3,62.25,112.45
play,2,1,500726,,,S7/G.1-3;3-H,68.27,106.43
play,2,1,462088,,,FC6/G.1X2(64);3-H;B-1,109.44,163.65
play,2,1,517539,,,FC6/G.1X2(64),115.46,167.67
play,3,0,573153,,,8/F,111.45,86.35
play,3,0,572897,,,63/G,104.42,166.67
play,3,0,592725,,,63/G,112.45,165.66
play,3,1,515055,,,S7/G,69.28,103.41
play,3,1,500716,,,8/F.?X?(83),127.51,86.35
play,3,1,595143,,,S8/G,131.53,82.33
play,3,1,500719,,,HP.1-2
play,3,1,518466,,,K
play,4,0,573669,,,53/G,102.41,183.73
play,4,0,502095,,,S8/G,118.47,96.39
play,4,0,543710,,,D9/F.1-3,184.74,109.44
play,4,0,544938,,,9/F,195.78,117.47
play,4,0,514914,,,53/G,109.44,179.72
play,4,1,573095,,,W
play,4,1,500726,,,SB2
play,4,1,500726,,,K
play,4,1,462088,,,W+SB3
play,4,1,517539,,,NP
sub,500783,Orlando Tovar,0,0,1
play,4,1,517539,,,8/SF.3-H,123.49,69.28
play,4,1,515055,,,D7/F.1-H;B-3,55.22,109.44
play,4,1,500716,,,8/F,124.50,82.33
play,5,0,572284,,,K
play,5,0,573153,,,S9/G,170.68,115.46
play,5,0,572897,,,S7/G.1-2,57.23,115.46
play,5,0,592725,,,WP.1-2;2-3
play,5,0,592725,,,9/SF.3-H,185.74,118.47
play,5,0,573669,,,S7/L.2-H,51.20,112.45
play,5,0,502095,,,9/F,194.78,102.41
play,5,1,595143,,,3/PF,159.64,187.75
play,5,1,500719,,,S5/G,102.41,179.72
play,5,1,518466,,,K+CS2
play,6,0,543710,,,S9/L,200.80,116.47
play,6,0,544938,,,W.1-2
play,6,0,514914,,,NP
sub,598217,Michael Vitale,1,0,1
play,6,0,514914,,,CS3;.1-2
play,6,0,514914,,,K
play,6,0,572284,,,43/G,140.56,173.69
play,6,1,573095,,,NP
sub,542939,Peter Birdwell,0,0,1
play,6,1,573095,,,63/G,108.43,167.67
play,6,1,500726,,,HP
play,6,1,462088,,,S9/G.1-3,189.76,123.49
play,6,1,517539,,,4/P,140.56,168.67
play,6,1,515055,,,E5/TH.1-3;3-H,102.41,185.74
play,6,1,500716,,,S8/G.1-3;3-H;B-2,119.48,103.41
play,6,1,595143,,,WP.2-3;3-H
play,6,1,595143,,,W
play,6,1,500719,,,S8/L.1-2;3-H,126.51,90.36
play,6,1,518466,,,K
play,7,0,573153,,,9/F,187.75,118.47
play,7,0,572897,,,63/G,111.45,169.68
play,7,0,592725,,,K
play,7,1,573095,,,7/F,54.22,112.45
play,7,1,500726,,,7/F,80.32,116.47
play,7,1,462088,,,W
play,7,1,517539,,,HP.1-2
play,7,1,515055,,,HR/F.1-H;2-H,77.31,44.18
play,7,1,500716,,,5/P,105.42,184.74
play,8,0,573669,,,NP
sub,541603,Ismael Tijerina,0,3,11
play,8,0,541603,,,63/G,113.45,168.67
play,8,0,502095,,,NP
sub,516941,Eddie Lora,0,4,11
play,8,0,516941,,,K23
play,8,0,543710,,,NP
sub,543317,Charles Hinojosa,0,5,11
play,8,0,543317,,,K
play,8,1,595143,,,NP
sub,541603,Ismael Tijerina,0,3,5
play,8,1,500719,,,NP
sub,516941,Eddie Lora,0,4,3
play,8,1,518466,,,NP
sub,543317,Charles Hinojosa,0,5,9
play,8,1,573095,,,NP
sub,571560,T. J. Chism,0,0,1
play,8,1,595143,,,NP
sub,595351,Ethan Paquette,1,6,11
play,8,1,462088,,,NP
sub,542550,Amauris Valdez,0,8,2
play,8,1,595351,,,S8/G,122.49,96.39
play,8,1,500719,,,NP
sub,571708,Andrew Giobbi,1,7,11
play,8,1,571708,,,FC5/G.1X2(54);B-1,106.43,180.72
play,8,1,518466,,,K
play,8,1,573095,,,W.1-2
play,8,1,500726,,,K
play,9,0,placeholder,,,NP
sub,595351,Ethan Paquette,1,6,3
play,9,0,placeholder,,,NP
sub,571708,Andrew Giobbi,1,7,2
play,9,0,placeholder,,,NP
sub,597054,Lance Abbott,1,0,1
play,9,0,544938,,,NP
sub,502402,Brandon Brown,0,6,11
play,9,0,502402,,,K23
play,9,0,514914,,,S8/G,121.49,89.36
play,9,0,542550,,,43/G.1-2,142.57,168.67
play,9,0,573153,,,63/G,108.43,168.67
id,PulAPP201007300
info,visteam,KinAPP
info,hometeam,PulAPP
info,date,2010/07/30
start,571724,Chase Greene,0,1,8
start,592725,Justin Schafer,0,2,10
start,573669,Aderlin Rodriguez,0,3,5
start,502095,Lucas Stewart,0,4,3
start,543710,Javier Rodriguez,0,5,9
start,572897,ZeErika McQueen,0,6,7
start,514914,Ray Van Gurp,0,7,4
start,572284,Nelfi Zapata,0,8,2
start,541603,Ismael Tijerina,0,9,6
start,571867,Jonathan Kountis,0,0,1
start,462088,Jetsy Extrano,1,1,4
start,595400,Jake Schlander,1,2,6
start,515055,Jose Rivero,1,3,8
start,517539,Ramon Morla,1,4,3
start,500716,Jorge Agudelo,1,5,5
start,571708,Andrew Giobbi,1,6,10
start,542546,Hassiel Jimenez,1,7,2
start,518466,Jabari Blash,1,8,9
start,573095,Derek Poppert,1,9,7
start,570884,George Mieses,1,0,1
play,1,0,571724,,,W
play,1,0,592725,,,BK.1-2
play,1,0,592725,,,9/F,162.65,112.45
play,1,0,573669,,,43/G.2-3,139.56,168.67
play,1,0,502095,,,PB.3-H
play,1,0,502095,,,3/PF,149.60,204.82
play,1,1,462088,,,S8/G,123.49,100.40
play,1,1,595400,,,K
play,1,1,515055,,,SB2
play,1,1,515055,,,4/P,142.57,156.63
play,1,1,517539,,,K
play,2,0,543710,,,S6/G,102.41,167.67
play,2,0,572897,,,53/G.1-2,102.41,178.71
play,2,0,514914,,,63/G,109.44,169.68
play,2,0,572284,,,WP.2-3
play,2,0,572284,,,D8/F.3-H,175.70,82.33
play,2,0,541603,,,D9/F.2-H,198.80,90.36
play,2,0,571724,,,K
play,2,1,500716,,,S7/L,81.33,116.47
play,2,1,placeholder,,,POCS2(134)
play,2,1,571708,,,S8/G,120.48,98.39
play,2,1,542546,,,64(1)3/GDP/G6,114.46,168.67
play,3,0,592725,,,6/P,106.43,162.65
play,3,0,573669,,,E4/TH,138.55,164.66
play,3,0,502095,,,FC1/G.1X2(16);B-1,123.49,190.76
play,3,0,543710,,,FC6/G.1X2(64),113.45,168.67
play,3,1,518466,,,K
play,3,1,573095,,,63/G,112.45,169.68
play,3,1,462088,,,W
play,3,1,595400,,,D9/L.1-3,177.71,114.46
play,3,1,515055,,,K
play,4,0,572897,,,43/G,138.55,169.68
play,4,0,514914,,,43/G,136.55,167.67
play,4,0,572284,,,53/G,105.42,177.71
play,4,1,517539,,,7/F,77.31,119.48
play,4,1,500716,,,4/P,136.55,172.69
play,4,1,571708,,,HR/F,63.25,59.24
play,4,1,542546,,,7/F,64.26,114.46
play,5,0,541603,,,43/G,139.56,171.69
play,5,0,571724,,,K
play,5,0,592725,,,S9/G,175.70,125.50
play,5,0,573669,,,SB2
play,5,0,573669,,,9/F,179.72,109.44
play,5,1,518466,,,63/G,110.44,171.69
play,5,1,573095,,,S5/G,99.40,176.71
play,5,1,462088,,,SB2
play,5,1,462088,,,K
play,5,1,595400,,,53/G,103.41,180.72
play,6,0,502095,,,K
play,6,0,543710,,,7/F,70.28,110.44
play,6,0,572897,,,53/G,103.41,179.72
play,6,1,515055,,,NP
sub,595152,Hunter Carnevale,0,0,1
play,6,1,515055,,,K
play,6,1,517539,,,S7/G,72.29,122.49
play,6,1,500716,,,D7/F.1-H;BX3(75),56.22,84.34
play,6,1,571708,,,K
play,7,0,514914,,,7/F,74.30,118.47
play,7,0,572284,,,8/F,128.51,87.35
play,7,0,541603,,,6/P,114.46,166.67
play,7,1,542546,,,D7/L,52.21,94.38
play,7,1,518466,,,E3.2-3(E5)(E5),114.46,195.78
play,7,1,573095,,,WP.1-2;3-H
play,7,1,573095,,,K
play,7,1,462088,,,8/F,126.51,93.37
play,7,1,595400,,,K
play,8,0,571724,,,NP
sub,597055,Bryan Leigh,1,0,1
play,8,0,571724,,,9/F,169.68,108.43
play,8,0,592725,,,K
play,8,0,573669,,,3/G,151.61,177.71
play,8,1,515055,,,NP
sub,595027,Michael Weldon,0,0,1
play,8,1,515055,,,9/F,179.72,105.42
play,8,1,517539,,,53/G,105.42,177.71
play,8,1,500716,,,53/G,104.42,177.71
play,9,0,502095,,,K
play,9,0,543710,,,D8/F,85.34,77.31
play,9,0,572897,,,S8/L.2-H,128.51,100.40
play,9,0,514914,,,BK.1-2
play,9,0,514914,,,9/F.2-3,200.80,102.41
play,9,0,572284,,,63/G,114.46,167.67
play,9,1,571708,,,K
play,9,1,542546,,,D7/L,36.14,122.49
play,9,1,518466,,,NP
sub,500726,Mario Yepez,1,7,12
play,9,1,518466,,,PB.2-3
play,9,1,518466,,,W
play,9,1,573095,,,S9/L.1-2;3-H,177.71,132.53
play,9,1,462088,,,K
play,9,1,595400,,,WP.1-2;2-3
play,9,1,595400,,,K
play,10,0,541603,,,NP
sub,500719,Larry Gonzalez,1,7,2
play,10,0,571724,,,NP
sub,542940,Matthew Bischoff,1,0,1
play,10,0,541603,,,K
play,10,0,571724,,,S8/G,116.47,78.31
play,10,0,592725,,,W.1-2
play,10,0,573669,,,8/L,128.51,85.34
play,10,0,502095,,,D9/L.1-H;2-H,219.88,115.46
play,10,0,543710,,,K
play,10,1,515055,,,NP
sub,572831,Josh Edgin,0,0,1
play,10,1,515055,,,K
play,10,1,517539,,,K
play,10,1,500716,,,S7/L,71.29,127.51
play,10,1,571708,,,K
id,PulAPP201008010
info,visteam,PriAPP
info,hometeam,PulAPP
info,date,2010/08/01
start,595281,Kevin Kiermaier,0,1,8
start,517028,Cesar Guillen,0,2,7
start,581660,Scott Lawson,0,3,5
start,572853,Bryan Fogle,0,4,10
start,501675,Ruben Contreras,0,5,9
start,553889,Hector Guevara,0,6,4
start,541653,Felix Gonzalez,0,7,6
start,545349,Jeff Malm,0,8,3
start,596334,Zane Williams,0,9,2
start,542311,Eliazer Suero,0,0,1
start,500726,Mario Yepez,1,1,8
start,462088,Jetsy Extrano,1,2,6
start,515055,Jose Rivero,1,3,7
start,517539,Ramon Morla,1,4,5
start,500716,Jorge Agudelo,1,5,4
start,595143,Matt Browning,1,6,3
start,500719,Larry Gonzalez,1,7,2
start,518466,Jabari Blash,1,8,9
start,595400,Jake Schlander,1,9,10
start,518898,Stephen Kohlscheen,1,0,1
play,1,0,595281,,,K
play,1,0,517028,,,W
play,1,0,581660,,,SB2
play,1,0,581660,,,K
play,1,0,572853,,,7/FF,52.21,150.60
play,1,1,500726,,,8/F,100.40,70.28
play,1,1,462088,,,S7/F,55.22,105.42
play,1,1,515055,,,PB.1-2
play,1,1,515055,,,S7/G.2-H,68.27,108.43
play,1,1,517539,,,SB2
play,1,1,517539,,,S7/F.2-H,69.28,97.39
play,1,1,500716,,,SB2
play,1,1,500716,,,63/G.2-3(E3)(E3/TH),113.45,160.64
play,1,1,595143,,,S8/G.3-H,107.43,89.36
play,1,1,500719,,,8/F,104.42,75.30
play,2,0,501675,,,7/F,65.26,105.42
play,2,0,553889,,,S8/G,100.40,86.35
play,2,0,541653,,,S9/G.1-3,165.66,93.37
play,2,0,545349,,,3/G.1-2;3-H,150.60,168.67
play,2,0,596334,,,53/G,91.37,174.70
play,2,1,518466,,,HP
play,2,1,595400,,,E6/TH.1-3,115.46,156.63
play,2,1,500726,,,13/G.1-2,135.54,181.73
play,2,1,462088,,,1(B)15()/LDP.3X3,119.48,187.75
play,3,0,595281,,,3/G,149.60,167.67
play,3,0,517028,,,K
play,3,0,581660,,,S9/F,153.61,90.36
play,3,0,572853,,,9/F,175.70,80.32
play,3,1,515055,,,31/G,149.60,170.68
play,3,1,517539,,,53/G,104.42,172.69
play,3,1,500716,,,K
play,4,0,501675,,,K
play,4,0,553889,,,8/F,114.46,67.27
play,4,0,541653,,,6/P,110.44,157.63
play,4,1,595143,,,S4/G,135.54,160.64
play,4,1,500719,,,S7/G.1-2,72.29,103.41
play,4,1,518466,,,PB.1-2;2-3
play,4,1,518466,,,E2.B-1,85.84,113.98
play,4,1,595400,,,PB.1-2;2-3;3-H
play,4,1,595400,,,HP
play,4,1,500726,,,NP
sub,595263,Mickey Jannis,0,0,1
play,4,1,500726,,,4/L,134.54,161.65
play,4,1,462088,,,S7/F.1-2;2-3;3-H,85.34,94.38
play,4,1,515055,,,FC6/G.1X2(64);2-3;3-H;B-1,112.45,152.61
play,4,1,517539,,,S8/F.1-2;3-H,99.40,87.35
play,4,1,500716,,,W.1-2;2-3
play,4,1,595143,,,S7/F.1-2;2-H;3-H,68.27,99.40
play,4,1,500719,,,S7/F.1-2;2-H,95.38,106.43
play,4,1,518466,,,K
play,5,0,545349,,,7/F,56.22,111.45
play,5,0,596334,,,K
play,5,0,595281,,,W
play,5,0,517028,,,7/F,74.30,96.39
play,5,1,595400,,,43/G,142.57,157.63
play,5,1,500726,,,S9/G,153.61,95.38
play,5,1,462088,,,K
play,5,1,515055,,,S9/G.1-2,155.62,96.39
play,5,1,517539,,,K
play,6,0,581660,,,NP
sub,595280,Ryan Kiel,1,0,1
play,6,0,581660,,,HP
play,6,0,572853,,,8/F,135.54,77.31
play,6,0,501675,,,K
play,6,0,553889,,,K
play,6,1,500716,,,NP
sub,572874,Geno Glynn,0,3,5
play,6,1,500716,,,S7/F,80.32,101.41
play,6,1,595143,,,9/F,183.73,102.41
play,6,1,500719,,,W.1-2
play,6,1,518466,,,3/G.1-2;2-3,146.59,167.67
play,6,1,595400,,,13/G,122.49,181.73
play,7,0,541653,,,NP
sub,571708,Andrew Giobbi,1,7,2
play,7,0,545349,,,NP
sub,573095,Derek Poppert,1,5,4
play,7,0,596334,,,NP
sub,595351,Ethan Paquette,1,6,3
play,7,0,541653,,,53/G,102.41,179.72
play,7,0,545349,,,HR/F,180.72,37.15
play,7,0,596334,,,5/P,100.40,172.69
play,7,0,595281,,,W
play,7,0,517028,,,K
play,7,1,500726,,,NP
sub,596332,Garret Carruth,0,0,1
play,7,1,500726,,,7/F,63.25,106.43
play,7,1,462088,,,S7/F,69.28,101.41
play,7,1,515055,,,FC6/G.1X2(64);B-1,119.48,162.65
play,7,1,517539,,,W.1-2
play,7,1,573095,,,S8/F.1-2;2-3,111.45,78.31
play,7,1,595351,,,K
play,8,0,572874,,,NP
sub,543920,Bennett Whitmore,1,0,1
play,8,0,572874,,,9/F,157.63,103.41
play,8,0,572853,,,W
play,8,0,501675,,,7/F,57.23,103.41
play,8,0,553889,,,9/F,151.61,85.34
play,8,1,571708,,,K
play,8,1,518466,,,9/F,155.62,93.37
play,8,1,595400,,,63/G,120.48,153.61
play,9,0,541653,,,NP
sub,592827,Benjamin Versnik,1,0,1
play,9,0,541653,,,63/G,123.49,157.63
play,9,0,545349,,,K
play,9,0,596334,,,K
id,PulAPP201008020
info,visteam,PriAPP
info,hometeam,PulAPP
info,date,2010/08/02
start,595281,Kevin Kiermaier,0,1,9
start,571711,Todd Glaesmann,0,2,8
start,581660,Scott Lawson,0,3,5
start,501675,Ruben Contreras,0,4,10
start,517028,Cesar Guillen,0,5,7
start,553889,Hector Guevara,0,6,4
start,545349,Jeff Malm,0,7,3
start,596313,Kyle Holloway,0,8,2
start,596335,Brian Harris,0,9,6
start,572015,Jacob Partridge,0,0,1
start,500726,Mario Yepez,1,1,8
start,462088,Jetsy Extrano,1,2,10
start,515055,Jose Rivero,1,3,7
start,517539,Ramon Morla,1,4,5
start,500716,Jorge Agudelo,1,5,4
start,595143,Matt Browning,1,6,3
start,571708,Andrew Giobbi,1,7,2
start,518466,Jabari Blash,1,8,9
start,595400,Jake Schlander,1,9,6
start,595138,Timothy Boyce,1,0,1
play,1,0,595281,,,S5/BG,110.44,188.76
play,1,0,571711,,,7/F,65.26,130.52
play,1,0,581660,,,8/F,117.47,114.46
play,1,0,501675,,,SB2
play,1,0,501675,,,8/F,138.55,114.46
play,1,1,500726,,,D9/F,177.71,100.40
play,1,1,462088,,,9/F,165.66,108.43
play,1,1,515055,,,13/G,126.51,190.76
play,1,1,517539,,,S8/L.2-H,115.46,85.34
play,1,1,500716,,,SB2
play,1,1,500716,,,S8/L.2-H,133.53,106.43
play,1,1,595143,,,SB2
play,1,1,595143,,,8/F,138.55,78.31
play,2,0,517028,,,S5/G,106.43,183.73
play,2,0,553889,,,FC4/G.1X2(46);B-1,140.56,180.72
play,2,0,545349,,,8/F,139.56,98.39
play,2,0,596313,,,FC6/G.1X2(64),107.43,180.72
play,2,1,571708,,,D8/F,144.58,121.49
play,2,1,518466,,,D7/L.2-H,82.33,115.46
play,2,1,595400,,,53/G.2-3,105.42,186.75
play,2,1,500726,,,9/SF.3-H,190.76,119.48
play,2,1,462088,,,K
play,3,0,596335,,,43/G,135.54,174.70
play,3,0,595281,,,S8/G,110.44,101.41
play,3,0,571711,,,7/F,81.33,120.48
play,3,0,581660,,,D9/F.1-H,165.66,98.39
play,3,0,501675,,,S4/G.2-H;B-2,131.53,178.71
play,3,0,517028,,,K
play,3,1,515055,,,S7/L,95.38,114.46
play,3,1,517539,,,K
play,3,1,500716,,,7/F,57.23,114.46
play,3,1,595143,,,SB2
play,3,1,595143,,,W
play,3,1,571708,,,OA.2-3
play,3,1,571708,,,K
play,4,0,553889,,,K
play,4,0,545349,,,8/F,130.52,80.32
play,4,0,596313,,,K
play,4,1,518466,,,HR/F,30.12,86.35
play,4,1,595400,,,W
play,4,1,500726,,,S3/BG.1-2,148.59,187.75
play,4,1,462088,,,64(1)3/GDP/G6.2-3,113.45,182.73
play,4,1,515055,,,K
play,5,0,596335,,,K
play,5,0,595281,,,W
play,5,0,571711,,,K
play,5,0,581660,,,WP.1-2
play,5,0,581660,,,HP
play,5,0,501675,,,43/G,132.53,176.71
play,5,1,517539,,,NP
sub,595371,Chris Rearick,0,0,1
play,5,1,517539,,,63/G,116.47,178.71
play,5,1,500716,,,S8/G,130.52,93.37
play,5,1,595143,,,S7/F.1-2,77.31,131.53
play,5,1,571708,,,S9/F.1-2;2-3,137.55,111.45
play,5,1,518466,,,K
play,5,1,595400,,,K
play,6,0,517028,,,S7/G,70.28,131.53
play,6,0,553889,,,16(1)3/GDP/G1,116.47,191.77
play,6,0,545349,,,41/G,135.54,174.70
play,6,1,500726,,,43/G,137.55,177.71
play,6,1,462088,,,43/G,140.56,168.67
play,6,1,515055,,,S7/G,63.25,103.41
play,6,1,517539,,,S5/G.1-2,106.43,185.74
play,6,1,500716,,,T8/F.1-H;2-H,123.49,61.24
play,6,1,595143,,,WP.3-H
play,6,1,595143,,,W
play,6,1,571708,,,8/F,98.39,89.36
play,7,0,596313,,,NP
sub,500722,Yovanny Olivero,1,0,1
play,7,0,596313,,,K
play,7,0,596335,,,7/F,71.29,117.47
play,7,0,595281,,,6/P,119.48,174.70
play,7,1,518466,,,NP
sub,597151,Justin Hall,0,0,1
play,7,1,518466,,,D9/F,188.76,117.47
play,7,1,595400,,,E7,66.27,123.49
play,7,1,500726,,,S7/L.1-2;2-3,94.38,129.52
play,7,1,462088,,,HR/F.1-H;2-H;3-H,176.71,47.19
play,7,1,515055,,,43/G,140.56,176.71
play,7,1,517539,,,K
play,7,1,500716,,,4/P,136.55,171.69
play,8,0,571711,,,NP
sub,573095,Derek Poppert,1,5,4
play,8,0,581660,,,NP
sub,595351,Ethan Paquette,1,6,3
play,8,0,571711,,,K
play,8,0,581660,,,NP
sub,572874,Geno Glynn,0,3,11
play,8,0,572874,,,3/G,144.58,182.73
play,8,0,501675,,,S9/G,161.65,133.53
play,8,0,517028,,,FC5/G.1X2(54),100.40,185.74
play,8,1,595351,,,NP
sub,572874,Geno Glynn,0,3,5
play,8,1,595351,,,8/F,110.44,67.27
play,8,1,571708,,,K
play,8,1,518466,,,S9/L,158.63,125.50
play,8,1,595400,,,K
play,9,0,553889,,,NP
sub,585391,Preston Vancil,1,0,1
play,9,0,553889,,,43/G,146.59,171.69
play,9,0,545349,,,8/F,140.56,81.33
play,9,0,596313,,,S7/G,73.29,126.51
play,9,0,596335,,,S9/G.1-2,180.72,117.47
play,9,0,595281,,,W.1-2;2-3
play,9,0,571711,,,K
id,PulAPP201008030
info,visteam,PriAPP
info,hometeam,PulAPP
info,date,2010/08/03
start,595281,Kevin Kiermaier,0,1,8
start,571711,Todd Glaesmann,0,2,9
start,581660,Scott Lawson,0,3,5
start,572853,Bryan Fogle,0,4,10
start,517028,Cesar Guillen,0,5,7
start,553889,Hector Guevara,0,6,4
start,596313,Kyle Holloway,0,7,2
start,572874,Geno Glynn,0,8,3
start,541653,Felix Gonzalez,0,9,6
start,544836,Enny Romero,0,0,1
start,500726,Mario Yepez,1,1,8
start,462088,Jetsy Extrano,1,2,6
start,515055,Jose Rivero,1,3,7
start,517539,Ramon Morla,1,4,10
start,500716,Jorge Agudelo,1,5,5
start,573095,Derek Poppert,1,6,4
start,518466,Jabari Blash,1,7,9
start,595351,Ethan Paquette,1,8,3
start,542546,Hassiel Jimenez,1,9,2
start,598217,Michael Vitale,1,0,1
play,1,0,595281,,,31/G,147.59,178.71
play,1,0,571711,,,9/F,181.73,109.44
play,1,0,581660,,,3/G,145.58,180.72
play,1,1,500726,,,S8/G,109.44,87.35
play,1,1,462088,,,W.1-2
play,1,1,515055,,,K
play,1,1,517539,,,D8/F.1-H;2-H;BX3(845),107.43,82.33
play,1,1,500716,,,8/F,119.48,80.32
play,2,0,572853,,,S9/F,157.63,111.45
play,2,0,517028,,,64(1)3/GDP/G6,113.45,175.70
play,2,0,553889,,,3/L,144.58,177.71
play,2,1,573095,,,9/F,167.67,117.47
play,2,1,518466,,,K
play,2,1,595351,,,K
play,3,0,596313,,,63/G,105.42,171.69
play,3,0,572874,,,S1/G,126.51,190.76
play,3,0,541653,,,S4/BG.1-2,136.55,172.69
play,3,0,595281,,,W.1-2;2-3
play,3,0,571711,,,4/P,139.56,176.71
play,3,0,581660,,,K
play,3,1,542546,,,53/G,103.41,184.74
play,3,1,500726,,,S8/G,114.46,95.38
play,3,1,462088,,,S9/L.1-3,171.69,122.49
play,3,1,515055,,,FC5.1-2;3XH(52),111.45,184.74
play,3,1,517539,,,43/G,134.54,174.70
play,4,0,572853,,,HR/F,185.74,33.13
play,4,0,517028,,,D8/F,86.35,91.37
play,4,0,553889,,,K+SB3
play,4,0,596313,,,S7/G.3-H,79.32,122.49
play,4,0,572874,,,64(1)3/GDP/G6,118.47,178.71
play,4,1,500716,,,S9/G,180.72,115.46
play,4,1,573095,,,CS2
play,4,1,573095,,,63/G,114.46,171.69
play,4,1,518466,,,K23
play,5,0,541653,,,NP
sub,526911,Nolan Diaz,1,0,1
play,5,0,541653,,,K
play,5,0,595281,,,D7/L,63.25,126.51
play,5,0,571711,,,S9/F.2-H,169.68,114.46
play,5,0,581660,,,SB2
play,5,0,581660,,,7/F,75.30,127.51
play,5,0,572853,,,7/F,64.26,129.52
play,5,1,595351,,,K
play,5,1,542546,,,13/G,128.51,195.78
play,5,1,500726,,,53/G,100.40,180.72
play,6,0,517028,,,S7/G,78.31,132.53
play,6,0,553889,,,FC6/G.1X2(6);B-1,111.45,169.68
play,6,0,596313,,,CS2
play,6,0,596313,,,4/P,99.40,186.75
play,6,1,462088,,,43/G,137.55,174.70
play,6,1,515055,,,7/F,94.38,113.45
play,6,1,517539,,,K
play,7,0,572874,,,43/G,144.58,172.69
play,7,0,541653,,,7/F,79.32,132.53
play,7,0,595281,,,3/G,154.62,179.72
play,7,1,500716,,,NP
sub,517014,Victor Mateo,0,0,1
play,7,1,500716,,,63/G,112.45,169.68
play,7,1,573095,,,K
play,7,1,518466,,,K
play,8,0,571711,,,NP
sub,594842,Tim Griffin,1,0,1
play,8,0,571711,,,3/P,150.60,185.74
play,8,0,581660,,,K
play,8,0,572853,,,4/P,138.55,173.69
play,8,1,595351,,,NP
sub,595143,Matt Browning,1,8,11
play,8,1,595143,,,E6/TH.B-2,110.44,170.68
play,8,1,542546,,,SH.2-H;B-3,128.51,192.77
play,8,1,500726,,,13/G,124.50,188.76
play,8,1,462088,,,W
play,8,1,515055,,,FC6/G.1X2(64);3-H;B-1,107.43,166.67
play,8,1,517539,,,SB2.1-H(E8/TH)
play,8,1,517539,,,9/F,57.51,121.75
play,9,0,517028,,,NP
sub,595143,Matt Browning,1,8,3
play,9,0,517028,,,3/P,145.58,166.67
play,9,0,553889,,,7/F,74.30,123.49
play,9,0,596313,,,K
id,PulAPP201008080
info,visteam,BriAPP
info,hometeam,PulAPP
info,date,2010/08/08
start,543388,Jordan Keegan,0,1,7
start,596881,Qualon Millender,0,2,8
start,594895,Drew Lee,0,3,4
start,506999,John Spatola,0,4,9
start,542941,Daniel Black,0,5,3
start,500875,Jeffer Patino,0,6,5
start,572794,Robert Cummings,0,7,10
start,594948,Sean O'Connell,0,8,2
start,595033,Ethan Wilson,0,9,6
start,571547,Jarrett Casey,0,0,1
start,500726,Mario Yepez,1,1,8
start,573095,Derek Poppert,1,2,7
start,515055,Jose Rivero,1,3,9
start,517539,Ramon Morla,1,4,5
start,500716,Jorge Agudelo,1,5,4
start,571708,Andrew Giobbi,1,6,10
start,500719,Larry Gonzalez,1,7,2
start,595400,Jake Schlander,1,8,6
start,595351,Ethan Paquette,1,9,3
start,595138,Timothy Boyce,1,0,1
play,1,0,543388,,,7/F,68.27,93.37
play,1,0,596881,,,K
play,1,0,594895,,,43/G,151.61,150.60
play,1,1,500726,,,6/L,115.46,151.61
play,1,1,573095,,,HR/F,53.21,62.25
play,1,1,515055,,,K
play,1,1,517539,,,9/F,170.68,105.42
play,2,0,506999,,,K
play,2,0,542941,,,S9/L,193.78,89.36
play,2,0,500875,,,K
play,2,0,572794,,,K
play,2,1,500716,,,K23
play,2,1,571708,,,S7/F,81.33,106.43
play,2,1,500719,,,64(1)3/GDP/G6,118.47,152.61
play,3,0,594948,,,9/F,157.63,91.37
play,3,0,595033,,,53/G,94.38,165.66
play,3,0,543388,,,K23
play,3,1,595400,,,53/G,103.41,167.67
play,3,1,595351,,,8/F,107.43,60.24
play,3,1,500726,,,DGR/F89,153.61,72.29
play,3,1,573095,,,W
play,3,1,515055,,,K
play,4,0,596881,,,6/P,114.46,144.58
play,4,0,594895,,,S9/G,176.71,97.39
play,4,0,506999,,,K+SB2
play,4,0,542941,,,S8/G.2-H,118.47,86.35
play,4,0,500875,,,K
play,4,1,517539,,,E5/TH,98.39,172.69
play,4,1,500716,,,S4/BG.1-2,137.55,152.61
play,4,1,571708,,,13/SH.1-2;2-3,113.45,188.76
play,4,1,500719,,,W
play,4,1,595400,,,S7/L.1-2;2-3;3-H,74.30,101.41
play,4,1,595351,,,HR/F.1-H;2-H;3-H,204.82,55.22
play,4,1,500726,,,53/G,105.42,171.69
play,4,1,573095,,,4/L,136.55,154.62
play,5,0,572794,,,K
play,5,0,594948,,,K
play,5,0,595033,,,K
play,5,1,515055,,,NP
sub,562366,Richard Marshall,0,0,1
play,5,1,515055,,,S7/G,91.37,87.35
play,5,1,517539,,,S9/L.1-3,167.67,86.35
play,5,1,500716,,,WP.1-2;3-H
play,5,1,500716,,,WP.2-3
play,5,1,500716,,,W.3XH(21)
play,5,1,571708,,,WP.1-2
play,5,1,571708,,,9/FF.2-3,211.85,137.55
play,5,1,500719,,,7/F,90.36,115.46
play,6,0,543388,,,K
play,6,0,596881,,,5/PF,93.37,190.76
play,6,0,594895,,,K
play,6,1,595400,,,31/G,146.59,166.67
play,6,1,595351,,,K
play,6,1,500726,,,53/G,105.42,168.67
play,7,0,506999,,,31/G,153.61,168.67
play,7,0,542941,,,5/P,102.41,171.69
play,7,0,500875,,,7/F,86.35,97.39
play,7,1,573095,,,HP
play,7,1,515055,,,S9/L.1-2,161.65,100.40
play,7,1,517539,,,FC6/G.1X2(64);2-3;B-1,108.43,151.61
play,7,1,500716,,,FC6/G.1X2(64);3-H;B-1,106.43,151.61
play,7,1,571708,,,53/G,103.41,177.71
play,8,0,572794,,,NP
sub,597054,Lance Abbott,1,0,1
play,8,0,572794,,,D7/G,54.22,106.43
play,8,0,594948,,,63/G,120.48,151.61
play,8,0,595033,,,3/P,149.60,169.68
play,8,0,543388,,,3/G,144.58,175.70
play,8,1,500719,,,NP
sub,598384,Spencer Shelton,0,0,1
play,8,1,500719,,,6/P,116.47,153.61
play,8,1,595400,,,63/G,121.49,151.61
play,8,1,595351,,,4/L,146.59,147.59
play,9,0,596881,,,W
play,9,0,594895,,,E3.1-2,163.65,174.70
play,9,0,506999,,,3/G.1-2;2-3,139.56,172.69
play,9,0,542941,,,K
play,9,0,500875,,,3/G,153.61,162.65
id,PulAPP201008120
info,visteam,PriAPP
info,hometeam,PulAPP
info,date,2010/08/12
start,595281,Kevin Kiermaier,0,1,10
start,571711,Todd Glaesmann,0,2,8
start,581660,Scott Lawson,0,3,5
start,572853,Bryan Fogle,0,4,7
start,517028,Cesar Guillen,0,5,9
start,553889,Hector Guevara,0,6,4
start,545349,Jeff Malm,0,7,3
start,517021,Gerardo Olivares,0,8,2
start,596335,Brian Harris,0,9,6
start,542311,Eliazer Suero,0,0,1
start,500726,Mario Yepez,1,1,8
start,462088,Jetsy Extrano,1,2,10
start,515055,Jose Rivero,1,3,7
start,517539,Ramon Morla,1,4,5
start,500716,Jorge Agudelo,1,5,4
start,595143,Matt Browning,1,6,3
start,518466,Jabari Blash,1,7,9
start,500719,Larry Gonzalez,1,8,2
start,595400,Jake Schlander,1,9,6
start,518898,Stephen Kohlscheen,1,0,1
play,1,0,595281,,,T8/L,131.53,80.32
play,1,0,571711,,,FC5.3XH(52),109.44,181.73
play,1,0,581660,,,W.1-2
play,1,0,572853,,,W.1-2;2-3
play,1,0,517028,,,W.1-2;2-3;3-H
play,1,0,553889,,,K
play,1,0,545349,,,9/F,188.76,123.49
play,1,1,500726,,,W
play,1,1,462088,,,K
play,1,1,515055,,,BK.1-2
play,1,1,515055,,,WP.2-3
play,1,1,515055,,,53/G.3-H,108.43,179.72
play,1,1,517539,,,7/F,48.19,108.43
play,2,0,517021,,,S7/G,78.31,149.60
play,2,0,596335,,,6(1)3/G6/GDP,114.46,163.65
play,2,0,595281,,,S9/G,177.71,134.54
play,2,0,571711,,,K
play,2,1,500716,,,4/L,136.55,166.67
play,2,1,595143,,,S1/G.B-3(E1/TH),113.45,197.79
play,2,1,518466,,,K
play,2,1,500719,,,K
play,3,0,581660,,,4/P,134.54,164.66
play,3,0,572853,,,K
play,3,0,517028,,,S8/F,142.57,95.38
play,3,0,553889,,,S5/G.1-2,108.43,187.75
play,3,0,545349,,,FC4/G.1X2(46),140.56,170.68
play,3,1,595400,,,S9/F,167.67,148.59
play,3,1,500726,,,13/SH.1-2,122.49,192.77
play,3,1,462088,,,53/G,100.40,184.74
play,3,1,515055,,,K
play,4,0,517021,,,K
play,4,0,596335,,,8/F,136.55,78.31
play,4,0,595281,,,K
play,4,1,517539,,,K
play,4,1,500716,,,4/P,139.56,169.68
play,4,1,595143,,,S8/G,131.53,108.43
play,4,1,518466,,,CS2
play,5,0,571711,,,K
play,5,0,581660,,,13/G,121.49,187.75
play,5,0,572853,,,S8/L,126.51,113.45
play,5,0,517028,,,S8/G.1-2,115.46,105.42
play,5,0,553889,,,FC5/G.1X2(54),101.41,182.73
play,5,1,518466,,,HR/L,173.69,34.14
play,5,1,500719,,,6/P,108.43,160.64
play,5,1,595400,,,63/G,111.45,161.65
play,5,1,500726,,,S7/L,59.24,140.56
play,5,1,462088,,,K
play,6,0,545349,,,NP
sub,526911,Nolan Diaz,1,0,1
play,6,0,545349,,,31/G,151.61,171.69
play,6,0,517021,,,S8/G,133.53,103.41
play,6,0,596335,,,46(1)3/GDP/G4,151.61,164.66
play,6,1,515055,,,NP
sub,595263,Mickey Jannis,0,0,1
play,6,1,515055,,,31/G,144.58,173.69
play,6,1,517539,,,D9/L,180.72,133.53
play,6,1,500716,,,K
play,6,1,595143,,,D9/L.2-H,203.82,119.48
play,6,1,518466,,,63/G,106.43,164.66
play,7,0,595281,,,K
play,7,0,571711,,,S7/L,64.26,120.48
play,7,0,581660,,,K
play,7,0,572853,,,CS2
play,7,1,500719,,,HP
play,7,1,595400,,,S8/G.1-2,128.51,103.41
play,7,1,500726,,,E1/TH.1-2;2-3,120.48,188.76
play,7,1,462088,,,T9/L.1-H;2-H;3-H,202.81,113.45
play,7,1,515055,,,K23
play,7,1,517539,,,S5/G,110.44,191.77
play,7,1,500716,,,8/F,141.57,67.27
play,7,1,595143,,,WP.1-2
play,7,1,595143,,,HR/F.2-H;3-H,25.10,71.29
play,7,1,518466,,,D7/L,58.23,127.51
play,7,1,500719,,,S9/L.2-H,172.69,138.55
play,7,1,595400,,,K
play,8,0,572853,,,63/G,107.43,163.65
play,8,0,517028,,,63/G,109.44,164.66
play,8,0,553889,,,NP
sub,541653,Felix Gonzalez,0,6,11
play,8,0,541653,,,7/F,62.25,108.43
play,8,1,500726,,,NP
sub,501675,Ruben Contreras,0,2,8
play,8,1,462088,,,NP
sub,572874,Geno Glynn,0,3,5
play,8,1,515055,,,NP
sub,541653,Felix Gonzalez,0,6,4
play,8,1,517539,,,NP
sub,596334,Zane Williams,0,8,2
play,8,1,500716,,,NP
sub,596332,Garret Carruth,0,0,1
play,8,1,500726,,,13/G,125.50,189.76
play,8,1,462088,,,NP
sub,595351,Ethan Paquette,1,2,11
play,8,1,595351,,,D8/F,122.49,82.33
play,8,1,515055,,,NP
sub,573095,Derek Poppert,1,3,11
play,8,1,573095,,,63/G,101.41,161.65
play,8,1,517539,,,S8/G.2-H,118.47,105.42
play,8,1,500716,,,FC6/G.1X2(64),103.41,161.65
play,9,0,placeholder,,,NP
sub,595351,Ethan Paquette,1,2,10
play,9,0,placeholder,,,NP
sub,573095,Derek Poppert,1,3,7
play,9,0,545349,,,3/G,148.59,174.70
play,9,0,596334,,,K
play,9,0,596335,,,8/F,116.47,73.29
id,PulAPP201008130
info,visteam,PriAPP
info,hometeam,PulAPP
info,date,2010/08/13
start,517028,Cesar Guillen,0,1,10
start,571711,Todd Glaesmann,0,2,9
start,581660,Scott Lawson,0,3,5
start,572853,Bryan Fogle,0,4,7
start,501675,Ruben Contreras,0,5,8
start,541660,Alejandro Segovia,0,6,2
start,545349,Jeff Malm,0,7,3
start,541653,Felix Gonzalez,0,8,6
start,596335,Brian Harris,0,9,4
start,571479,Andrew Bellatti,0,0,1
start,500726,Mario Yepez,1,1,8
start,462088,Jetsy Extrano,1,2,6
start,515055,Jose Rivero,1,3,7
start,517539,Ramon Morla,1,4,10
start,500716,Jorge Agudelo,1,5,5
start,595143,Matt Browning,1,6,3
start,518466,Jabari Blash,1,7,9
start,571708,Andrew Giobbi,1,8,2
start,573095,Derek Poppert,1,9,4
start,595138,Timothy Boyce,1,0,1
play,1,0,517028,,,K
play,1,0,571711,,,K
play,1,0,581660,,,43/G,154.62,169.68
play,1,1,500726,,,3/G,151.61,183.73
play,1,1,462088,,,63/G,102.41,172.69
play,1,1,515055,,,HR/F,207.83,57.23
play,1,1,517539,,,K
play,2,0,572853,,,63/G,121.49,164.66
play,2,0,501675,,,K
play,2,0,541660,,,6/P,94.38,153.61
play,2,1,500716,,,D7/L,52.21,105.42
play,2,1,595143,,,3/G.2-3,146.59,172.69
play,2,1,518466,,,8/SF.3-H,134.54,73.29
play,2,1,571708,,,53/G,109.44,179.72
play,3,0,545349,,,63/G,115.46,178.71
play,3,0,541653,,,3/G,149.60,182.73
play,3,0,596335,,,4/P,234.94,241.97
play,3,1,573095,,,S8/G,114.46,116.47
play,3,1,500726,,,S3/BG.1-2,135.54,187.75
play,3,1,462088,,,K
play,3,1,515055,,,SB3;SB2
play,3,1,515055,,,S7/G.2-H;3-H;B-2,85.34,113.45
play,3,1,517539,,,CS3
play,3,1,517539,,,K
play,4,0,517028,,,K
play,4,0,571711,,,D8/L,98.39,64.26
play,4,0,581660,,,S9/L.2-H;B-2,163.65,118.47
play,4,0,572853,,,W
play,4,0,501675,,,4/P,147.59,148.59
play,4,0,541660,,,K
play,4,1,500716,,,6/L,100.40,174.70
play,4,1,595143,,,143/G1,136.55,182.73
play,4,1,518466,,,W
play,4,1,571708,,,CS2
play,5,0,545349,,,S9/G,167.67,134.54
play,5,0,541653,,,W.1-2
play,5,0,596335,,,15/SH.1-2;2-3,124.50,189.76
play,5,0,517028,,,7/SF.3-H,44.18,106.43
play,5,0,571711,,,53/G,112.45,175.70
play,5,1,571708,,,4/P,139.56,179.72
play,5,1,573095,,,63/G,114.46,163.65
play,5,1,500726,,,8/F,115.46,83.33
play,6,0,581660,,,43/G,145.58,167.67
play,6,0,572853,,,8/F,140.56,78.31
play,6,0,501675,,,S8/G,125.50,106.43
play,6,0,541660,,,8/F,121.49,65.26
play,6,1,462088,,,K
play,6,1,515055,,,5/PF,83.33,185.74
play,6,1,517539,,,8/F,158.63,90.36
play,7,0,545349,,,NP
sub,570798,Richard Vargas,1,0,1
play,7,0,545349,,,43/G,145.58,170.68
play,7,0,541653,,,7/F,73.29,106.43
play,7,0,596335,,,63/G,124.50,181.73
play,7,1,500716,,,NP
sub,595371,Chris Rearick,0,0,1
play,7,1,500716,,,7/F,45.18,121.49
play,7,1,595143,,,63/G,100.40,172.69
play,7,1,518466,,,HP
play,7,1,571708,,,S9/G.1-3,169.68,123.49
play,7,1,573095,,,D7/L.1-3;3-H,38.15,111.45
play,7,1,500726,,,S9/G.2XH;3-H,183.73,126.51
play,8,0,517028,,,S7/L,63.25,114.46
play,8,0,571711,,,K
play,8,0,581660,,,5/PF,82.33,186.75
play,8,0,572853,,,BK.1-2
play,8,0,572853,,,63/G,110.44,180.72
play,8,1,462088,,,43/G,148.59,168.67
play,8,1,515055,,,S7/G,70.28,128.51
play,8,1,517539,,,S8/G.1-3;BX2(54),116.47,90.36
play,8,1,500716,,,63/G,105.42,166.67
play,9,0,501675,,,D9/F,193.78,105.42
play,9,0,541660,,,E5.2-3,103.41,164.66
play,9,0,545349,,,8/SF.3-H,122.49,80.32
play,9,0,541653,,,NP
sub,592827,Benjamin Versnik,1,0,1
play,9,0,541653,,,31/G.1-2,151.61,183.73
play,9,0,596335,,,NP
sub,595281,Kevin Kiermaier,0,9,11
play,9,0,595281,,,W
play,9,0,517028,,,HR/F.1-H;2-H,217.87,70.28
play,9,0,571711,,,S5/BG,110.44,182.73
play,9,0,581660,,,SB2;1-3(E2)(E2/TH)
play,9,0,581660,,,3/G,90.99,138.15
play,9,1,595143,,,NP
sub,553889,Hector Guevara,0,9,4
play,9,1,518466,,,NP
sub,548381,Shane Minks,0,0,1
play,9,1,595143,,,W
play,9,1,518466,,,K+PB.1-2
play,9,1,571708,,,53/G,108.43,184.74
play,9,1,573095,,,53/G,113.45,181.73
play,10,0,572853,,,NP
sub,542940,Matthew Bischoff,1,0,1
play,10,0,572853,,,K
play,10,0,501675,,,HR/L,217.87,75.30
play,10,0,541660,,,K
play,10,0,545349,,,63/G,103.41,173.69
play,10,1,500726,,,8/F,127.51,100.40
play,10,1,462088,,,E3/TH,152.61,170.68
play,10,1,515055,,,K
play,10,1,517539,,,FC6/G.1X2(64),103.41,174.70
id,PulAPP201008140
info,visteam,PriAPP
info,hometeam,PulAPP
info,date,2010/08/14
start,595281,Kevin Kiermaier,0,1,8
start,571711,Todd Glaesmann,0,2,10
start,581660,Scott Lawson,0,3,5
start,572853,Bryan Fogle,0,4,7
start,501675,Ruben Contreras,0,5,9
start,553889,Hector Guevara,0,6,4
start,596313,Kyle Holloway,0,7,2
start,572874,Geno Glynn,0,8,3
start,541653,Felix Gonzalez,0,9,6
start,517014,Victor Mateo,0,0,1
start,500726,Mario Yepez,1,1,8
start,573095,Derek Poppert,1,2,10
start,515055,Jose Rivero,1,3,7
start,517539,Ramon Morla,1,4,5
start,500716,Jorge Agudelo,1,5,4
start,595143,Matt Browning,1,6,3
start,518466,Jabari Blash,1,7,9
start,542546,Hassiel Jimenez,1,8,2
start,595400,Jake Schlander,1,9,6
start,598217,Michael Vitale,1,0,1
play,1,0,595281,,,S1/G,121.49,194.78
play,1,0,571711,,,S1/BG.1-2,122.49,198.80
play,1,0,581660,,,WP.1-3(E2/TH);2-H
play,1,0,581660,,,43/G.3-H,154.51,196.87
play,1,0,572853,,,7/F,48.19,92.37
play,1,0,501675,,,5/P,103.41,179.72
play,1,1,500726,,,8/F,116.47,89.36
play,1,1,573095,,,K
play,1,1,515055,,,9/F,180.72,124.50
play,2,0,553889,,,S8/G,124.50,99.40
play,2,0,596313,,,SB2
play,2,0,596313,,,D8/L.2-H,98.39,76.31
play,2,0,572874,,,43/G.2-3,141.57,165.66
play,2,0,541653,,,4/P,133.53,159.64
play,2,0,595281,,,W
play,2,0,571711,,,SB2
play,2,0,571711,,,9/F,180.72,117.47
play,2,1,517539,,,S7/G,65.26,127.51
play,2,1,500716,,,S7/G.1-2,78.31,124.50
play,2,1,595143,,,W.1-2;2-3
play,2,1,518466,,,K
play,2,1,542546,,,FC6/G.1X2(64);2-3;3-H;B-1,110.44,167.67
play,2,1,595400,,,WP.1-2
play,2,1,595400,,,K
play,3,0,581660,,,S1/BG,118.47,197.79
play,3,0,572853,,,SB2
play,3,0,572853,,,3/P,143.57,185.74
play,3,0,501675,,,8/F,120.48,108.43
play,3,0,553889,,,S8/G.2XH,126.51,109.44
play,3,1,500726,,,6/P,108.43,159.64
play,3,1,573095,,,W
play,3,1,515055,,,WP.1-2
play,3,1,515055,,,D7/L.2-H,46.18,113.45
play,3,1,517539,,,63/G.2-3,118.47,163.65
play,3,1,500716,,,9/F,176.71,101.41
play,4,0,596313,,,NP
sub,597055,Bryan Leigh,1,0,1
play,4,0,596313,,,53/G,102.41,178.71
play,4,0,572874,,,63/G,113.45,166.67
play,4,0,541653,,,K
play,4,1,595143,,,53/G,104.42,181.73
play,4,1,518466,,,K
play,4,1,542546,,,D7/F,50.20,98.39
play,4,1,595400,,,S8/G.2-H,125.50,101.41
play,4,1,500726,,,SB2
play,4,1,500726,,,8/F,120.48,80.32
play,5,0,595281,,,8/F,132.53,91.37
play,5,0,571711,,,K
play,5,0,581660,,,W
play,5,0,572853,,,3/PF,148.59,202.81
play,5,1,573095,,,53/G,104.42,181.73
play,5,1,515055,,,S7/F,88.35,103.41
play,5,1,517539,,,SB2
play,5,1,517539,,,9/F.2-3,173.69,113.45
play,5,1,500716,,,S8/F.3-H,160.64,95.38
play,5,1,595143,,,SB2
play,5,1,595143,,,HR/L.2-H,26.10,92.37
play,5,1,518466,,,NP
sub,572015,Jacob Partridge,0,0,1
play,5,1,518466,,,K
play,6,0,501675,,,HR/L,222.89,97.39
play,6,0,553889,,,53/G,105.42,179.72
play,6,0,596313,,,3/PF,144.58,203.82
play,6,0,572874,,,43/G,139.56,169.68
play,6,1,542546,,,7/F,76.31,115.46
play,6,1,595400,,,K
play,6,1,500726,,,8/F,127.51,85.34
play,7,0,541653,,,NP
sub,594842,Tim Griffin,1,0,1
play,7,0,541653,,,K
play,7,0,595281,,,4/L,140.56,168.67
play,7,0,571711,,,4/P,139.56,154.62
play,7,1,573095,,,S7/G,69.28,126.51
play,7,1,515055,,,SB2
play,7,1,515055,,,K
play,7,1,517539,,,HR/F.2-H,131.53,38.15
play,7,1,500716,,,S4/G,132.53,163.65
play,7,1,595143,,,46(1)3/GDP/G4,138.55,168.67
play,8,0,581660,,,HR/L,222.89,87.35
play,8,0,572853,,,53/G,104.42,181.73
play,8,0,501675,,,31/G,149.60,177.71
play,8,0,553889,,,S8/F,121.49,100.40
play,8,0,596313,,,K
play,8,1,518466,,,K
play,8,1,542546,,,6/L,116.47,168.67
play,8,1,595400,,,S9/G,178.71,122.49
play,8,1,500726,,,S9/G.1-2,176.71,119.48
play,8,1,573095,,,53/G,105.42,176.71
play,9,0,572874,,,S9/G,174.70,117.47
play,9,0,541653,,,8/F,138.55,98.39
play,9,0,595281,,,3/G.1-3(E3)(E3/TH),152.61,176.71
play,9,0,571711,,,K
id,PulAPP201008190
info,visteam,EliAPP
info,hometeam,PulAPP
info,date,2010/08/19
start,594849,Jamaal Hawkins,0,1,6
start,573121,Nate Roberts,0,2,7
start,542455,Oswaldo Arcia,0,3,8
start,592184,Brian Burke,0,4,3
start,543611,Daniel Ortiz,0,5,9
start,594896,Andy Leer,0,6,5
start,543650,Derrick Phillips,0,7,10
start,475774,Gunner Glad,0,8,4
start,571972,Buddy Munroe,0,9,2
start,543908,Blayne Weller,0,0,1
start,500726,Mario Yepez,1,1,8
start,462088,Jetsy Extrano,1,2,6
start,515055,Jose Rivero,1,3,7
start,517539,Ramon Morla,1,4,5
start,500716,Jorge Agudelo,1,5,10
start,595143,Matt Browning,1,6,3
start,518466,Jabari Blash,1,7,9
start,595400,Jake Schlander,1,8,4
start,542546,Hassiel Jimenez,1,9,2
start,500033,Jessie Nava,1,0,1
play,1,0,594849,,,K
play,1,0,573121,,,7/FF,30.12,164.66
play,1,0,542455,,,S9/L,161.65,137.55
play,1,0,592184,,,K
play,1,1,500726,,,S9/L,172.69,132.53
play,1,1,462088,,,WP.1-2
play,1,1,462088,,,W
play,1,1,515055,,,7/F,79.32,112.45
play,1,1,517539,,,K
play,1,1,500716,,,FC6/G.2X3(65),109.44,174.70
play,2,0,543611,,,W
play,2,0,594896,,,3/PF,188.76,194.78
play,2,0,543650,,,3/P,142.57,186.75
play,2,0,475774,,,BK.1-2
play,2,0,475774,,,HP
play,2,0,571972,,,4/L,149.60,171.69
play,2,1,595143,,,S8/G,105.42,124.50
play,2,1,518466,,,FC4/G.1X2(46);B-1,150.60,177.71
play,2,1,595400,,,S5/BG.1-2,107.43,178.71
play,2,1,542546,,,K
play,2,1,500726,,,S7/L.1-2;2-3,60.24,126.51
play,2,1,462088,,,E9.1XH(92);2-H;3-H,203.82,108.43
play,3,0,594849,,,63/G,115.46,167.67
play,3,0,573121,,,S8/F,101.41,135.54
play,3,0,542455,,,WP.1-2
play,3,0,542455,,,W
play,3,0,592184,,,S8/F.1-2;2-3,106.43,101.41
play,3,0,543611,,,5/P,119.48,181.73
play,3,0,594896,,,FC5/G.2X3(5),107.43,175.70
play,3,1,515055,,,7/F,58.23,113.45
play,3,1,517539,,,S6/G,102.41,164.66
play,3,1,500716,,,D7/G.1-3,65.26,137.55
play,3,1,595143,,,3/G.2-3;3-H,134.54,172.69
play,3,1,518466,,,8/F,101.41,92.37
play,4,0,543650,,,K
play,4,0,475774,,,7/F,95.38,116.47
play,4,0,571972,,,S8/G,108.43,112.45
play,4,0,594849,,,K
play,4,1,595400,,,S5/BG.B-2(E5/TH),103.41,180.72
play,4,1,542546,,,13/SH.2-3,118.47,196.79
play,4,1,500726,,,7/SF.3-H,50.20,113.45
play,4,1,462088,,,K
play,5,0,573121,,,W
play,5,0,542455,,,S7/L.1-2,68.27,136.55
play,5,0,592184,,,6(1)3/G6/GDP.2-3,114.46,176.71
play,5,0,543611,,,W
play,5,0,594896,,,K
play,5,1,515055,,,NP
sub,592324,Justin Gallant,0,0,1
play,5,1,515055,,,K
play,5,1,517539,,,K
play,5,1,500716,,,63/G,113.45,163.65
play,6,0,543650,,,HR/L,51.20,62.25
play,6,0,475774,,,9/F,189.76,115.46
play,6,0,571972,,,7/F,65.26,120.48
play,6,0,594849,,,63/G,124.50,166.67
play,6,1,595143,,,HR/F,29.12,53.21
play,6,1,518466,,,13/G,121.49,191.77
play,6,1,595400,,,HR/F,125.50,20.08
play,6,1,542546,,,7/F,47.19,122.49
play,6,1,500726,,,4/P,145.58,170.68
play,7,0,573121,,,NP
sub,585391,Preston Vancil,1,0,1
play,7,0,573121,,,K
play,7,0,542455,,,W
play,7,0,592184,,,8/F,115.46,93.37
play,7,0,543611,,,S9/L.1-2,183.73,138.55
play,7,0,594896,,,7/F,91.37,120.48
play,7,1,462088,,,NP
sub,542565,Adrian Salcedo,0,0,1
play,7,1,462088,,,7/F,75.30,122.49
play,7,1,515055,,,W
play,7,1,517539,,,WP.1-2
play,7,1,517539,,,63/G.2-3,122.49,168.67
play,7,1,500716,,,8/F,119.48,88.35
play,8,0,543650,,,K
play,8,0,475774,,,63/G,122.49,170.68
play,8,0,571972,,,HR/F,223.90,52.21
play,8,0,594849,,,K
play,8,1,595143,,,NP
sub,542561,Jose Gonzalez,0,0,1
play,8,1,595143,,,K
play,8,1,518466,,,S9/G,168.67,141.57
play,8,1,595400,,,4/P,148.59,170.68
play,8,1,542546,,,K
play,9,0,573121,,,NP
sub,597054,Lance Abbott,1,0,1
play,9,0,573121,,,S1/G,116.47,194.78
play,9,0,542455,,,K
play,9,0,592184,,,FC5/G.1X2(54);B-1,112.45,181.73
play,9,0,543611,,,8/F,120.48,116.47
id,PulAPP201008200
info,visteam,EliAPP
info,hometeam,PulAPP
info,date,2010/08/20
start,594849,Jamaal Hawkins,0,1,6
start,573121,Nate Roberts,0,2,7
start,542455,Oswaldo Arcia,0,3,8
start,592184,Brian Burke,0,4,3
start,543611,Daniel Ortiz,0,5,9
start,594896,Andy Leer,0,6,5
start,571861,Kyle Knudson,0,7,10
start,516612,Jhonatan Arias,0,8,2
start,572993,Nick Lockwood,0,9,4
start,516614,Manuel Soliman,0,0,1
start,500726,Mario Yepez,1,1,8
start,595400,Jake Schlander,1,2,6
start,515055,Jose Rivero,1,3,7
start,517539,Ramon Morla,1,4,5
start,500716,Jorge Agudelo,1,5,4
start,595143,Matt Browning,1,6,3
start,518466,Jabari Blash,1,7,9
start,571708,Andrew Giobbi,1,8,2
start,573095,Derek Poppert,1,9,10
start,570798,Richard Vargas,1,0,1
play,1,0,594849,,,K
play,1,0,573121,,,3/G,148.59,181.73
play,1,0,542455,,,7/F,52.21,112.45
play,1,1,500726,,,K
play,1,1,595400,,,W
play,1,1,515055,,,SB2
play,1,1,515055,,,K
play,1,1,517539,,,8/F,120.48,103.41
play,2,0,592184,,,43/G,138.55,167.67
play,2,0,543611,,,9/F,160.64,113.45
play,2,0,594896,,,K
play,2,1,500716,,,53/G,105.42,182.73
play,2,1,595143,,,4/P,139.56,172.69
play,2,1,518466,,,63/G,108.43,168.67
play,3,0,571861,,,W
play,3,0,516612,,,8/F,119.48,90.36
play,3,0,572993,,,FC6/G.1X2(64);B-2(E),103.41,163.65
play,3,0,594849,,,HP
play,3,0,573121,,,D7/L.1-H;2-H,62.25,132.53
play,3,0,542455,,,D8/L.2-H,118.47,91.37
play,3,0,592184,,,K
play,3,1,571708,,,53/G,105.42,176.71
play,3,1,573095,,,13/G,130.52,184.74
play,3,1,500726,,,63/G,118.47,178.71
play,4,0,543611,,,6/P,110.44,173.69
play,4,0,594896,,,8/F,115.46,102.41
play,4,0,571861,,,K
play,4,1,595400,,,63/G,111.45,179.72
play,4,1,515055,,,K
play,4,1,517539,,,HP
play,4,1,500716,,,K23
play,5,0,516612,,,S7/F,86.35,123.49
play,5,0,572993,,,54(1)3/GDP/G5,102.41,182.73
play,5,0,594849,,,W
play,5,0,573121,,,NP
sub,595280,Ryan Kiel,1,0,1
play,5,0,573121,,,13/G,122.49,189.76
play,5,1,595143,,,7/F,66.27,115.46
play,5,1,518466,,,K
play,5,1,571708,,,3/P,141.57,182.73
play,6,0,542455,,,S7/F,71.29,120.48
play,6,0,592184,,,CS2
play,6,0,592184,,,31/G,145.58,175.70
play,6,0,543611,,,63/G,109.44,170.68
play,6,1,573095,,,8/F,113.45,104.42
play,6,1,500726,,,E4,136.55,177.71
play,6,1,595400,,,7/F,70.28,130.52
play,6,1,515055,,,8/F,124.50,85.34
play,7,0,594896,,,K
play,7,0,571861,,,9/F,179.72,111.45
play,7,0,516612,,,3/PF,156.63,195.78
play,7,1,517539,,,HR/L,106.43,26.10
play,7,1,500716,,,W
play,7,1,595143,,,PO1(23)
play,7,1,595143,,,S7/G,75.30,126.51
play,7,1,518466,,,NP
sub,542565,Adrian Salcedo,0,0,1
play,7,1,518466,,,S9/L.1-3,149.60,99.40
play,7,1,571708,,,WP.1-3(E2)(E2/TH);3-H
play,7,1,571708,,,D7/G.3-H,57.51,127.79
play,7,1,573095,,,FC1.2X3(156);B-2,123.49,188.76
play,7,1,500726,,,K
play,8,0,572993,,,S9/G,168.67,131.53
play,8,0,594849,,,NP
sub,542940,Matthew Bischoff,1,0,1
play,8,0,594849,,,K
play,8,0,573121,,,W.1-2
play,8,0,542455,,,S8/F.1-2;2-3,150.60,84.34
play,8,0,592184,,,K
play,8,0,543611,,,6/P,110.44,164.66
play,8,1,595400,,,W
play,8,1,515055,,,54(1)3/GDP/G5,101.41,184.74
play,8,1,517539,,,8/F,138.55,97.39
play,9,0,594896,,,E5/TH,108.43,182.73
play,9,0,571861,,,K
play,9,0,516612,,,7/F,83.33,126.51
play,9,0,572993,,,WP.1-2
play,9,0,572993,,,WP.2-3
play,9,0,572993,,,K
play,9,1,500716,,,NP
sub,543859,Michael Tonkin,0,0,1
play,9,1,500716,,,63/G,113.45,177.71
play,9,1,595143,,,K
play,9,1,518466,,,K
play,10,0,594849,,,9/F,203.82,114.46
play,10,0,573121,,,S9/G,192.77,115.46
play,10,0,542455,,,WP.1-2
play,10,0,542455,,,K
play,10,0,592184,,,S8/G.2-H,113.45,106.43
play,10,0,543611,,,NP
sub,597055,Bryan Leigh,1,0,1
play,10,0,543611,,,HR/F.1-H,221.89,80.32
play,10,0,594896,,,63/G,119.48,180.72
play,10,1,571708,,,K
play,10,1,573095,,,43/G,139.56,171.69
play,10,1,500726,,,D9/L,183.73,114.46
play,10,1,595400,,,E4.2-H,140.56,169.68
play,10,1,515055,,,53/G,108.43,186.75
id,PulAPP201008210
info,visteam,EliAPP
info,hometeam,PulAPP
info,date,2010/08/21
start,594849,Jamaal Hawkins,0,1,6
start,573121,Nate Roberts,0,2,10
start,542455,Oswaldo Arcia,0,3,9
start,592184,Brian Burke,0,4,3
start,543611,Daniel Ortiz,0,5,7
start,594896,Andy Leer,0,6,5
start,571861,Kyle Knudson,0,7,2
start,475774,Gunner Glad,0,8,4
start,594854,Brandon Henderson,0,9,8
start,534737,Pat Dean,0,0,1
start,500726,Mario Yepez,1,1,8
start,462088,Jetsy Extrano,1,2,6
start,517539,Ramon Morla,1,3,10
start,500716,Jorge Agudelo,1,4,5
start,595351,Ethan Paquette,1,5,3
start,595400,Jake Schlander,1,6,4
start,518466,Jabari Blash,1,7,9
start,500719,Larry Gonzalez,1,8,2
start,573095,Derek Poppert,1,9,7
start,518898,Stephen Kohlscheen,1,0,1
play,1,0,594849,,,K
play,1,0,573121,,,K
play,1,0,542455,,,S9/G,150.60,146.59
play,1,0,592184,,,43/G,132.53,173.69
play,1,1,500726,,,S9/G,163.65,121.49
play,1,1,462088,,,3/SH.1-2,139.56,181.73
play,1,1,517539,,,K
play,1,1,500716,,,S7/G.2-H;BX2(724),92.37,130.52
play,2,0,543611,,,8/F,115.46,107.43
play,2,0,594896,,,D9/L,177.71,146.59
play,2,0,571861,,,K
play,2,0,475774,,,S8/F.2-H,136.55,85.34
play,2,0,594854,,,K
play,2,1,595351,,,K
play,2,1,595400,,,S8/L,130.52,102.41
play,2,1,518466,,,K
play,2,1,500719,,,2/PF,139.56,217.87
play,3,0,594849,,,3/PF,162.65,185.74
play,3,0,573121,,,43/G,143.57,180.72
play,3,0,542455,,,S7/L,78.31,124.50
play,3,0,592184,,,K
play,3,1,573095,,,53/G,104.42,180.72
play,3,1,500726,,,K
play,3,1,462088,,,K
play,4,0,543611,,,9/F,169.68,120.48
play,4,0,594896,,,S8/L,127.51,65.26
play,4,0,571861,,,3/PF,152.61,197.79
play,4,0,475774,,,4/P,144.58,171.69
play,4,1,517539,,,D7/L,88.35,91.37
play,4,1,500716,,,43/G.2-3,135.54,164.66
play,4,1,595351,,,K
play,4,1,595400,,,K
play,5,0,594854,,,9/F,169.68,121.49
play,5,0,594849,,,3/PF,159.64,189.76
play,5,0,573121,,,S8/G,117.47,95.38
play,5,0,542455,,,5/L,107.43,187.75
play,5,1,518466,,,9/F,180.72,132.53
play,5,1,500719,,,K
play,5,1,573095,,,63/G,110.44,162.65
play,6,0,592184,,,S9/L,177.71,120.48
play,6,0,543611,,,6/P,115.46,160.64
play,6,0,594896,,,K
play,6,0,571861,,,K
play,6,1,500726,,,K
play,6,1,462088,,,K
play,6,1,517539,,,K
play,7,0,475774,,,NP
sub,526911,Nolan Diaz,1,0,1
play,7,0,475774,,,63/G,106.43,164.66
play,7,0,594854,,,K
play,7,0,594849,,,K
play,7,1,500716,,,E6,99.40,168.67
play,7,1,595351,,,K+SB2
play,7,1,595400,,,S8/L.2-H,93.37,78.31
play,7,1,518466,,,S9/L.1-3,180.72,121.49
play,7,1,500719,,,SH.1-2;3-H;B-1,126.51,192.77
play,7,1,573095,,,NP
sub,542561,Jose Gonzalez,0,0,1
play,7,1,573095,,,13/G.1-2;2-3,124.50,187.75
play,7,1,500726,,,D7/L.2-H;3-H,84.34,131.53
play,7,1,462088,,,W
play,7,1,517539,,,K
play,8,0,573121,,,S8/L,105.42,91.37
play,8,0,542455,,,K
play,8,0,592184,,,WP.1-2
play,8,0,592184,,,S9/G.2-3,182.73,113.45
play,8,0,543611,,,8/SF.3-H,108.43,100.40
play,8,0,594896,,,53/G,104.42,185.74
play,8,1,500716,,,K
play,8,1,595351,,,K
play,8,1,595400,,,3/P,140.56,184.74
play,9,0,571861,,,K23
play,9,0,475774,,,K
play,9,0,594854,,,S6/G,106.43,175.70
play,9,0,594849,,,53/G,98.39,187.75
id,PulAPP201008220
info,visteam,BurAPP
info,hometeam,PulAPP
info,date,2010/08/22
start,542371,Luis Piterson,0,1,4
start,594900,Michael Liberto,0,2,6
start,573183,Ryan Stovall,0,3,5
start,571461,Geoffrey Baldwin,0,4,3
start,524188,Yunior Figueroa,0,5,10
start,543454,Alex Llanos,0,6,8
start,573001,Gabe MacDougall,0,7,7
start,595379,Drew Robertson,0,8,2
start,519214,Derek Rodriguez,0,9,9
start,572965,Jonathon Keck,0,0,1
start,462088,Jetsy Extrano,1,1,5
start,595400,Jake Schlander,1,2,6
start,517539,Ramon Morla,1,3,10
start,500716,Jorge Agudelo,1,4,4
start,515055,Jose Rivero,1,5,8
start,595143,Matt Browning,1,6,3
start,518466,Jabari Blash,1,7,9
start,500719,Larry Gonzalez,1,8,2
start,573095,Derek Poppert,1,9,7
start,595138,Timothy Boyce,1,0,1
play,1,0,542371,,,8/F,123.49,76.31
play,1,0,594900,,,53/G,108.43,169.68
play,1,0,573183,,,63/G,108.43,150.60
play,1,1,462088,,,31/G,160.64,168.67
play,1,1,595400,,,K
play,1,1,517539,,,1/G,129.52,181.73
play,2,0,571461,,,K
play,2,0,524188,,,3/G,148.59,162.65
play,2,0,543454,,,63/G,105.42,145.58
play,2,1,500716,,,53/G,100.40,178.71
play,2,1,515055,,,W
play,2,1,595143,,,PB.1-2
play,2,1,595143,,,PB.2-3
play,2,1,595143,,,HR/F.3-H,62.25,43.17
play,2,1,518466,,,W
play,2,1,500719,,,S8/L.1-2,103.41,73.29
play,2,1,573095,,,K
play,2,1,462088,,,FC6/G.1X2(64),112.45,167.67
play,3,0,573001,,,K23
play,3,0,595379,,,9/L,181.73,93.37
play,3,0,519214,,,K
play,3,1,595400,,,E5/TH.B-2,103.41,176.71
play,3,1,517539,,,PB.2-3
play,3,1,517539,,,W
play,3,1,500716,,,W.1-2
play,3,1,515055,,,T8/L.1-H;2-H;3-H,102.41,56.22
play,3,1,595143,,,S8/L.3-H,98.39,60.24
play,3,1,518466,,,NP
sub,502719,J. Leaper,0,0,1
play,3,1,518466,,,S9/G.1-2,161.65,90.36
play,3,1,500719,,,E6.1-2;2-3,117.47,149.60
play,3,1,573095,,,FC6/G.1X2(64);2-H;3-H;B-1(E),115.46,158.63
play,3,1,462088,,,S7/F.1-2,76.31,108.43
play,3,1,595400,,,23/G.1-2;2-3,121.49,193.78
play,3,1,517539,,,8/F,108.43,86.35
play,4,0,542371,,,13/G,124.50,186.75
play,4,0,594900,,,9/F,164.66,81.33
play,4,0,573183,,,S7/G,78.31,91.37
play,4,0,571461,,,K
play,4,1,500716,,,HR/L,126.51,39.16
play,4,1,515055,,,K
play,4,1,595143,,,D8/F,119.48,60.24
play,4,1,518466,,,HR/L.2-H,219.88,57.23
play,4,1,500719,,,7/F,62.25,91.37
play,4,1,573095,,,D7/L,46.18,106.43
play,4,1,462088,,,7/F,58.23,107.43
play,5,0,524188,,,NP
sub,595351,Ethan Paquette,1,6,3
play,5,0,524188,,,3/G,150.60,171.69
play,5,0,543454,,,K
play,5,0,573001,,,7/F,68.27,102.41
play,5,1,595400,,,NP
sub,592540,Justin Mazur,0,0,1
play,5,1,595400,,,9/F,167.67,88.35
play,5,1,517539,,,HR/F,182.73,39.16
play,5,1,500716,,,K
play,5,1,515055,,,9/F,178.71,89.36
play,6,0,595379,,,NP
sub,592827,Benjamin Versnik,1,0,1
play,6,0,595379,,,9/FF,210.84,153.61
play,6,0,519214,,,K
play,6,0,542371,,,53/G,101.41,174.70
play,6,1,595351,,,S8/L,114.46,63.25
play,6,1,518466,,,HP.1-2
play,6,1,500719,,,8/F,140.56,83.33
play,6,1,573095,,,5(2)3/G5/GDP,105.42,169.68
play,7,0,594900,,,K
play,7,0,573183,,,K
play,7,0,571461,,,53/G,112.45,168.67
play,7,1,462088,,,53/G,105.42,168.67
play,7,1,595400,,,3/P,152.61,175.70
play,7,1,517539,,,NP
sub,571708,Andrew Giobbi,1,3,11
play,7,1,571708,,,S8/G,106.43,90.36
play,7,1,500716,,,K
play,8,0,524188,,,NP
sub,571708,Andrew Giobbi,1,3,10
play,8,0,543454,,,NP
sub,544731,Yao Wen Chang,1,0,1
play,8,0,524188,,,9/F,173.69,91.37
play,8,0,543454,,,K
play,8,0,573001,,,D9/L,171.69,94.38
play,8,0,595379,,,K
play,8,1,515055,,,NP
sub,572708,Claudio Bavera,0,0,1
play,8,1,515055,,,7/F,58.23,96.39
play,8,1,595351,,,8/F,150.60,68.27
play,8,1,518466,,,K
play,9,0,519214,,,63/G,117.47,149.60
play,9,0,542371,,,K
play,9,0,594900,,,HP
play,9,0,573183,,,FC6/G.1X2(64),115.46,159.64
id,PulAPP201008230
info,visteam,BurAPP
info,hometeam,PulAPP
info,date,2010/08/23
start,542371,Luis Piterson,0,1,4
start,594900,Michael Liberto,0,2,6
start,573001,Gabe MacDougall,0,3,7
start,596306,Ryan Jenkins,0,4,2
start,571461,Geoffrey Baldwin,0,5,3
start,524188,Yunior Figueroa,0,6,5
start,572935,Anthony Howard,0,7,9
start,542503,Edul Escobar,0,8,10
start,519214,Derek Rodriguez,0,9,8
start,534508,Willian Avinazar,0,0,1
start,500726,Mario Yepez,1,1,8
start,595400,Jake Schlander,1,2,6
start,462088,Jetsy Extrano,1,3,5
start,571708,Andrew Giobbi,1,4,10
start,515055,Jose Rivero,1,5,7
start,595351,Ethan Paquette,1,6,3
start,518466,Jabari Blash,1,7,9
start,542546,Hassiel Jimenez,1,8,2
start,573095,Derek Poppert,1,9,4
start,570884,George Mieses,1,0,1
play,1,0,542371,,,D7/G,80.32,157.63
play,1,0,594900,,,43/G.2-3,135.54,168.67
play,1,0,573001,,,WP.3-H
play,1,0,573001,,,K
play,1,0,596306,,,K
play,1,1,500726,,,8/F,131.53,105.42
play,1,1,595400,,,K
play,1,1,462088,,,K
play,2,0,571461,,,K
play,2,0,524188,,,K
play,2,0,572935,,,2/PF,126.51,225.90
play,2,1,571708,,,K
play,2,1,515055,,,53/G,107.43,185.74
play,2,1,595351,,,S8/L,127.51,137.55
play,2,1,518466,,,9/F,187.75,136.55
play,3,0,542503,,,S8/L,122.49,128.51
play,3,0,519214,,,FC1/B.1X2(16);B-1,130.52,200.80
play,3,0,542371,,,BK.1-2
play,3,0,542371,,,6/L,118.47,165.66
play,3,0,594900,,,S1/G.2-H,127.51,171.69
play,3,0,573001,,,S4/P.1-3,150.60,155.62
play,3,0,596306,,,8/F,111.45,113.45
play,3,1,542546,,,K
play,3,1,573095,,,8/F,120.48,119.48
play,3,1,500726,,,S7/G,84.34,144.58
play,3,1,595400,,,K
play,4,0,571461,,,43/G,129.52,168.67
play,4,0,524188,,,K
play,4,0,572935,,,W
play,4,0,542503,,,D9/L.1-3,181.73,154.62
play,4,0,519214,,,4/L,135.54,168.67
play,4,1,462088,,,5/L,110.44,187.75
play,4,1,571708,,,K
play,4,1,515055,,,53/G,104.42,181.73
play,5,0,542371,,,63/G,115.46,170.68
play,5,0,594900,,,HP
play,5,0,573001,,,63/G.1-2,114.46,170.68
play,5,0,596306,,,K
play,5,1,595351,,,S7/G,88.35,137.55
play,5,1,518466,,,8/F,128.51,108.43
play,5,1,542546,,,SB2
play,5,1,542546,,,K
play,5,1,573095,,,S5/BG.2-3,104.42,181.73
play,5,1,500726,,,SB2
play,5,1,500726,,,K
play,6,0,571461,,,NP
sub,594842,Tim Griffin,1,0,1
play,6,0,571461,,,K
play,6,0,524188,,,3/G,141.57,188.76
play,6,0,572935,,,K
play,6,1,595400,,,S6/G,116.47,164.66
play,6,1,462088,,,64(1)3/GDP/G6,116.47,169.68
play,6,1,571708,,,K
play,7,0,542503,,,HP
play,7,0,519214,,,5(B)53(1)/LDP,108.43,183.73
play,7,0,542371,,,S7/L,84.34,146.59
play,7,0,594900,,,FC6/G.1X2(6),115.46,167.67
play,7,1,515055,,,63/G,116.47,172.69
play,7,1,595351,,,S8/L,122.49,126.51
play,7,1,518466,,,S5/G.1-2,106.43,184.74
play,7,1,542546,,,46(1)3/GDP/G4,135.54,171.69
play,8,0,573001,,,K23
play,8,0,596306,,,8/F,141.57,105.42
play,8,0,571461,,,W
play,8,0,524188,,,WP.1-2
play,8,0,524188,,,S9/F.2-H;BX2(926),165.66,141.57
play,8,1,573095,,,NP
sub,598859,Jake Ramsey,0,0,1
play,8,1,573095,,,S9/L,162.65,146.59
play,8,1,500726,,,6(B)63(1)/LDP,118.47,168.67
play,8,1,595400,,,63/G,114.46,168.67
play,9,0,572935,,,NP
sub,598217,Michael Vitale,1,0,1
play,9,0,572935,,,5/PF,99.40,196.79
play,9,0,542503,,,K
play,9,0,519214,,,63/G,116.47,171.69
play,9,1,462088,,,HP
play,9,1,571708,,,NP
sub,517539,Ramon Morla,1,4,11
play,9,1,517539,,,S6/G.1-2,117.47,171.69
play,9,1,515055,,,K
play,9,1,595351,,,WP.1-2;2-3
play,9,1,595351,,,PB.2-3;3-H
play,9,1,595351,,,K23.3-H
play,9,1,518466,,,W
play,9,1,542546,,,NP
sub,594856,Daniel Hernandez,0,0,1
play,9,1,542546,,,NP
sub,595143,Matt Browning,1,8,11
play,9,1,595143,,,K
id,PulAPP201008240
info,visteam,BurAPP
info,hometeam,PulAPP
info,date,2010/08/24
start,542371,Luis Piterson,0,1,4
start,594900,Michael Liberto,0,2,6
start,573183,Ryan Stovall,0,3,3
start,596306,Ryan Jenkins,0,4,2
start,524188,Yunior Figueroa,0,5,5
start,543454,Alex Llanos,0,6,8
start,572935,Anthony Howard,0,7,9
start,542503,Edul Escobar,0,8,10
start,573001,Gabe MacDougall,0,9,7
start,594801,Jonathan Dooley,0,0,1
start,500726,Mario Yepez,1,1,8
start,462088,Jetsy Extrano,1,2,6
start,500716,Jorge Agudelo,1,3,5
start,595143,Matt Browning,1,4,3
start,515055,Jose Rivero,1,5,7
start,595400,Jake Schlander,1,6,4
start,518466,Jabari Blash,1,7,9
start,595351,Ethan Paquette,1,8,10
start,542546,Hassiel Jimenez,1,9,2
start,500033,Jessie Nava,1,0,1
play,1,0,542371,,,53/G,109.44,180.72
play,1,0,594900,,,4/P,130.52,178.71
play,1,0,573183,,,S7/G,91.37,113.45
play,1,0,596306,,,D9/L.1-H,187.75,97.39
play,1,0,placeholder,,,PO2(?4)
play,1,1,500726,,,43/G,136.55,175.70
play,1,1,462088,,,K
play,1,1,500716,,,7/F,72.29,112.45
play,2,0,524188,,,K.B-2(E2/TH)
play,2,0,543454,,,S5/BG.2-3,110.44,186.75
play,2,0,572935,,,S9/G.1-2;3-H,216.87,102.41
play,2,0,542503,,,S9/F.1-2;2-H,162.65,105.42
play,2,0,573001,,,54(1)3/GDP/G5.2-3,112.45,186.75
play,2,0,542371,,,6/P,115.46,174.70
play,2,1,595143,,,K
play,2,1,515055,,,W
play,2,1,595400,,,SB2
play,2,1,595400,,,3/G.2-3,135.54,186.75
play,2,1,518466,,,K
play,3,0,594900,,,S6/G,110.44,173.69
play,3,0,573183,,,S6/G.1-2,111.45,170.68
play,3,0,596306,,,63/G.1-2;2-3,101.41,168.67
play,3,0,524188,,,K.B-1(E2/TH)
play,3,0,543454,,,S8/F.1-3;2-H;3-H;B-2,158.63,92.37
play,3,0,572935,,,K
play,3,0,542503,,,63/G,115.46,175.70
play,3,1,595351,,,63/G,113.45,167.67
play,3,1,542546,,,HP
play,3,1,500726,,,D9/L.1-3,166.67,122.49
play,3,1,462088,,,K
play,3,1,500716,,,43/G,139.56,181.73
play,4,0,573001,,,5/L,103.41,178.71
play,4,0,542371,,,S8/G,112.45,90.36
play,4,0,594900,,,BK.1-2
play,4,0,594900,,,W
play,4,0,573183,,,S7/L.1-3;2-H,73.29,106.43
play,4,0,596306,,,NP
sub,500722,Yovanny Olivero,1,0,1
play,4,0,596306,,,64(1)3/GDP/G6,114.46,173.69
play,4,1,595143,,,53/G,112.45,179.72
play,4,1,515055,,,K
play,4,1,595400,,,D7/L,76.31,117.47
play,4,1,518466,,,K
play,5,0,524188,,,S8/L,174.70,87.35
play,5,0,543454,,,K
play,5,0,572935,,,FC6/G.1X2(64);B-1,111.45,173.69
play,5,0,542503,,,K
play,5,1,595351,,,S8/L,128.51,94.38
play,5,1,542546,,,S9/L.1-3,163.65,119.48
play,5,1,500726,,,CS2
play,5,1,500726,,,6/P,113.45,173.69
play,5,1,462088,,,53/G,94.38,181.73
play,6,0,573001,,,NP
sub,500719,Larry Gonzalez,1,9,2
play,6,0,573001,,,9/F,189.76,114.46
play,6,0,542371,,,8/F,131.53,98.39
play,6,0,594900,,,63/G,113.45,178.71
play,6,1,500716,,,NP
sub,571709,Michael Giovenco,0,0,1
play,6,1,500716,,,53/G,106.43,178.71
play,6,1,595143,,,W
play,6,1,515055,,,D7/G.1-3,71.29,112.45
play,6,1,595400,,,3/P,140.56,184.74
play,6,1,518466,,,D9/F.2-H;3-H;BX3(96),171.69,123.49
play,7,0,573183,,,4/P,129.52,176.71
play,7,0,596306,,,S7/L,93.37,96.39
play,7,0,524188,,,WP.1-2
play,7,0,524188,,,7/F,82.33,105.42
play,7,0,543454,,,43/G,136.55,174.70
play,7,1,595351,,,3/P,140.56,186.75
play,7,1,500719,,,53/G,112.45,183.73
play,7,1,500726,,,W
play,7,1,462088,,,S7/G.1-2,101.41,121.49
play,7,1,500716,,,NP
sub,572026,Robert Penny,0,0,1
play,7,1,500716,,,K
play,8,0,572935,,,NP
sub,585391,Preston Vancil,1,0,1
play,8,0,572935,,,K
play,8,0,542503,,,13/G,117.47,193.78
play,8,0,573001,,,4/P,129.52,175.70
play,8,1,595143,,,W
play,8,1,515055,,,S5/BG.1-2,115.46,183.73
play,8,1,595400,,,3/G.1-2;2-3,137.55,184.74
play,8,1,518466,,,D7/G.2-H;3-H,87.35,97.39
play,8,1,595351,,,63/G.2-3,110.44,173.69
play,8,1,500719,,,63/G,106.43,174.70
play,9,0,542371,,,S8/G,99.40,107.43
play,9,0,594900,,,9/F,172.69,113.45
play,9,0,573183,,,CS2
play,9,0,573183,,,S8/G,146.59,81.33
play,9,0,596306,,,3/PF,149.60,198.80
play,9,1,500726,,,63/G,117.47,176.71
play,9,1,462088,,,S5/G,119.48,177.71
play,9,1,500716,,,K
play,9,1,595143,,,53/G,110.44,183.73
id,PulAPP201008290
info,visteam,GreAPP
info,hometeam,PulAPP
info,date,2010/08/29
start,592261,Delino DeShieldsJr.,0,1,8
start,595831,Jonathan Merritt,0,2,6
start,502316,Rafael Valenzuela,0,3,3
start,571981,Telvin Nash,0,4,7
start,592629,Roberto Pena,0,5,2
start,500767,Ricardo Garcia,0,6,4
start,572995,Chris Lovett,0,7,10
start,516430,Emilio King,0,8,9
start,542605,Hector Rodriguez,0,9,5
start,515808,Gabriel Garcia,0,0,1
start,500726,Mario Yepez,1,1,8
start,595400,Jake Schlander,1,2,6
start,500716,Jorge Agudelo,1,3,4
start,517539,Ramon Morla,1,4,5
start,515055,Jose Rivero,1,5,7
start,595143,Matt Browning,1,6,3
start,518466,Jabari Blash,1,7,9
start,500719,Larry Gonzalez,1,8,2
start,462088,Jetsy Extrano,1,9,10
start,500033,Jessie Nava,1,0,1
play,1,0,592261,,,S7/G,76.31,126.51
play,1,0,595831,,,W.1-2
play,1,0,placeholder,,,OA.2X3(25)
play,1,0,502316,,,W.1-2
play,1,0,571981,,,E5.1-2;2-3,105.42,179.72
play,1,0,592629,,,K
play,1,0,500767,,,S8/L.1-2;2-H;3-H,120.48,111.45
play,1,0,572995,,,K
play,1,1,500726,,,63/G,116.47,162.65
play,1,1,595400,,,K23
play,1,1,500716,,,9/F,183.73,111.45
play,2,0,516430,,,9/F,190.76,108.43
play,2,0,542605,,,S9/G,185.74,137.55
play,2,0,592261,,,7/F,71.29,104.42
play,2,0,595831,,,S9/F.1-3,176.71,139.56
play,2,0,502316,,,8/F,119.48,67.27
play,2,1,517539,,,K
play,2,1,515055,,,HR/F,26.10,38.15
play,2,1,595143,,,K
play,2,1,518466,,,4/PF,170.68,183.73
play,3,0,571981,,,W
play,3,0,592629,,,9/F,188.76,107.43
play,3,0,500767,,,13/G.1-2,131.53,196.79
play,3,0,572995,,,K
play,3,1,500719,,,8/F,105.42,85.34
play,3,1,462088,,,D7/F,44.18,113.45
play,3,1,500726,,,FC6.2X3(65),114.46,166.67
play,3,1,595400,,,K
play,4,0,516430,,,K
play,4,0,542605,,,E4.B-2,135.54,161.65
play,4,0,592261,,,PO2(E?).2-3
play,4,0,592261,,,S7/G.3-H,87.35,116.47
play,4,0,595831,,,WP.1-2
play,4,0,595831,,,W
play,4,0,502316,,,NP
sub,585391,Preston Vancil,1,0,1
play,4,0,502316,,,K
play,4,0,571981,,,K
play,4,1,500716,,,K
play,4,1,517539,,,D7/G,59.24,111.45
play,4,1,515055,,,S7/F.2-H,80.32,126.51
play,4,1,595143,,,NP
sub,518514,Garrett Bullock,0,0,1
play,4,1,518466,,,PO1(13)
play,4,1,595143,,,D9/F,172.69,86.35
play,4,1,518466,,,W
play,4,1,500719,,,K
play,5,0,592629,,,7/F,66.27,102.41
play,5,0,500767,,,9/F,190.76,121.49
play,5,0,572995,,,K
play,5,1,462088,,,W
play,5,1,500726,,,3/SH.1-2,148.59,181.73
play,5,1,595400,,,53/G,99.40,184.74
play,5,1,500716,,,WP.2-H(E2/TH)
play,5,1,500716,,,43/G,53.22,124.34
play,6,0,516430,,,K
play,6,0,542605,,,S7/G,65.26,115.46
play,6,0,592261,,,K
play,6,0,595831,,,K
play,6,1,517539,,,D8/G,129.52,66.27
play,6,1,515055,,,SB3
play,6,1,515055,,,K
play,6,1,595143,,,3/P,151.61,178.71
play,6,1,518466,,,S5/G.3-H,101.41,178.71
play,6,1,500719,,,8/F,117.47,79.32
play,7,0,502316,,,7/F,75.30,114.46
play,7,0,571981,,,K
play,7,0,592629,,,7/F,63.25,111.45
play,7,1,462088,,,NP
sub,592651,Rodney Quintero,0,0,1
play,7,1,462088,,,K
play,7,1,500726,,,W
play,7,1,595400,,,PO1(E?).1-3
play,7,1,595400,,,3/G,141.57,182.73
play,7,1,500716,,,S9/F.3-H,185.74,137.55
play,7,1,517539,,,K
play,8,0,500767,,,NP
sub,592827,Benjamin Versnik,1,0,1
play,8,0,500767,,,W
play,8,0,572995,,,K
play,8,0,516430,,,K
play,8,0,542605,,,K
play,8,1,515055,,,S8/L,126.51,128.51
play,8,1,595143,,,8/F,125.50,74.30
play,8,1,518466,,,K+SB2
play,8,1,500719,,,K23
play,9,0,592261,,,NP
sub,542940,Matthew Bischoff,1,0,1
play,9,0,592261,,,K
play,9,0,595831,,,K
play,9,0,502316,,,D7/L,42.17,116.47
play,9,0,571981,,,S9/L.2-H,171.69,128.51
play,9,0,592629,,,NP
sub,572938,Ryan Humphrey,0,4,12
play,9,0,592629,,,K23
id,PulAPP201008300
info,visteam,GreAPP
info,hometeam,PulAPP
info,date,2010/08/30
start,592261,Delino DeShieldsJr.,0,1,8
start,595831,Jonathan Merritt,0,2,6
start,502316,Rafael Valenzuela,0,3,3
start,571981,Telvin Nash,0,4,10
start,504333,Carlos Mojica,0,5,2
start,500767,Ricardo Garcia,0,6,4
start,572938,Ryan Humphrey,0,7,7
start,516430,Emilio King,0,8,9
start,542605,Hector Rodriguez,0,9,5
start,542300,Euris Quezada,0,0,1
start,500726,Mario Yepez,1,1,8
start,573095,Derek Poppert,1,2,4
start,595143,Matt Browning,1,3,3
start,517539,Ramon Morla,1,4,5
start,515055,Jose Rivero,1,5,7
start,571708,Andrew Giobbi,1,6,2
start,518466,Jabari Blash,1,7,9
start,595351,Ethan Paquette,1,8,10
start,595400,Jake Schlander,1,9,6
start,597054,Lance Abbott,1,0,1
play,1,0,592261,,,9/F,169.68,116.47
play,1,0,595831,,,D8/L,91.37,75.30
play,1,0,502316,,,S9/L.2-H,210.84,97.39
play,1,0,571981,,,K
play,1,0,504333,,,SB2
play,1,0,504333,,,63/G,114.46,167.67
play,1,1,500726,,,7/F,69.28,113.45
play,1,1,573095,,,HP
play,1,1,595143,,,K
play,1,1,517539,,,SB2
play,1,1,517539,,,63/G,114.46,169.68
play,2,0,500767,,,HP
play,2,0,572938,,,K
play,2,0,516430,,,43/G.1-2,142.57,165.66
play,2,0,542605,,,S4/G.2-3,133.53,159.64
play,2,0,592261,,,K
play,2,1,515055,,,K
play,2,1,571708,,,K
play,2,1,518466,,,63/G,111.45,169.68
play,3,0,595831,,,6/P,109.44,161.65
play,3,0,502316,,,31/G,152.61,174.70
play,3,0,571981,,,8/F,115.46,81.33
play,3,1,595351,,,9/F,177.71,108.43
play,3,1,595400,,,K
play,3,1,500726,,,S8/L,124.50,95.38
play,3,1,573095,,,K
play,4,0,504333,,,53/G,102.41,177.71
play,4,0,500767,,,S8/L,126.51,99.40
play,4,0,572938,,,K+SB2
play,4,0,516430,,,6/P,113.45,168.67
play,4,1,595143,,,S3/G,147.59,178.71
play,4,1,517539,,,S8/L.1-2,130.52,98.39
play,4,1,515055,,,K
play,4,1,571708,,,S8/L.1-3;2-H;B-2,130.52,94.38
play,4,1,518466,,,53/G,105.42,180.72
play,4,1,595351,,,K
play,5,0,542605,,,53/G,104.42,179.72
play,5,0,592261,,,2/PF,122.49,226.91
play,5,0,595831,,,D8/L,124.50,64.26
play,5,0,502316,,,S9/L.2-H,177.71,118.47
play,5,0,571981,,,K
play,5,1,595400,,,43/G,138.55,167.67
play,5,1,500726,,,D8/L,118.47,65.26
play,5,1,573095,,,K
play,5,1,595143,,,D9/L.2-H,195.78,89.36
play,5,1,517539,,,K
play,6,0,504333,,,NP
sub,500722,Yovanny Olivero,1,0,1
play,6,0,504333,,,K
play,6,0,500767,,,S7/G,77.31,120.48
play,6,0,572938,,,K
play,6,0,516430,,,8/F,123.49,86.35
play,6,1,515055,,,NP
sub,592225,Ryan Cole,0,0,1
play,6,1,515055,,,3/G,149.60,179.72
play,6,1,571708,,,13/G,125.50,191.77
play,6,1,518466,,,K
play,7,0,542605,,,63/G,113.45,167.67
play,7,0,592261,,,813/L,123.49,62.25
play,7,0,595831,,,K
play,7,1,595351,,,HP
play,7,1,595400,,,WP.1-2
play,7,1,595400,,,K
play,7,1,500726,,,HR/L.2-H,189.76,66.27
play,7,1,573095,,,K
play,7,1,595143,,,53/G,105.42,179.72
play,8,0,502316,,,NP
sub,594842,Tim Griffin,1,0,1
play,8,0,502316,,,43/G,141.57,164.66
play,8,0,571981,,,K+WP.B-1
play,8,0,504333,,,D8/F.1-3,111.45,68.27
play,8,0,500767,,,13/G,124.50,190.76
play,8,0,572938,,,K
play,8,1,517539,,,NP
sub,574988,Philip Rorabaugh,0,0,1
play,8,1,517539,,,HR/L,39.16,85.34
play,8,1,515055,,,K
play,8,1,571708,,,W
play,8,1,518466,,,HR/L.1-H,188.76,63.25
play,8,1,595351,,,HR/L,21.08,104.42
play,8,1,595400,,,7/F,74.30,112.45
play,8,1,500726,,,13/G,124.50,195.78
play,9,0,516430,,,NP
sub,544731,Yao Wen Chang,1,0,1
play,9,0,516430,,,D9/F,194.78,96.39
play,9,0,542605,,,4/P,137.55,166.67
play,9,0,592261,,,W
play,9,0,595831,,,HR/L.1-H;2-H,39.16,82.33
play,9,0,502316,,,K
play,9,0,571981,,,HR/F,210.84,74.30
play,9,0,504333,,,K
id,PulAPP201008310
info,visteam,GreAPP
info,hometeam,PulAPP
info,date,2010/08/31
start,592261,Delino DeShieldsJr.,0,1,8
start,595831,Jonathan Merritt,0,2,6
start,502316,Rafael Valenzuela,0,3,3
start,571981,Telvin Nash,0,4,10
start,500767,Ricardo Garcia,0,5,4
start,504333,Carlos Mojica,0,6,2
start,516430,Emilio King,0,7,9
start,516429,Ricardo Heredia,0,8,7
start,542605,Hector Rodriguez,0,9,5
start,592314,Michael Foltynewicz,0,0,1
start,573095,Derek Poppert,1,1,7
start,595400,Jake Schlander,1,2,6
start,500716,Jorge Agudelo,1,3,4
start,517539,Ramon Morla,1,4,10
start,515055,Jose Rivero,1,5,8
start,462088,Jetsy Extrano,1,6,5
start,518466,Jabari Blash,1,7,9
start,595351,Ethan Paquette,1,8,3
start,542546,Hassiel Jimenez,1,9,2
start,570798,Richard Vargas,1,0,1
play,1,0,592261,,,S8/G,117.47,82.33
play,1,0,595831,,,PB.1-2
play,1,0,595831,,,W
play,1,0,502316,,,K
play,1,0,571981,,,SB3
play,1,0,571981,,,S9/G.1-2;3-H,173.69,118.47
play,1,0,500767,,,W.1-2;2-3
play,1,0,504333,,,K
play,1,0,516430,,,K
play,1,1,573095,,,43/G,133.53,168.67
play,1,1,595400,,,S9/L,170.68,117.47
play,1,1,500716,,,5/P,101.41,175.70
play,1,1,517539,,,K
play,2,0,516429,,,63/G,124.50,164.66
play,2,0,542605,,,53/G,99.40,181.73
play,2,0,592261,,,S7/G,74.30,129.52
play,2,0,595831,,,K
play,2,1,515055,,,S5/BG,113.45,189.76
play,2,1,462088,,,3/SH.1-2,136.55,193.78
play,2,1,518466,,,W
play,2,1,595351,,,CS3;.1-2
play,2,1,595351,,,43/G,136.55,171.69
play,3,0,502316,,,S9/G,187.75,116.47
play,3,0,571981,,,K
play,3,0,500767,,,8/F,120.48,96.39
play,3,0,504333,,,3/G,147.59,185.74
play,3,1,542546,,,63/G,111.45,165.66
play,3,1,573095,,,S4/G,133.53,166.67
play,3,1,595400,,,64(1)3/GDP/G6,115.46,170.68
play,4,0,516430,,,W
play,4,0,516429,,,PB.1-2
play,4,0,516429,,,31/G.2-3,148.59,179.72
play,4,0,542605,,,6/P,111.45,170.68
play,4,0,592261,,,K
play,4,1,500716,,,K
play,4,1,517539,,,K
play,4,1,515055,,,K
play,5,0,595831,,,HP
play,5,0,502316,,,WP.1-2
play,5,0,502316,,,S8/G.2-H,117.47,72.29
play,5,0,571981,,,NP
sub,586512,Seon Gi Kim,1,0,1
play,5,0,571981,,,S7/G.1-2,69.28,116.47
play,5,0,500767,,,3/G.1-2;2-3,137.55,194.78
play,5,0,504333,,,K
play,5,0,516430,,,K+WP.2-3;3-H;B-1
play,5,0,516429,,,K23
play,5,1,462088,,,8/F,117.47,85.34
play,5,1,518466,,,D9/F,166.67,122.49
play,5,1,595351,,,WP.2-3
play,5,1,595351,,,HP
play,5,1,542546,,,S8/F.1-2;3-H,126.51,78.31
play,5,1,573095,,,FC6/G.1X2(64);2-3;B-1,112.45,168.67
play,5,1,595400,,,NP
sub,595224,Paul Gerrish,0,0,1
play,5,1,595400,,,SB2
play,5,1,500716,,,PO3(25)
play,6,0,542605,,,K
play,6,0,592261,,,W
play,6,0,595831,,,K
play,6,0,502316,,,SB2
play,6,0,502316,,,K
play,6,1,595400,,,63/G,116.47,174.70
play,6,1,500716,,,HP
play,6,1,517539,,,9/F.?X?(93),174.70,126.51
play,7,0,571981,,,63/G,118.47,170.68
play,7,0,500767,,,K
play,7,0,504333,,,3/PF,161.65,188.76
play,7,1,515055,,,4/L,141.57,172.69
play,7,1,462088,,,K
play,7,1,518466,,,S7/L,74.30,124.50
play,7,1,595351,,,43/G,129.52,168.67
play,8,0,516430,,,NP
sub,598217,Michael Vitale,1,0,1
play,8,0,516430,,,3/P,148.59,186.75
play,8,0,516429,,,S9/L,167.67,116.47
play,8,0,542605,,,S7/G.1-2,87.35,118.47
play,8,0,592261,,,WP.1-2;2-3
play,8,0,592261,,,53/G.3-H,101.41,175.70
play,8,0,595831,,,S9/F.2-H,166.67,94.38
play,8,0,502316,,,53/G,100.40,173.69
play,8,1,542546,,,K
play,8,1,573095,,,K
play,8,1,595400,,,K
play,9,0,571981,,,NP
sub,592827,Benjamin Versnik,1,0,1
play,9,0,571981,,,K
play,9,0,500767,,,D8/L,150.60,88.35
play,9,0,504333,,,K
play,9,0,516430,,,K
play,9,1,500716,,,NP
sub,572173,Brian Streilein,0,0,1
play,9,1,500716,,,E4,130.52,168.67
play,9,1,517539,,,WP.1-2
play,9,1,517539,,,63/G,119.48,169.68
play,9,1,515055,,,K+WP.B-1
play,9,1,462088,,,S8/G.1-2;2-H,130.52,73.29
play,9,1,518466,,,K
play,9,1,595351,,,PB.1-2;2-3
play,9,1,595351,,,63/G,113.45,161.65
id,PulAPP201009020
info,visteam,EliAPP
info,hometeam,PulAPP
info,date,2010/09/02
start,594849,Jamaal Hawkins,0,1,6
start,573121,Nate Roberts,0,2,7
start,542455,Oswaldo Arcia,0,3,8
start,592184,Brian Burke,0,4,3
start,543611,Daniel Ortiz,0,5,9
start,594896,Andy Leer,0,6,5
start,571861,Kyle Knudson,0,7,2
start,516612,Jhonatan Arias,0,8,10
start,475774,Gunner Glad,0,9,4
start,543297,B. J. Hermsen,0,0,1
start,500726,Mario Yepez,1,1,8
start,462088,Jetsy Extrano,1,2,10
start,517539,Ramon Morla,1,3,5
start,595143,Matt Browning,1,4,3
start,500716,Jorge Agudelo,1,5,4
start,515055,Jose Rivero,1,6,7
start,518466,Jabari Blash,1,7,9
start,571708,Andrew Giobbi,1,8,2
start,595400,Jake Schlander,1,9,6
start,595138,Timothy Boyce,1,0,1
play,1,0,594849,,,K
play,1,0,573121,,,13/G,128.51,190.76
play,1,0,542455,,,9/L,182.73,113.45
play,1,1,500726,,,K
play,1,1,462088,,,9/F,201.81,117.47
play,1,1,517539,,,63/G,110.44,171.69
play,2,0,592184,,,K
play,2,0,543611,,,S8/G,122.49,105.42
play,2,0,594896,,,6/P,114.46,158.63
play,2,0,571861,,,K
play,2,1,595143,,,S7/G,75.30,119.48
play,2,1,500716,,,K
play,2,1,515055,,,54(1)3/GDP/G5,104.42,178.71
play,3,0,516612,,,K
play,3,0,475774,,,8/F,118.47,79.32
play,3,0,594849,,,S7/F,69.28,120.48
play,3,0,573121,,,D9/L.1-3,209.84,121.49
play,3,0,542455,,,53/G,111.45,182.73
play,3,1,518466,,,7/F,63.25,113.45
play,3,1,571708,,,S9/L,185.74,108.43
play,3,1,595400,,,64(1)3/GDP/G6,111.45,168.67
play,4,0,592184,,,K
play,4,0,543611,,,63/G,109.44,165.66
play,4,0,594896,,,6/L,115.46,174.70
play,4,1,500726,,,S8/G,118.47,89.36
play,4,1,462088,,,3/SH.1-2,141.57,196.79
play,4,1,517539,,,WP.2-3
play,4,1,517539,,,E5.3-H,99.40,172.69
play,4,1,595143,,,53/G.1-2,108.43,187.75
play,4,1,500716,,,SB3
play,4,1,500716,,,63/G,114.46,166.67
play,5,0,571861,,,K.B-1(E2/TH)
play,5,0,516612,,,PO1(E?).1-2
play,5,0,516612,,,K
play,5,0,475774,,,31/G.2-3,147.59,173.69
play,5,0,594849,,,4/P,137.55,160.64
play,5,1,515055,,,K
play,5,1,518466,,,8/F,118.47,80.32
play,5,1,571708,,,7/F,65.26,115.46
play,6,0,573121,,,K
play,6,0,542455,,,63/G,109.44,167.67
play,6,0,592184,,,S8/L,115.46,83.33
play,6,0,543611,,,S9/L.1-2,179.72,123.49
play,6,0,594896,,,S9/G.2-H;BX2(254),175.70,120.48
play,6,1,595400,,,S8/G,122.49,106.43
play,6,1,500726,,,14/SH.1-2,138.55,200.80
play,6,1,462088,,,K
play,6,1,517539,,,K
play,7,0,571861,,,NP
sub,585391,Preston Vancil,1,0,1
play,7,0,571861,,,D9/F,208.84,116.47
play,7,0,516612,,,K
play,7,0,475774,,,53/G,106.43,184.74
play,7,0,594849,,,13/G,126.51,191.77
play,7,1,595143,,,8/F,115.46,83.33
play,7,1,500716,,,13/G,128.51,191.77
play,7,1,515055,,,2/PF,123.49,220.88
play,8,0,573121,,,NP
sub,542940,Matthew Bischoff,1,0,1
play,8,0,573121,,,S8/L,116.47,95.38
play,8,0,542455,,,13/G.1-2,121.49,189.76
play,8,0,592184,,,K
play,8,0,543611,,,K
play,8,1,518466,,,NP
sub,493556,David Gutierrez,0,0,1
play,8,1,518466,,,S9/L,186.75,120.48
play,8,1,571708,,,3/BP,135.54,197.79
play,8,1,595400,,,64(1)3/GDP/G6,113.45,173.69
play,9,0,594896,,,4/P,140.56,164.66
play,9,0,571861,,,K
play,9,0,516612,,,K
play,9,1,500726,,,43/G,135.54,168.67
play,9,1,462088,,,63/G,110.44,166.67
play,9,1,517539,,,K
play,10,0,475774,,,S8/G,116.47,95.38
play,10,0,594849,,,13/SH.1-2,126.51,199.80
play,10,0,573121,,,HP
play,10,0,542455,,,S8/G.1-3;2-H,120.48,95.38
play,10,0,592184,,,S4/G.1-2;3-H,138.55,162.65
play,10,0,543611,,,5/PF,86.35,181.73
play,10,0,594896,,,D8/L.1-H;2-H,111.45,60.24
play,10,0,571861,,,NP
sub,500722,Yovanny Olivero,1,0,1
play,10,0,571861,,,D8/L.2-H,124.50,76.31
play,10,0,516612,,,63/G,111.45,171.69
play,10,1,595143,,,NP
sub,542561,Jose Gonzalez,0,0,1
play,10,1,595143,,,HR/F,185.74,61.24
play,10,1,500716,,,HR/F,32.13,69.28
play,10,1,515055,,,4/P,135.54,159.64
play,10,1,518466,,,HP
play,10,1,571708,,,NP
sub,573095,Derek Poppert,1,7,12
play,10,1,571708,,,K
play,10,1,595400,,,K
